2020/2020ApJ...890...97A/VER-000049-lc-4.ecsv
# %ECSV 0.9
# ---
# datatype:
# - {name: time, unit: MJD, datatype: float64, description: time bin center}
# - {name: time_bin, unit: d, datatype: float64, description: time bin width}
# - {name: flux, unit: cm-2 s-1, datatype: float64, description: photon flux}
# - {name: flux_err, unit: cm-2 s-1, datatype: float64, description: photon flux 1-sigma error 600 GeV and 30000 GeV}
# - {name: e_min, unit: TeV, datatype: float64, description: energy threshold for flux calculation 600 GeV and 30000 GeV}
# - {name: e_max, unit: TeV, datatype: float64, description: energy (max) threshold for flux calculation}
# meta: !!omap
# - {data_type: lc}
# - source_id: 49
# - file_id: 4
# - reference_id: 2020ApJ...890...97A
# - {telescope: veritas}
# - comments:
#       [Figures 2 (Figure 7), 2-minute bins, 'only 110GeV-30TeV
#       light curve is used in Figure 2, the rest are used only to calculate
#       F_var values in the right panel of Figure 7']
# - mjd: {max: 55244.4110418, min: 55244.3097}
time time_bin flux flux_err e_min e_max
55244.311042    0.0013888        6.740474e-10    7.966196e-11    0.600 30.
55244.312431    0.0013888        7.495853e-10    8.591551e-11    0.600 30.
55244.313819    0.0013888       8.342931e-10    9.096355e-11     0.600 30.
55244.315208    0.0013888        7.15657e-10    8.372523e-11     0.600 30.
55244.316597    0.0013888        8.215159e-10    8.969375e-11    0.600 30.
55244.317986    0.0013888        7.608847e-10    8.726849e-11    0.600 30.
55244.319375    0.0013888        9.488642e-10    9.743663e-11    0.600 30.
55244.320764    0.0013888        1.013426e-09    1.010836e-10    0.600 30.
55244.322153    0.0013888       1.040112e-09    1.022489e-10     0.600 30.
55244.323542    0.0013888        7.15891e-10    8.444571e-11     0.600 30.
55244.324931    0.0013888        7.600721e-10    1.082942e-10    0.600 30.
55244.326319    0.0013888        9.646798e-10    9.738267e-11    0.600 30.
55244.327708    0.0013888        9.098031e-10    9.393973e-11    0.600 30.
55244.329097    0.0013888       6.967184e-10    8.364265e-11     0.600 30.
55244.330486    0.0013888        8.111908e-10    9.093047e-11    0.600 30.
55244.331875    0.0013888      7.371518e-10    8.619069e-11      0.600 30.
55244.333264    0.0013888        9.443758e-10    9.658286e-11    0.600 30.
55244.334653    0.0013888        7.3626e-10    8.698061e-11      0.600 30.
55244.336042    0.0013888      9.202699e-10    9.901474e-11      0.600 30.
55244.337431    0.0013888        7.665627e-10    8.805697e-11    0.600 30.
55244.338819    0.0013888        1.009066e-09    1.249122e-10    0.600 30.
55244.340208    0.0013888        1.018965e-09    1.019147e-10    0.600 30.
55244.341597    0.0013888        1.030041e-09    1.034166e-10    0.600 30.
55244.342986    0.0013888       8.624146e-10    9.559316e-11     0.600 30.
55244.344375    0.0013888       8.5616e-10    9.391576e-11      0.600 30.
55244.345764    0.0013888       8.308562e-10    9.220084e-11     0.600 30.
55244.347153    0.0013888        1.070288e-09    1.058685e-10    0.600 30.
55244.348542    0.0013888        9.149278e-10    9.73872e-11     0.600 30.
55244.349931    0.0013888       5.758832e-10    7.797764e-11     0.600 30.
55244.351319    0.0013888       8.687022e-10    9.505162e-11     0.600 30.
55244.352708    0.0013888      7.127904e-10    9.830258e-11      0.600 30.
55244.354097    0.0013888        7.093167e-10    8.760777e-11    0.600 30.
55244.355486    0.0013888        8.990974e-10    9.767609e-11    0.600 30.
55244.356875    0.0013888       8.475667e-10    9.389495e-11     0.600 30.
55244.358264    0.0013888       7.08698e-10    8.626724e-11      0.600 30.
55244.359653    0.0013888       7.052811e-10    8.59035e-11      0.600 30.
55244.361042    0.0013888        7.545822e-10    8.97167e-11     0.600 30.
55244.362431    0.0013888        8.660684e-10    9.586783e-11    0.600 30.
55244.363819    0.0013888      5.271343e-10    7.423818e-11      0.600 30.
55244.365208    0.0013888        6.494016e-10    8.26771e-11     0.600 30.
55244.366597    0.0013888       6.24188e-10    8.037462e-11      0.600 30.
55244.367986    0.0013888       5.817688e-10    1.230193e-10     0.600 30.
55244.369375    0.0013888        5.487513e-10    7.625012e-11    0.600 30.
55244.370764    0.0013888        6.95185e-10    8.436257e-11     0.600 30.
55244.372153    0.0013888       5.674736e-10    7.697795e-11     0.600 30.
55244.373542    0.0013888       5.055453e-10    7.318864e-11     0.600 30.
55244.374931    0.0013888       6.744056e-10    8.419965e-11     0.600 30.
55244.376319    0.0013888        5.845645e-10    7.896815e-11    0.600 30.
55244.377708    0.0013888       7.126892e-10    8.633487e-11     0.600 30.
55244.379097    0.0013888     4.844145e-10    6.986481e-11    0.600 30.
55244.380486    0.0013888    6.913119e-10    8.554089e-11    0.600 30.
55244.381875    0.0013888        6.347076e-10    8.106567e-11    0.600 30.
55244.383264    0.0013888        5.566096e-10    7.612925e-11    0.600 30.
55244.384653    0.0013888        6.533222e-10    8.229496e-11    0.600 30.
55244.386042    0.0013888       7.197264e-10    8.621925e-11     0.600 30.
55244.387431    0.0013888        6.1439e-10    8.004767e-11      0.600 30.
55244.388819    0.0013888       6.399238e-10    9.930803e-11     0.600 30.
55244.390208    0.0013888     6.368592e-10    8.177519e-11     0.600 30.
55244.391597    0.0013888       5.089072e-10    7.291957e-11     0.600 30.
55244.392986    0.0013888        7.440852e-10    8.729777e-11    0.600 30.
55244.394375    0.0013888        7.434267e-10    8.735528e-11    0.600 30.
55244.395764    0.0013888       6.021713e-10    7.934297e-11     0.600 30.
55244.397153    0.0013888        7.938033e-10    8.993022e-11    0.600 30.
55244.398542    0.0013888        7.161376e-10    8.549949e-11    0.600 30.
55244.399931    0.0013888        7.211979e-10    8.382248e-11    0.600 30.
55244.401319    0.0013888        4.839892e-10    6.986255e-11    0.600 30.
55244.402708    0.0013888       5.42388e-10    7.268143e-11      0.600 30.
55244.404097    0.0013888      6.900203e-10    8.28074e-11    0.600 30.
55244.405486    0.0013888     5.550339e-10    7.412806e-11   0.600 30.
55244.406875    0.0013888       5.184699e-10    7.101381e-11     0.600 30.
55244.408264    0.0013888        4.360423e-10    6.591795e-11    0.600 30.
55244.409653    0.0013888      6.142906e-10    7.725732e-11      0.600 30.
