2020/2020ApJ...890...97A/VER-000049-lc-7.ecsv
# %ECSV 0.9
# ---
# datatype:
# - {name: time, unit: MJD, datatype: float64, description: time bin center}
# - {name: time_bin, unit: d, datatype: float64, description: time bin width}
# - {name: flux, unit: cm-2 s-1, datatype: float64, description: photon flux}
# - {name: flux_err, unit: cm-2 s-1, datatype: float64, description: photon flux 1-sigma error}
# - {name: e_min, unit: TeV, datatype: float64, description: energy threshold for flux calculation}
# meta: !!omap
# - {data_type: lc}
# - source_id: 49
# - file_id: 7
# - reference_id: 2020ApJ...890...97A
# - {telescope: veritas}
# - comments: [Figure 4, 2-min time bins]
# - mjd: {max: 55244.5333, min: 55244.3097}
time time_bin flux flux_err e_min
55244.31104 0.0013888 1.00685e-09 1.02890e-10 0.42
55244.31243 0.0013888 1.17908e-09 1.12991e-10 0.42
55244.31382 0.0013888 1.11021e-09 1.07694e-10 0.42
55244.31521 0.0013888 1.09898e-09 1.07689e-10 0.42
55244.3166 0.0013888 1.14644e-09 1.09832e-10 0.42
55244.31799 0.0013888 1.13325e-09 1.09914e-10 0.42
55244.31937 0.0013888 1.28390e-09 1.16375e-10 0.42
55244.32076 0.0013888 1.33277e-09 1.18026e-10 0.42
55244.32215 0.0013888 1.42727e-09 1.22103e-10 0.42
55244.32354 0.0013888 1.04430e-09 1.05467e-10 0.42
55244.32493 0.0013888 1.21765e-09 1.44041e-10 0.42
55244.32632 0.0013888 1.23881e-09 1.12209e-10 0.42
55244.32771 0.0013888 1.07276e-09 1.02926e-10 0.42
55244.3291 0.0013888 1.07506e-09 1.08002e-10 0.42
55244.33049 0.0013888 9.34882e-10 9.66828e-11 0.42
55244.33188 0.0013888 1.04300e-09 1.04623e-10 0.42
55244.33326 0.0013888 1.13327e-09 1.06854e-10 0.42
55244.33465 0.0013888 1.10219e-09 1.09434e-10 0.42
55244.33604 0.0013888 1.18457e-09 1.13055e-10 0.42
55244.33743 0.0013888 1.06644e-09 1.05699e-10 0.42
55244.33882 0.0013888 1.28655e-09 1.41104e-10 0.42
55244.34021 0.0013888 1.35386e-09 1.19131e-10 0.42
55244.3416 0.0013888 1.37725e-09 1.20920e-10 0.42
55244.34299 0.0013888 1.21768e-09 1.14904e-10 0.42
55244.34438 0.0013888 1.31265e-09 1.19007e-10 0.42
55244.34576 0.0013888 1.16061e-09 1.10591e-10 0.42
55244.34715 0.0013888 1.44216e-09 1.23680e-10 0.42
55244.34854 0.0013888 1.25576e-09 1.14930e-10 0.42
55244.34993 0.0013888 9.49718e-10 1.01951e-10 0.42
55244.35132 0.0013888 1.13928e-09 1.09411e-10 0.42
55244.35271 0.0013888 1.05166e-09 1.20936e-10 0.42
55244.3541 0.0013888 1.05826e-09 1.08693e-10 0.42
55244.35549 0.0013888 1.15522e-09 1.10025e-10 0.42
55244.35687 0.0013888 1.04222e-09 1.03596e-10 0.42
55244.35826 0.0013888 9.68319e-10 1.01193e-10 0.42
55244.35965 0.0013888 9.16796e-10 9.83372e-11 0.42
55244.36104 0.0013888 8.20775e-10 9.18216e-11 0.42
55244.36243 0.0013888 1.10069e-09 1.07761e-10 0.42
55244.36382 0.0013888 7.82994e-10 9.15741e-11 0.42
55244.36521 0.0013888 1.02006e-09 1.05402e-10 0.42
55244.3666 0.0013888 7.88539e-10 9.01597e-11 0.42
55244.36799 0.0013888 7.27739e-10 1.35674e-10 0.42
55244.36938 0.0013888 8.11153e-10 9.37532e-11 0.42
55244.37076 0.0013888 8.66099e-10 9.37577e-11 0.42
55244.37215 0.0013888 7.50362e-10 8.87388e-11 0.42
55244.37354 0.0013888 7.35778e-10 8.87003e-11 0.42
55244.37493 0.0013888 9.37734e-10 1.00268e-10 0.42
55244.37632 0.0013888 8.24756e-10 9.40959e-11 0.42
55244.37771 0.0013888 9.14152e-10 9.75212e-11 0.42
55244.3791 0.0013888 6.29905e-10 8.07594e-11 0.42
55244.38049 0.0013888 9.08784e-10 9.79380e-11 0.42
55244.38187 0.0013888 8.84941e-10 9.66621e-11 0.42
55244.38326 0.0013888 9.07165e-10 9.89756e-11 0.42
55244.38465 0.0013888 8.31208e-10 9.31689e-11 0.42
55244.38604 0.0013888 1.03870e-09 1.05797e-10 0.42
55244.38743 0.0013888 7.73678e-10 8.99248e-11 0.42
55244.38882 0.0013888 7.76603e-10 1.09610e-10 0.42
55244.39021 0.0013888 7.92399e-10 9.26204e-11 0.42
55244.3916 0.0013888 7.80183e-10 9.24397e-11 0.42
55244.39299 0.0013888 9.14089e-10 9.74241e-11 0.42
55244.39438 0.0013888 1.02888e-09 1.05014e-10 0.42
55244.39576 0.0013888 8.58272e-10 9.70029e-11 0.42
55244.39715 0.0013888 1.14245e-09 1.10494e-10 0.42
55244.39854 0.0013888 1.13669e-09 1.11095e-10 0.42
55244.39993 0.0013888 9.77863e-10 1.00223e-10 0.42
55244.40132 0.0013888 7.43662e-10 8.95605e-11 0.42
55244.40271 0.0013888 7.71704e-10 9.07215e-11 0.42
55244.4041 0.0013888 9.49112e-10 1.00134e-10 0.42
55244.40549 0.0013888 7.97868e-10 9.21732e-11 0.42
55244.40688 0.0013888 7.70125e-10 9.05514e-11 0.42
55244.40826 0.0013888 6.25923e-10 8.16222e-11 0.42
55244.40965 0.0013888 8.71392e-10 9.58945e-11 0.42
55244.41104 0.0013888 6.21918e-10 1.12635e-10 0.42
55244.41243 0.0013888 7.14661e-10 8.62578e-11 0.42
55244.41382 0.0013888 6.56468e-10 8.20916e-11 0.42
55244.41521 0.0013888 9.16205e-10 9.81483e-11 0.42
55244.4166 0.0013888 6.44635e-10 8.71390e-11 0.42
55244.41799 0.0013888 6.01977e-10 8.05734e-11 0.42
55244.41937 0.0013888 6.27231e-10 7.88004e-11 0.42
55244.42076 0.0013888 5.93255e-10 7.82245e-11 0.42
55244.42215 0.0013888 7.13060e-10 8.55394e-11 0.42
55244.42354 0.0013888 9.05270e-10 9.79879e-11 0.42
55244.42493 0.0013888 7.34179e-10 8.90005e-11 0.42
55244.42632 0.0013888 7.11361e-10 8.83683e-11 0.42
55244.42771 0.0013888 8.02431e-10 9.16853e-11 0.42
55244.4291 0.0013888 8.38239e-10 9.43291e-11 0.42
55244.43049 0.0013888 5.43598e-10 7.44324e-11 0.42
55244.43188 0.0013888 6.22512e-10 1.06088e-10 0.42
55244.43326 0.0013888 6.02337e-10 8.46370e-11 0.42
55244.43465 0.0013888 5.85349e-10 7.81474e-11 0.42
55244.43604 0.0013888 5.44060e-10 7.43692e-11 0.42
55244.43743 0.0013888 6.04620e-10 8.02458e-11 0.42
55244.43882 0.0013888 5.46622e-10 7.34748e-11 0.42
55244.44021 0.0013888 5.25619e-10 7.39227e-11 0.42
55244.4416 0.0013888 4.61517e-10 6.92668e-11 0.42
55244.44299 0.0013888 7.53973e-10 8.68722e-11 0.42
55244.44437 0.0013888 6.88237e-10 8.46180e-11 0.42
55244.44576 0.0013888 5.95795e-10 7.73970e-11 0.42
55244.44715 0.0013888 7.15010e-10 8.49270e-11 0.42
55244.44854 0.0013888 5.84797e-10 7.58782e-11 0.42
55244.44993 0.0013888 6.93396e-10 8.44363e-11 0.42
55244.45132 0.0013888 6.75262e-10 7.97034e-11 0.42
55244.45271 0.0013888 8.03515e-10 8.92554e-11 0.42
55244.4541 0.0013888 6.80652e-10 1.09627e-10 0.42
55244.45549 0.0013888 7.82352e-10 8.94207e-11 0.42
55244.45688 0.0013888 7.20927e-10 8.44045e-11 0.42
55244.45826 0.0013888 8.56471e-10 9.02375e-11 0.42
55244.45965 0.0013888 6.70732e-10 8.34179e-11 0.42
55244.46104 0.0013888 6.71158e-10 7.78116e-11 0.42
55244.46243 0.0013888 7.36372e-10 8.42068e-11 0.42
55244.46382 0.0013888 6.30408e-10 7.89531e-11 0.42
55244.46521 0.0013888 7.93964e-10 8.86371e-11 0.42
55244.4666 0.0013888 7.49201e-10 8.35538e-11 0.42
55244.46799 0.0013888 6.98607e-10 8.12804e-11 0.42
55244.46938 0.0013888 8.74449e-10 9.01610e-11 0.42
55244.47076 0.0013888 7.64475e-10 8.73108e-11 0.42
55244.47215 0.0013888 9.28409e-10 9.55353e-11 0.42
55244.47354 0.0013888 6.22038e-10 7.44329e-11 0.42
55244.47493 0.0013888 8.22232e-10 1.13174e-10 0.42
55244.47632 0.0013888 7.04487e-10 8.13552e-11 0.42
55244.47771 0.0013888 7.75534e-10 8.62056e-11 0.42
55244.4791 0.0013888 8.41560e-10 9.10171e-11 0.42
55244.48049 0.0013888 8.51554e-10 9.18003e-11 0.42
55244.48187 0.0013888 6.91220e-10 8.21128e-11 0.42
55244.48326 0.0013888 8.92106e-10 9.23022e-11 0.42
55244.48465 0.0013888 8.17560e-10 9.10523e-11 0.42
55244.48604 0.0013888 7.46451e-10 8.69275e-11 0.42
55244.48743 0.0013888 8.10946e-10 8.76860e-11 0.42
55244.48882 0.0013888 7.68752e-10 9.06898e-11 0.42
55244.49021 0.0013888 8.98330e-10 9.35907e-11 0.42
55244.4916 0.0013888 6.59278e-10 7.67629e-11 0.42
55244.49299 0.0013888 8.81513e-10 9.49881e-11 0.42
55244.49438 0.0013888 9.74278e-10 9.88860e-11 0.42
55244.49576 0.0013888 9.50091e-10 1.00466e-10 0.42
55244.49715 0.0013888 8.94204e-10 1.12534e-10 0.42
55244.49854 0.0013888 9.19100e-10 9.69306e-11 0.42
55244.49993 0.0013888 1.00580e-09 1.03494e-10 0.42
55244.50132 0.0013888 9.20035e-10 9.78334e-11 0.42
55244.50271 0.0013888 1.05163e-09 1.05265e-10 0.42
55244.5041 0.0013888 9.76904e-10 9.96955e-11 0.42
55244.50549 0.0013888 8.63722e-10 9.58941e-11 0.42
55244.50687 0.0013888 9.64861e-10 9.84911e-11 0.42
55244.50826 0.0013888 9.67746e-10 1.02968e-10 0.42
55244.50965 0.0013888 1.16323e-09 1.12198e-10 0.42
55244.51104 0.0013888 1.14195e-09 1.12201e-10 0.42
55244.51243 0.0013888 1.03460e-09 1.07397e-10 0.42
55244.51382 0.0013888 1.19839e-09 1.18806e-10 0.42
55244.51521 0.0013888 1.08670e-09 1.09227e-10 0.42
55244.5166 0.0013888 1.06479e-09 1.15098e-10 0.42
55244.51799 0.0013888 1.02657e-09 1.24784e-10 0.42
55244.51937 0.0013888 9.83148e-10 1.08516e-10 0.42
55244.52076 0.0013888 1.00530e-09 1.13634e-10 0.42
55244.52215 0.0013888 1.15385e-09 1.25940e-10 0.42
55244.52354 0.0013888 1.31764e-09 1.34296e-10 0.42
55244.52493 0.0013888 1.42710e-09 1.42218e-10 0.42
55244.52632 0.0013888 9.82099e-10 1.17609e-10 0.42
55244.52771 0.0013888 1.13530e-09 1.36427e-10 0.42
55244.5291 0.0013888 1.25085e-09 1.41162e-10 0.42
55244.53049 0.0013888 9.16888e-10 1.30518e-10 0.42
55244.53188 0.0013888 1.22860e-09 2.08952e-10 0.42
