2020/2020ApJ...890...97A/VER-000049-lc-2.ecsv
# %ECSV 0.9
# ---
# datatype:
# - {name: time, unit: MJD, datatype: float64, description: time bin center}
# - {name: time_bin, unit: d, datatype: float64, description: time bin width}
# - {name: flux, unit: cm-2 s-1, datatype: float64, description: photon flux between 110 GeV and 250 GeV}
# - {name: flux_err, unit: cm-2 s-1, datatype: float64, description: photon flux 1-sigma error between 110 GeV and 250 GeV}
# - {name: e_min, unit: TeV, datatype: float64, description: energy (min) threshold for flux calculation}
# - {name: e_max, unit: TeV, datatype: float64, description: energy (max) threshold for flux calculation}
# meta: !!omap
# - {data_type: lc}
# - source_id: 49
# - file_id: 2
# - reference_id: 2020ApJ...890...97A
# - {telescope: veritas}
# - comments:
#       [Figures 2 (Figure 7), 2-minute bins, 'only 110GeV-30TeV
#       light curve is used in Figure 2, the rest are used only to calculate
#       F_var values in the right panel of Figure 7']
# - mjd: {max: 55244.4110418, min: 55244.3097}
time time_bin flux flux_err e_min e_max
55244.311042 0.0013888 2.578931e-09 3.914599e-10   0.110  0.250
55244.312431 0.0013888 2.988309e-09 4.112691e-10   0.110  0.250
55244.313819 0.0013888 3.070848e-09 3.885444e-10   0.110  0.250
55244.315208 0.0013888 2.610372e-09 3.550671e-10   0.110  0.250
55244.316597 0.0013888 3.131609e-09 3.913043e-10   0.110  0.250
55244.317986 0.0013888 3.530284e-09 4.077379e-10   0.110  0.250
55244.319375 0.0013888 2.765625e-09 3.500887e-10   0.110  0.250
55244.320764 0.0013888 3.201894e-09 4.184323e-10   0.110  0.250
55244.322153 0.0013888 2.88434e-09 3.793649e-10   0.110  0.250
55244.323542 0.0013888 3.030993e-09 3.614572e-10   0.110  0.250
55244.324931 0.0013888 2.327244e-09 4.010134e-10   0.110  0.250
55244.326319 0.0013888 1.966562e-09 3.160342e-10   0.110  0.250
55244.327708 0.0013888 2.443872e-09 3.463568e-10   0.110  0.250
55244.329097 0.0013888 2.11046e-09 2.811202e-10   0.110  0.250
55244.330486 0.0013888 1.881481e-09 2.968527e-10   0.110  0.250
55244.331875 0.0013888 1.613319e-09 2.5217e-10   0.110  0.250
55244.333264 0.0013888 1.988692e-09 2.971369e-10   0.110  0.250
55244.334653 0.0013888 2.001014e-09 3.035808e-10   0.110  0.250
55244.336042 0.0013888 2.71308e-09 3.33396e-10  0.110  0.250
55244.337431 0.0013888 2.782728e-09 3.406244e-10   0.110  0.250
55244.338819 0.0013888 2.450571e-09 3.815439e-10   0.110  0.250
55244.340208 0.0013888 3.672312e-09 3.793057e-10   0.110  0.250
55244.341597 0.0013888 3.579691e-09 3.721182e-10   0.110  0.250
55244.342986 0.0013888 3.267232e-09 3.51237e-10  0.110  0.250
55244.344375 0.0013888 2.808032e-09 3.32753e-10  0.110  0.250
55244.345764 0.0013888 2.345528e-09 2.930915e-10   0.110  0.250
55244.347153 0.0013888 2.817507e-09 3.226453e-10   0.110  0.250
55244.348542 0.0013888 2.435653e-09 3.101115e-10   0.110  0.250
55244.349931 0.0013888 2.152769e-09 3.00712e-10  0.110  0.250
55244.351319 0.0013888 2.417777e-09 2.92881e-10  0.110  0.250
55244.352708 0.0013888 2.65351e-09 3.699343e-10  0.110  0.250
55244.354097 0.0013888 2.521434e-09 3.212931e-10   0.110  0.250
55244.355486 0.0013888 2.588227e-09 3.078796e-10   0.110  0.250
55244.356875 0.0013888 2.66333e-09 3.277719e-10  0.110  0.250
55244.358264 0.0013888 1.74621e-09 2.651592e-10  0.110  0.250
55244.359653 0.0013888 1.99161e-09 2.789839e-10  0.110  0.250
55244.361042 0.0013888 2.081961e-09 2.833476e-10   0.110  0.250
55244.362431 0.0013888 2.470367e-09 3.088149e-10   0.110  0.250
55244.363819 0.0013888 1.913214e-09 2.737581e-10   0.110  0.250
55244.365208 0.0013888 2.181512e-09 3.008175e-10   0.110  0.250
55244.366597 0.0013888 2.145948e-09 3.02673e-10  0.110  0.250
55244.367986 0.0013888 2.58549e-09 4.620755e-10  0.110  0.250
55244.369375 0.0013888 1.878907e-09 2.828784e-10   0.110  0.250
55244.370764 0.0013888 1.874405e-09 2.786652e-10   0.110  0.250
55244.372153 0.0013888 1.960794e-09 2.78924e-10   0.110  0.250
55244.373542 0.0013888 2.047368e-09 2.826956e-10   0.110  0.250
55244.374931 0.0013888 1.560001e-09 2.634175e-10   0.110  0.250
55244.376319 0.0013888 2.039391e-09 3.076283e-10   0.110  0.250
55244.377708 0.0013888 1.875059e-09 3.01395e-10  0.110  0.250
55244.379097 0.0013888 1.943e-09 3.050427e-10   0.110  0.250
55244.380486 0.0013888 2.19311e-09 3.122e-10   0.110  0.250
55244.381875 0.0013888 1.836668e-09 2.751424e-10   0.110  0.250
55244.383264 0.0013888 2.412503e-09 3.204971e-10   0.110  0.250
55244.384653 0.0013888 2.208527e-09 3.020758e-10   0.110  0.250
55244.386042 0.0013888 2.074412e-09 3.026211e-10   0.110  0.250
55244.387431 0.0013888 1.644294e-09 2.910264e-10   0.110  0.250
55244.388819 0.0013888 1.806857e-09 3.664531e-10   0.110  0.250
55244.390208 0.0013888 2.3132e-09 3.23217e-10   0.110  0.250
55244.391597 0.0013888 2.415633e-09 3.314757e-10   0.110  0.250
55244.392986 0.0013888 2.374605e-09 3.375979e-10   0.110  0.250
55244.394375 0.0013888 2.247177e-09 3.197929e-10   0.110  0.250
55244.395764 0.0013888 2.183294e-09 3.213579e-10   0.110  0.250
55244.397153 0.0013888 1.855314e-09 2.954798e-10   0.110  0.250
55244.398542 0.0013888 1.698621e-09 2.834179e-10   0.110  0.250
55244.399931 0.0013888 1.633187e-09 2.704606e-10   0.110  0.250
55244.401319 0.0013888 1.743786e-09 2.726529e-10   0.110  0.250
55244.402708 0.0013888 2.08918e-09 3.123366e-10  0.110  0.250
55244.404097 0.0013888 1.930552e-09 3.1909e-10   0.110  0.250
55244.405486 0.0013888 2.22021e-09 3.2942e-10   0.110  0.250
55244.406875 0.0013888 2.45554e-09 3.839976e-10  0.110  0.250
55244.408264 0.0013888 2.098471e-09 3.196981e-10   0.110  0.250
55244.409653 0.0013888 2.174042e-09 3.81375e-10  0.110  0.250
