2020/2020ApJ...890...97A/VER-000049-lc-3.ecsv
# %ECSV 0.9
# ---
# datatype:
# - {name: time, unit: MJD, datatype: float64, description: time bin center}
# - {name: time_bin, unit: d, datatype: float64, description: time bin width}
# - {name: flux, unit: cm-2 s-1, datatype: float64, description: photon flux between 250 GeV and 600 GeV}
# - {name: flux_err, unit: cm-2 s-1, datatype: float64, description: photon flux 1-sigma error between 250 GeV and 600 GeV}
# - {name: e_min, unit: TeV, datatype: float64, description: energy (min) threshold for flux calculation}
# - {name: e_max, unit: TeV, datatype: float64, description: energy (max) threshold for flux calculation}
# meta: !!omap
# - {data_type: lc}
# - source_id: 49
# - file_id: 3
# - reference_id: 2020ApJ...890...97A
# - {telescope: veritas}
# - comments:
#       [Figures 2 (Figure 7), 2-minute bins, 'only 110GeV-30TeV
#       light curve is used in Figure 2, the rest are used only to calculate
#       F_var values in the right panel of Figure 7']
# - mjd: {max: 55244.4110418, min: 55244.3097}
time time_bin flux flux_err e_min e_max
55244.311042    0.0013888        1.350988e-09    1.534434e-10    0.250 0.600
55244.312431    0.0013888        1.399598e-09    1.551731e-10    0.250 0.600
55244.313819    0.0013888        1.32031e-09    1.485582e-10     0.250 0.600
55244.315208    0.0013888        1.167914e-09    1.390619e-10    0.250 0.600
55244.316597    0.0013888        1.350035e-09    1.500082e-10    0.250 0.600
55244.317986    0.0013888        1.703433e-09    1.694509e-10    0.250 0.600
55244.319375    0.0013888        1.237476e-09    1.446283e-10    0.250 0.600
55244.320764    0.0013888        1.459667e-09    1.570405e-10    0.250 0.600
55244.322153    0.0013888       1.592262e-09    1.638968e-10     0.250 0.600
55244.323542    0.0013888        1.654911e-09    1.691652e-10    0.250 0.600
55244.324931    0.0013888        1.328201e-09    1.836387e-10    0.250 0.600
55244.326319    0.0013888        1.325803e-09    1.486448e-10    0.250 0.600
55244.327708    0.0013888        1.132942e-09    1.405148e-10    0.250 0.600
55244.329097    0.0013888       1.562989e-09    1.620824e-10     0.250 0.600
55244.330486    0.0013888        1.155071e-09    1.435134e-10    0.250 0.600
55244.331875    0.0013888      1.230544e-09    1.447998e-10      0.250 0.600
55244.333264    0.0013888        1.078215e-09    1.376229e-10    0.250 0.600
55244.334653    0.0013888        1.441073e-09    1.564031e-10    0.250 0.600
55244.336042    0.0013888      1.237188e-09    1.429028e-10      0.250 0.600
55244.337431    0.0013888        1.190802e-09    1.406898e-10    0.250 0.600
55244.338819    0.0013888        1.209906e-09    1.735717e-10    0.250 0.600
55244.340208    0.0013888        1.532808e-09    1.609951e-10    0.250 0.600
55244.341597    0.0013888        1.305232e-09    1.471503e-10    0.250 0.600
55244.342986    0.0013888       1.545384e-09    1.610684e-10     0.250 0.600
55244.344375    0.0013888       1.580383e-09    1.612981e-10     0.250 0.600
55244.345764    0.0013888        1.47654e-09    1.555243e-10     0.250 0.600
55244.347153    0.0013888        1.541448e-09    1.598926e-10    0.250 0.600
55244.348542    0.0013888        1.435778e-09    1.543396e-10    0.250 0.600
55244.349931    0.0013888       1.505173e-09    1.579401e-10     0.250 0.600
55244.351319    0.0013888       1.409888e-09    1.538127e-10     0.250 0.600
55244.352708    0.0013888       1.52934e-09    1.829606e-10      0.250 0.600
55244.354097    0.0013888        1.121997e-09    1.380523e-10    0.250 0.600
55244.355486    0.0013888        1.189376e-09    1.427346e-10    0.250 0.600
55244.356875    0.0013888       1.288237e-09    1.474739e-10     0.250 0.600
55244.358264    0.0013888       1.255948e-09    1.438236e-10     0.250 0.600
55244.359653    0.0013888       1.033214e-09    1.305407e-10     0.250 0.600
55244.361042    0.0013888        8.529177e-10    1.220436e-10    0.250 0.600
55244.362431    0.0013888        9.568352e-10    1.246811e-10    0.250 0.600
55244.363819    0.0013888        9.5174e-10    1.255842e-10      0.250 0.600
55244.365208    0.0013888        9.319322e-10    1.226667e-10    0.250 0.600
55244.366597    0.0013888       8.154031e-10    1.165322e-10     0.250 0.600
55244.367986    0.0013888       8.238909e-10    1.835094e-10     0.250 0.600
55244.369375    0.0013888        9.392935e-10    1.254845e-10    0.250 0.600
55244.370764    0.0013888        9.305487e-10    1.243041e-10    0.250 0.600
55244.372153    0.0013888       8.716738e-10    1.219397e-10     0.250 0.600
55244.373542    0.0013888        9.30199e-10    1.232326e-10     0.250 0.600
55244.374931    0.0013888        1.07864e-09    1.344805e-10     0.250 0.600
55244.376319    0.0013888        1.154468e-09    1.396266e-10    0.250 0.600
55244.377708    0.0013888       9.967841e-10    1.288875e-10     0.250 0.600
55244.379097    0.0013888     1.098894e-09    1.359685e-10     0.250 0.600
55244.380486    0.0013888    1.092047e-09    1.362382e-10     0.250 0.600
55244.381875    0.0013888        1.160641e-09    1.386175e-10    0.250 0.600
55244.383264    0.0013888        1.222454e-09    1.417289e-10    0.250 0.600
55244.384653    0.0013888        1.211917e-09    1.429456e-10    0.250 0.600
55244.386042    0.0013888        1.15285e-09    1.387257e-10     0.250 0.600
55244.387431    0.0013888        9.734886e-10    1.276517e-10    0.250 0.600
55244.388819    0.0013888        9.50259e-10    1.550475e-10     0.250 0.600
55244.390208    0.0013888     7.279815e-10    1.125513e-10      0.250 0.600
55244.391597    0.0013888        1.12843e-09    1.361184e-10     0.250 0.600
55244.392986    0.0013888        8.695372e-10    1.179373e-10    0.250 0.600
55244.394375    0.0013888        1.005839e-09    1.279663e-10    0.250 0.600
55244.395764    0.0013888        1.156175e-09    1.39789e-10     0.250 0.600
55244.397153    0.0013888        1.307121e-09    1.482036e-10    0.250 0.600
55244.398542    0.0013888        1.296339e-09    1.446387e-10    0.250 0.600
55244.399931    0.0013888        1.258907e-09    1.464522e-10    0.250 0.600
55244.401319    0.0013888        1.224853e-09    1.448079e-10    0.250 0.600
55244.402708    0.0013888       1.003963e-09    1.285486e-10     0.250 0.600
55244.404097    0.0013888      1.002215e-09    1.291807e-10      0.250 0.600
55244.405486    0.0013888     1.062237e-09    1.350339e-10   0.250 0.600
55244.406875    0.0013888       8.392768e-10    1.178229e-10     0.250 0.600
55244.408264    0.0013888        1.035915e-09    1.316238e-10    0.250 0.600
55244.409653    0.0013888       9.885183e-10    1.25398e-10      0.250 0.600
