2020/2020ApJ...890...97A/VER-000049-lc-6.ecsv
# %ECSV 0.9
# ---
# datatype:
# - {name: time, unit: MJD, datatype: float64, description: time bin center}
# - {name: time_bin, unit: d, datatype: float64, description: time bin width}
# - {name: flux, unit: cm-2 s-1, datatype: float64, description: photon flux}
# - {name: flux_err, unit: cm-2 s-1, datatype: float64, description: photon flux 1-sigma error}
# - {name: index, description: index of best-fit exponential-cutoff power-law function, datatype: float64}
# - {name: index_err, description: index 1-sigma error of best-fit exponential-cutoff power-law function, datatype: float64}
# - {name: e_min, unit: TeV, datatype: float64, description: energy (min) threshold for flux calculation}
# - {name: e_cut, unit: TeV, datatype: float64, description: energy (max) threshold for flux calculation}
# meta: !!omap
# - {data_type: lc}
# - source_id: 49
# - file_id: 6
# - reference_id: 2020ApJ...890...97A
# - {telescope: veritas}
# - comments:
#       [Figures 2 and 3, 5-minute bins, indices derived from 
#       exponential-cutoff power-law fits with E_CUT fixed at 4 TeV in each
#       time bin]
# - mjd: {max: 55244.4128, min: 55244.3086}
time time_bin flux flux_err index index_err e_min e_cut
55244.31208 0.00347222 4.821015413e-09 2.713497364e-10 -1.815667602 0.05124873253 0.11 4.0
55244.31556 0.00347222 5.08520101e-09 2.676197055e-10 -1.913868311 0.0495829568 0.11 4.0
55244.31903 0.00347222 5.574555249e-09 2.712240408e-10 -1.854969656 0.04640198679 0.11 4.0
55244.3225 0.00347222 5.441515917e-09 2.718492292e-10 -1.835640959 0.04413799771 0.11 4.0
55244.32597 0.00347222 4.433348118e-09 2.573602024e-10 -1.628820754 0.05110175282 0.11 4.0
55244.32944 0.00347222 4.119945712e-09 2.17389714e-10 -1.737643364 0.04996842372 0.11 4.0
55244.33292 0.00347222 3.955323039e-09 2.096994112e-10 -1.64123731 0.04938200749 0.11 4.0
55244.33639 0.00347222 4.597104674e-09 2.360050149e-10 -1.818140691 0.04849905444 0.11 4.0
55244.33986 0.00347222 5.762046891e-09 2.774884185e-10 -1.793633572 0.05141579934 0.11 4.0
55244.34333 0.00347222 5.477226727e-09 2.488214429e-10 -1.82525823 0.04308981277 0.11 4.0
55244.34681 0.00347222 5.074120103e-09 2.296428083e-10 -1.734414506 0.04141709976 0.11 4.0
55244.35028 0.00347222 4.445477114e-09 2.212537044e-10 -1.780464667 0.04661073224 0.11 4.0
55244.35375 0.00347222 4.698491472e-09 2.470133485e-10 -1.807831023 0.05558229713 0.11 4.0
55244.35722 0.00347222 4.263472355e-09 2.152978975e-10 -1.748483479 0.04791826306 0.11 4.0
55244.36069 0.00347222 3.904858471e-09 2.097442981e-10 -1.78612152 0.05368915347 0.11 4.0
55244.36417 0.00347222 3.642226942e-09 2.052532925e-10 -1.797216063 0.06012042425 0.11 4.0
55244.36764 0.00347222 3.618172112e-09 2.392748933e-10 -1.875604926 0.06887089667 0.11 4.0
55244.37111 0.00347222 3.433754424e-09 2.001143921e-10 -1.777835203 0.06251690926 0.11 4.0
55244.37458 0.00347222 3.503332465e-09 2.050791941e-10 -1.823314527 0.05533363436 0.11 4.0
55244.37806 0.00347222 3.570794595e-09 2.144516798e-10 -1.798083132 0.06031054368 0.11 4.0
55244.38153 0.00347222 3.672675328e-09 2.063375778e-10 -1.79633396 0.05035729736 0.11 4.0
55244.385 0.00347222 4.255594518e-09 2.292971296e-10 -1.874377196 0.04940476571 0.11 4.0
55244.38847 0.00347222 3.306902994e-09 2.272969591e-10 -1.793006038 0.0617531865 0.11 4.0
55244.39194 0.00347222 4.012570221e-09 2.315529892e-10 -1.88379001 0.05904749239 0.11 4.0
55244.39542 0.00347222 3.968817975e-09 2.262780763e-10 -1.851456509 0.05171118637 0.11 4.0
55244.39889 0.00347222 3.718578533e-09 2.067749035e-10 -1.677577846 0.04607030818 0.11 4.0
55244.40236 0.00347222 3.383520042e-09 2.067895628e-10 -1.82084998 0.05625784196 0.11 4.0
55244.40583 0.00347222 3.961011016e-09 2.465618381e-10 -1.899246442 0.06260706921 0.11 4.0
55244.40931 0.00347222 3.666088238e-09 2.66542738e-10 -1.926736118 0.06627932767 0.11 4.0
