2020/2020ApJ...890...97A/VER-000049-lc-8.ecsv
# %ECSV 0.9
# ---
# datatype:
# - {name: time, unit: MJD, datatype: float64, description: time bin center}
# - {name: time_bin, unit: d, datatype: float64, description: time bin width}
# - {name: flux, unit: cm-2 s-1, datatype: float64, description: photon flux}
# - {name: flux_err, unit: cm-2 s-1, datatype: float64, description: photon flux 1-sigma error}
# - {name: index, unit: index of best-fit exponential-cutoff power-law function, datatype: float64}
# - {name: index_err, unit: index 1-sigma error of best-fit exponential-cutoff power-law function, datatype: float64}
# - {name: fit_e_min, unit: TeV, datatype: float64, description: lower energy bound of power-law function fit range}
# - {name: fit_e_max, unit: TeV, datatype: float64, description: upper energy bound of power-law function fit range}
# - {name: e_min, unit: TeV, datatype: float64, description: energy (min) threshold for flux calculation}
# meta: !!omap
# - {data_type: lc}
# - source_id: 49
# - file_id: 8
# - reference_id: 2020ApJ...890...97A
# - {telescope: veritas}
# - comments: [Figure 6, 10-minute bins, indices derived from power-law fits between 0.35 TeV and 3 TeV in each time bin]
# - mjd: {max: 55247.5207, min: 55244.3069}
time time_bin flux flux_err index index_err fit_e_min fit_e_max e_min
55244.31382 0.00694444 1.396039981e-09 5.708000718e-11 -2.150722561 0.06824590474 0.35 3.0 0.35
55244.32076 0.00694444 1.55831702e-09 5.99875842e-11 -2.146109902 0.06314867305 0.35 3.0 0.35
55244.32771 0.00694444 1.329518408e-09 5.65237314e-11 -1.935243174 0.06865328007 0.35 3.0 0.35
55244.33465 0.00694444 1.387842242e-09 5.65590774e-11 -2.102623242 0.06778792742 0.35 3.0 0.35
55244.3416 0.00694444 1.614167539e-09 6.316771273e-11 -2.124785349 0.06557277965 0.35 3.0 0.35
55244.34854 0.00694444 1.431962982e-09 5.702955066e-11 -2.173776512 0.06595588919 0.35 3.0 0.35
55244.35549 0.00694444 1.269207105e-09 5.507811685e-11 -2.063708125 0.0708286462 0.35 3.0 0.35
55244.36243 0.00694444 1.104963379e-09 5.00228621e-11 -2.125166967 0.0742367947 0.35 3.0 0.35
55244.36937 0.00694444 9.592505326e-10 4.930180396e-11 -2.042848203 0.08490842961 0.35 3.0 0.35
55244.37632 0.00694444 1.021550603e-09 4.859036199e-11 -2.161436324 0.08555092873 0.35 3.0 0.35
55244.38326 0.00694444 1.149846834e-09 5.167365728e-11 -2.267932194 0.07213085616 0.35 3.0 0.35
55244.39021 0.00694444 1.0653359e-09 5.149190028e-11 -2.24689251 0.0820081304 0.35 3.0 0.35
55244.39715 0.00694444 1.250399901e-09 5.367360893e-11 -2.284813971 0.07273447773 0.35 3.0 0.35
55244.4041 0.00694444 1.004387309e-09 4.818833906e-11 -2.203943044 0.08305693833 0.35 3.0 0.35
55244.41104 0.00694444 9.173134635e-10 4.835510008e-11 -2.113405558 0.09338076073 0.35 3.0 0.35
55244.41799 0.00694444 8.268724965e-10 4.383163806e-11 -2.284190699 0.09051559569 0.35 3.0 0.35
55244.42493 0.00694444 9.498019707e-10 4.691687259e-11 -2.119889632 0.08056399375 0.35 3.0 0.35
55244.43187 0.00694444 7.817887328e-10 4.494486575e-11 -2.245286215 0.0873521823 0.35 3.0 0.35
55244.43882 0.00694444 6.692269804e-10 3.909228225e-11 -2.147837473 0.08928562685 0.35 3.0 0.35
55244.44576 0.00694444 8.140773867e-10 4.257264625e-11 -2.060498013 0.08344413565 0.35 3.0 0.35
55244.45271 0.00694444 8.553835809e-10 4.516828667e-11 -2.080448703 0.07926510543 0.35 3.0 0.35
55244.45965 0.00694444 8.759492668e-10 4.326978529e-11 -2.080626092 0.07934277189 0.35 3.0 0.35
55244.4666 0.00694444 9.347305402e-10 4.493157584e-11 -2.147171045 0.0808342678 0.35 3.0 0.35
55244.47354 0.00694444 9.784233553e-10 4.810374374e-11 -2.102413566 0.08033354637 0.35 3.0 0.35
55244.48049 0.00694444 1.041211594e-09 4.819525803e-11 -2.215150449 0.0731778947 0.35 3.0 0.35
55244.48743 0.00694444 9.870402455e-10 4.715830172e-11 -2.207760251 0.07183776581 0.35 3.0 0.35
55244.49437 0.00694444 1.091270314e-09 5.181197186e-11 -2.158097539 0.07253223949 0.35 3.0 0.35
55244.50132 0.00694444 1.208696739e-09 5.422773987e-11 -2.121387126 0.0660399537 0.35 3.0 0.35
55244.50826 0.00694444 1.284152815e-09 5.76570708e-11 -2.096818298 0.06250469298 0.35 3.0 0.35
55244.51521 0.00694444 1.358146265e-09 6.729267589e-11 -2.206039785 0.07269368342 0.35 3.0 0.35
55245.30831 0.00694444 3.833184451e-10 2.866475198e-11 -2.217094099 0.1355815566 0.35 3.0 0.35
55245.31525 0.00694444 3.307843462e-10 2.878283499e-11 -2.13277383 0.1340466652 0.35 3.0 0.35
55245.3222 0.00694444 4.44486117e-10 2.864985486e-11 -2.550624111 0.1146996398 0.35 3.0 0.35
55245.32914 0.00694444 3.79297126e-10 2.568813791e-11 -2.185298173 0.1042945346 0.35 3.0 0.35
55245.33609 0.00694444 3.653850855e-10 2.716663509e-11 -2.234070626 0.1208307689 0.35 3.0 0.35
55245.34303 0.00694444 3.699199969e-10 2.549530909e-11 -2.232736743 0.1158992389 0.35 3.0 0.35
55245.34998 0.00694444 3.921901709e-10 2.632126233e-11 -2.313037494 0.1102560563 0.35 3.0 0.35
55245.35692 0.00694444 3.725576107e-10 2.632866702e-11 -2.026744983 0.1136077532 0.35 3.0 0.35
55245.36387 0.00694444 4.105053322e-10 2.72392247e-11 -2.466960919 0.1354845981 0.35 3.0 0.35
55245.37081 0.00694444 4.236462804e-10 2.750984389e-11 -2.582336265 0.1157280717 0.35 3.0 0.35
55245.37775 0.00694444 4.124017412e-10 2.790431708e-11 -2.358934991 0.1075333049 0.35 3.0 0.35
55245.3847 0.00694444 4.179124055e-10 2.757752551e-11 -2.556638186 0.1172989875 0.35 3.0 0.35
55245.39164 0.00694444 3.8811501e-10 2.897254523e-11 -2.195297439 0.1273780694 0.35 3.0 0.35
55245.39859 0.00694444 4.371478404e-10 3.810277023e-11 -2.101722899 0.1289097659 0.35 3.0 0.35
55245.40553 0.00694444 4.53801984e-10 3.595807342e-11 -2.15463583 0.1285687449 0.35 3.0 0.35
55245.41248 0.00694444 4.595716695e-10 2.900605534e-11 -2.244512822 0.1102781266 0.35 3.0 0.35
55245.41942 0.00694444 5.397362218e-10 3.539163631e-11 -2.3466129 0.117324821 0.35 3.0 0.35
55245.42637 0.00694444 4.346446477e-10 4.342955243e-11 -2.282016673 0.1976147232 0.35 3.0 0.35
55245.43331 0.00694444 4.181217298e-10 6.657220244e-11 -2.162222492 0.4611888326 0.35 3.0 0.35
55245.44025 0.00694444 4.857549116e-10 3.744545206e-11 -2.399062715 0.1275532995 0.35 3.0 0.35
55245.4472 0.00694444 4.919051546e-10 2.954295507e-11 -2.298358312 0.09741514564 0.35 3.0 0.35
55245.45414 0.00694444 4.116076772e-10 2.969823193e-11 -2.107913009 0.1091467561 0.35 3.0 0.35
55245.46109 0.00694444 4.197944285e-10 2.693484156e-11 -2.553447763 0.09873937106 0.35 3.0 0.35
55245.46803 0.00694444 4.002095083e-10 2.613870501e-11 -2.254789482 0.1069363209 0.35 3.0 0.35
55245.47498 0.00694444 4.033215224e-10 2.699689686e-11 -2.406550526 0.1073453396 0.35 3.0 0.35
55245.48192 0.00694444 4.028439254e-10 2.806183241e-11 -2.315735804 0.1008940564 0.35 3.0 0.35
55245.48887 0.00694444 3.992972794e-10 2.674439933e-11 -2.211553807 0.1027227988 0.35 3.0 0.35
55245.49581 0.00694444 3.720706592e-10 2.568210184e-11 -2.241075901 0.1021227485 0.35 3.0 0.35
55245.50275 0.00694444 3.188384033e-10 2.292691696e-11 -1.95921108 0.09322491133 0.35 3.0 0.35
55245.5097 0.00694444 2.838709729e-10 2.248600955e-11 -1.959912526 0.1425617786 0.35 3.0 0.35
55246.29519 0.00694444 5.602286806e-10 3.204603698e-11 -2.392207283 0.1088011055 0.35 3.0 0.35
55246.30213 0.00694444 5.252720831e-10 3.091308884e-11 -2.198623913 0.1116940448 0.35 3.0 0.35
55246.30907 0.00694444 4.704103925e-10 2.916236479e-11 -2.36102965 0.1214773761 0.35 3.0 0.35
55246.31602 0.00694444 3.691930833e-10 2.689745128e-11 -2.221593329 0.1335853499 0.35 3.0 0.35
55246.32296 0.00694444 3.827606489e-10 2.626320134e-11 -2.418860212 0.1160654768 0.35 3.0 0.35
55246.32991 0.00694444 2.86332547e-10 2.275610486e-11 -2.399256612 0.1296753737 0.35 3.0 0.35
55246.43407 0.00694444 2.840091975e-10 4.81099848e-11 -2.069487678 0.5123431702 0.35 3.0 0.35
55246.44102 0.00694444 2.327598189e-10 2.084935187e-11 -2.358324046 0.1630792739 0.35 3.0 0.35
55246.44796 0.00694444 2.709327357e-10 2.210980431e-11 -2.219285304 0.14559888 0.35 3.0 0.35
55246.45491 0.00694444 2.197681043e-10 3.188182672e-11 -2.045184429 0.2400321113 0.35 3.0 0.35
55246.46185 0.00694444 3.647999242e-10 6.061705062e-11 -2.334792992 0.424885191 0.35 3.0 0.35
55246.4688 0.00694444 2.983609096e-10 2.729088612e-11 -2.435758959 0.1621450468 0.35 3.0 0.35
55246.47574 0.00694444 3.024977665e-10 2.453096937e-11 -1.986399138 0.1433308676 0.35 3.0 0.35
55246.48269 0.00694444 2.705099765e-10 2.199726594e-11 -2.04688266 0.1164362321 0.35 3.0 0.35
55246.48963 0.00694444 3.822617894e-10 3.368795046e-11 -2.149761953 0.1347518942 0.35 3.0 0.35
55246.49657 0.00694444 3.813854209e-10 2.53321745e-11 -2.027278373 0.09367510959 0.35 3.0 0.35
55246.50352 0.00694444 3.256782144e-10 2.415910397e-11 -1.748672704 0.09942208115 0.35 3.0 0.35
55246.51046 0.00694444 2.74624546e-10 2.059578864e-11 -1.625409026 0.1432664662 0.35 3.0 0.35
55246.51741 0.00694444 3.262175524e-10 2.381111581e-11 -1.955627487 0.1378635353 0.35 3.0 0.35
55247.27074 0.00694444 2.40484081e-10 2.19304116e-11 -2.6146856 0.1904694012 0.35 3.0 0.35
55247.27769 0.00694444 2.076304328e-10 2.398242031e-11 -2.273747177 0.2507598755 0.35 3.0 0.35
55247.28463 0.00694444 2.213228206e-10 2.639715674e-11 -2.187544232 0.1911839301 0.35 3.0 0.35
55247.29157 0.00694444 2.008632999e-10 1.971174692e-11 -2.385925793 0.1644989319 0.35 3.0 0.35
55247.29852 0.00694444 1.979718694e-10 1.94765076e-11 -2.154919003 0.1785413162 0.35 3.0 0.35
55247.30546 0.00694444 1.791926978e-10 2.135187601e-11 -2.382808607 0.258219021 0.35 3.0 0.35
55247.31241 0.00694444 2.020764429e-10 1.907660053e-11 -2.108962248 0.1617956734 0.35 3.0 0.35
55247.31935 0.00694444 2.363171176e-10 2.091736164e-11 -2.357816095 0.1704567989 0.35 3.0 0.35
55247.3263 0.00694444 1.985535336e-10 2.303723661e-11 -1.919137345 0.178954999 0.35 3.0 0.35
55247.35407 0.00694444 1.973777539e-10 1.883794311e-11 -2.166386272 0.1830988481 0.35 3.0 0.35
55247.36102 0.00694444 1.768466103e-10 1.814558637e-11 -2.271696672 0.206880456 0.35 3.0 0.35
55247.36796 0.00694444 1.799492531e-10 1.915115159e-11 -2.301555189 0.2073110221 0.35 3.0 0.35
55247.37491 0.00694444 1.96173454e-10 1.914993926e-11 -2.418895052 0.1758483139 0.35 3.0 0.35
55247.38185 0.00694444 1.648197646e-10 1.797649138e-11 -2.184664978 0.1944379534 0.35 3.0 0.35
55247.48602 0.00694444 1.77138848e-10 2.134261389e-11 -2.282169232 0.2060720586 0.35 3.0 0.35
55247.49296 0.00694444 1.715215924e-10 1.779432341e-11 -2.222763595 0.1527444414 0.35 3.0 0.35
55247.49991 0.00694444 1.655792259e-10 1.685422244e-11 -1.917590219 0.2146286322 0.35 3.0 0.35
55247.50685 0.00694444 1.1853091e-10 1.498492392e-11 -2.015004307 0.236779791 0.35 3.0 0.35
55247.5138 0.00694444 1.139168605e-10 1.478506158e-11 -1.431455906 0.2471291969 0.35 3.0 0.35
