2020/2020ApJ...890...97A/VER-000049-lc-5.ecsv
# %ECSV 0.9
# ---
# datatype:
# - {name: time, unit: MJD, datatype: float64, description: time bin center}
# - {name: time_bin, unit: d, datatype: float64, description: time bin width}
# - {name: flux, unit: cm-2 s-1, datatype: float64, description: photon flux between 110 GeV and 30000 GeV}
# - {name: flux_err, unit: cm-2 s-1, datatype: float64, description: photon flux 1-sigma error between 110 GeV and 30000 GeV}
# - {name: e_min, unit: TeV, datatype: float64, description: energy threshold for flux calculation}
# - {name: e_max, unit: TeV, datatype: float64, description: energy (max) threshold for flux calculation}
# meta: !!omap
# - {data_type: lc}
# - source_id: 49
# - file_id: 5
# - reference_id: 2020ApJ...890...97A
# - {telescope: veritas}
# - comments:
#       [Figures 2 (Figure 7), 2-minute bins, 'only 110GeV-30TeV
#       light curve is used in Figure 2, the rest are used only to calculate
#       F_var values in the right panel of Figure 7']
# - mjd: {max: 55244.4110418, min: 55244.3097}
time time_bin flux flux_err e_min e_max
55244.311042    0.0013888        4.603966955e-09    4.293194781e-10  0.110  30.
55244.312431    0.0013888        5.137492291e-09    4.494918736e-10  0.110  30.
55244.313819    0.0013888       5.225450128e-09    4.275534069e-10  0.110  30.
55244.315208    0.0013888       4.496939617e-09    3.918373849e-10  0.110  30.
55244.316597    0.0013888        5.303159149e-09    4.303431534e-10  0.110  30.
55244.317986    0.0013888        5.994601705e-09    4.52240083e-10  0.110  30.
55244.319375    0.0013888        4.951965107e-09    3.928911352e-10  0.110  30.
55244.320764    0.0013888        5.674987363e-09    4.60209662e-10  0.110  30.
55244.322153    0.0013888       5.51671389e-09    4.277844753e-10  0.110  30.
55244.323542    0.0013888       5.401795025e-09    4.09881935e-10  0.110  30.
55244.324931    0.0013888        4.4155171e-09    4.561386169e-10  0.110  30.
55244.326319    0.0013888        4.257044285e-09    3.640737274e-10  0.110  30.
55244.327708    0.0013888        4.486616871e-09    3.869152463e-10  0.110  30.
55244.329097    0.0013888       4.370167047e-09    3.36785162e-10  0.110  30.
55244.330486    0.0013888        3.847743607e-09    3.433298061e-10  0.110  30.
55244.331875    0.0013888      3.582369728e-09    3.045834507e-10  0.110  30.
55244.333264    0.0013888        4.011282927e-09    3.428035237e-10  0.110  30.
55244.334653    0.0013888      4.178347355e-09    3.538764173e-10  0.110  30.
55244.336042    0.0013888      4.870538268e-09    3.777964781e-10  0.110  30.
55244.337431    0.0013888        4.740092338e-09    3.805258285e-10  0.110  30.
55244.338819    0.0013888        4.669542689e-09    4.39568042e-10  0.110  30.
55244.340208    0.0013888        6.224085874e-09    4.26909485e-10  0.110  30.
55244.341597    0.0013888        5.9149635e-09    4.155188954e-10  0.110  30.
55244.342986    0.0013888       5.675029964e-09    4.002214206e-10  0.110  30.
55244.344375    0.0013888     5.244574913e-09    3.836013625e-10  0.110  30.
55244.345764    0.0013888       4.652924464e-09    3.462096593e-10  0.110  30.
55244.347153    0.0013888        5.429243231e-09    3.776700747e-10  0.110  30.
55244.348542    0.0013888       4.786358961e-09    3.617341181e-10  0.110  30.
55244.349931    0.0013888       4.233825594e-09    3.499521099e-10  0.110  30.
55244.351319    0.0013888       4.696367233e-09    3.460744736e-10  0.110  30.
55244.352708    0.0013888      4.895640425e-09    4.263809781e-10  0.110  30.
55244.354097    0.0013888        4.352748271e-09    3.620177974e-10  0.110  30.
55244.355486    0.0013888        4.678403638e-09    3.549042485e-10  0.110  30.
55244.356875    0.0013888       4.799133662e-09    3.732273021e-10  0.110  30.
55244.358264    0.0013888      3.710855535e-09    3.150766922e-10  0.110  30.
55244.359653    0.0013888      3.730105044e-09    3.210426611e-10  0.110  30.
55244.361042    0.0013888       3.689460771e-09    3.225088203e-10  0.110  30.
55244.362431    0.0013888        4.293270268e-09    3.480448104e-10  0.110  30.
55244.363819    0.0013888      3.39208783e-09    3.112475218e-10  0.110  30.
55244.365208    0.0013888       3.76284565e-09    3.364370205e-10  0.110  30.
55244.366597    0.0013888      3.585539079e-09    3.351858738e-10  0.110  30.
55244.367986    0.0013888       3.991149213e-09    5.139550646e-10  0.110  30.
55244.369375    0.0013888        3.366952272e-09    3.197198786e-10  0.110  30.
55244.370764    0.0013888       3.500138959e-09    3.176896981e-10  0.110  30.
55244.372153    0.0013888       3.399940931e-09    3.149938529e-10  0.110  30.
55244.373542    0.0013888       3.483112777e-09    3.180050666e-10  0.110  30.
55244.374931    0.0013888       3.313047118e-09    3.085918964e-10  0.110  30.
55244.376319    0.0013888        3.778422978e-09    3.481022786e-10  0.110  30.
55244.377708    0.0013888       3.584532295e-09    3.400995664e-10  0.110  30.
55244.379097    0.0013888     3.526308278e-09    3.422187444e-10  0.110  30.
55244.380486    0.0013888    3.976469553e-09    3.524946751e-10  0.110  30.
55244.381875    0.0013888        3.63201597e-09    3.197935025e-10  0.110  30.
55244.383264    0.0013888        4.191566502e-09    3.5998206e-10  0.110  30.
55244.384653    0.0013888        4.07376644e-09    3.455704255e-10  0.110  30.
55244.386042    0.0013888       3.946988535e-09    3.45212721e-10  0.110  30.
55244.387431    0.0013888      3.232172992e-09    3.286578719e-10  0.110  30.
55244.388819    0.0013888       3.397039457e-09    4.113271119e-10  0.110  30.
55244.390208    0.0013888     3.681322967e-09    3.529386623e-10  0.110  30.
55244.391597    0.0013888       4.052970302e-09    3.668665393e-10  0.110  30.
55244.392986    0.0013888        3.988227286e-09    3.692798644e-10  0.110  30.
55244.394375    0.0013888        3.996442589e-09    3.566357207e-10  0.110  30.
55244.395764    0.0013888       3.94163986e-09    3.60519931e-10  0.110  30.
55244.397153    0.0013888        3.956238734e-09    3.439502592e-10  0.110  30.
55244.398542    0.0013888        3.711097089e-09    3.307322476e-10  0.110  30.
55244.399931    0.0013888        3.613291347e-09    3.200181637e-10  0.110  30.
55244.401319    0.0013888        3.452628095e-09    3.176230455e-10  0.110  30.
55244.402708    0.0013888      3.635531092e-09    3.46519151e-10  0.110  30.
55244.404097    0.0013888     3.622787965e-09    3.551390359e-10  0.110  30.
55244.405486    0.0013888     3.83748079e-09    3.647813985e-10  0.110  30.
55244.406875    0.0013888       3.813286359e-09    4.087773414e-10  0.110  30.
55244.408264    0.0013888        3.569856852e-09    3.529551646e-10  0.110  30.
55244.409653    0.0013888      3.776850407e-09    4.097922497e-10  0.110  30.
