2020/2020arXiv200204119V/VER-000053-lc-1.ecsv
# %ECSV 0.9
# ---
# datatype:
# - {name: e_min, unit: TeV, datatype: float64}
# - {name: time, unit: MJD, datatype: float64}
# - {name: flux, unit: cm-2 s-1, datatype: float64}
# - {name: flux_err, unit: cm-2 s-1, datatype: float64}
# - {name: flux_ul, unit: cm-2 s-1, datatype: float64}
# meta: !!omap
# - data_type: lc
# - source_id: 53
# - file_id: 1
# - reference_id: 2020arXiv200204119V
# - telescope: veritas
# - UL_CONF: 0.95
# - comments: |
#       Fig 1 (top)
e_min time flux flux_err flux_ul
0.2  54834.5    -2.4e-12     3.6e-12       nan
0.2  54862.5    2.5e-12      1.9e-12       nan
0.2  54886.4    3.7e-12      3.9e-12       nan
0.2  54911.8    6.7e-12      4.8e-12       nan
0.2  54941.3    -6.8e-12     3.1e-12       nan
0.2  54971.7    2.1e-12      5.2e-12       nan
0.2  55570.5    8.9e-12      2.5e-12       nan
0.2  55597.9    8.0e-12      2.5e-12       nan
0.2  55625.4    1.0e-11      3.8e-12       nan
0.2  55654.3    1.0e-11      1.8e-12       nan
0.2  55680.8    5.7e-12      1.4e-12       nan
0.2  55710.2    6.6e-12      3.2e-12       nan
0.2  55952.5    4.6e-12      1.9e-12       nan
0.2  55980.9    1.7e-12      1.7e-12       nan
0.2  56008.8    2.0e-12      2.7e-12       nan
0.2  56063.2    4.5e-13      4.1e-12       nan
0.2  56298.4735 4.02899e-12  9.17816e-12   nan
0.2  56302.5470 -1.09768e-12 8.60739e-12   nan
0.2  56305.4763 3.74762e-12  5.37223e-12   nan
0.2  56308.4883 1.15617e-11  9.80855e-12   nan
0.2  56311.4527 4.10175e-12  3.84421e-12   nan
0.2  56314.4451 1.20472e-11  9.14276e-12   nan
0.2  56330.4734 5.081e-11    9.597e-12     nan
0.2  56333.4143 2.57162e-11  1.37775e-11   nan
0.2  56336.4737 -8.9785e-13  3.81531e-12   nan
0.2  56338.4284 3.5783e-12   1.92115e-12   nan
0.2  56339.4186 2.09172e-11  6.95172e-12   nan
0.2  56342.4180 5.01746e-12  4.86453e-12   nan
0.2  56362.4235 -2.27289e-12 2.88714e-12   nan
0.2  56365.2889 7.58962e-13  4.07036e-12   nan
0.2  56368.3459 2.7455e-12   3.58576e-12   nan
0.2  56366.3195 4.29822e-12  4.43095e-12   nan
0.2  56384.2594 6.09046e-12  4.20589e-12   nan
0.2  56388.2384 1.56984e-11  8.08152e-12   nan
0.2  56393.2719 5.76865e-12  6.56471e-12   nan
0.2  56396.3301 3.95614e-13  4.61028e-12   nan
0.2  56413.2841 6.38494e-12  6.72117e-12   nan
0.2  56424.2050 -1.28902e-12 4.22721e-12   nan
0.2  56686.4455 4.6679e-12   3.61099e-12   nan
0.2  56696.5228 4.95266e-10  1.66837e-11   nan
0.2  56697.4618 6.44063e-12  4.80279e-12   nan
0.2  56698.4933 8.54857e-12  3.84546e-12   nan
0.2  56699.5086 5.29527e-12  7.22363e-12   nan
0.2  56714.4493 -1.37426e-12 4.7576e-12    nan
0.2  56722.2844 -4.42257e-12 3.65e-12      nan
0.2  56723.2866 -4.55508e-12 3.09212e-12   nan
0.2  56738.2348 8.45848e-12  6.3151e-12    nan
0.2  56745.2948 9.40638e-12  3.81564e-12   nan
0.2  56799.2524 -8.83077e-13 4.55925e-12   nan
0.2  56802.1899 -2.96931e-12 2.85983e-12   nan
0.2  57039.5079 4.7734e-11   4.4490e-12    nan
0.2  57040.4493 nan nan 4.7402e-12
0.2  57067.3779 1.1191e-11   3.3658e-12 nan
0.2  57071.3853 nan nan 8.6385e-12
0.2  57079.4161 nan nan 9.0259e-12
0.2  57096.2985 5.0497e-12   2.7330e-12 nan
0.2  57104.2697 nan nan 1.2693e-11
0.2  57107.3623 nan nan 4.7296e-12
0.2  57126.2242 nan nan 7.8363e-12
0.2  57128.3243 nan nan 9.7255e-12
0.2  57130.2919 6.4248e-12   2.1615e-12  nan
0.2  57132.3144 5.9900e-12   2.5958e-12  nan
0.2  57152.2082 nan nan 1.8378e-11
0.2  57153.2219 nan nan 1.6337e-11
0.2  57155.2274 nan nan 8.6311e-12
0.2  57161.2033 nan nan 1.2603e-11
0.2  57399.5402 8.1686e-12   4.2193e-12  nan
0.2  57400.4517 nan nan 1.4315e-11
0.2  57405.4830 nan nan 6.7323e-12
0.2  57407.4763 nan nan 1.3087e-11
0.2  57418.4093 6.5340e-12   2.0269e-12  nan
0.2  57422.4815 1.0711e-11   3.0432e-12  nan
0.2  57424.5302 1.1304e-11   4.7384e-12  nan
0.2  57426.4075 1.4315e-11   3.3790e-12    nan
0.2  57430.3909 1.2985e-11   3.6295e-12    nan
0.2  57434.4457 6.2165e-12   3.1174e-12    nan
0.2  57451.3166 6.7378e-12   3.6401e-12    nan
0.2  57456.3199 6.9150e-12   2.8431e-12    nan
0.2  57459.4217 6.8389e-12   2.6991e-12    nan
0.2  57461.3996 1.3428e-11   3.5499e-12    nan
0.2  57463.4083 nan nan 7.1659e-12
0.2  57479.3432 nan nan 7.4558e-12
0.2  57480.2656 1.1955e-11   4.5633e-12 nan
0.2  57483.3663 nan nan 9.4607e-12
0.2  57487.3707 2.9855e-11   3.7906e-12    nan
0.2  57488.3885 2.9754e-11   5.5529e-12    nan
0.2  57491.3439 1.1515e-11   3.7170e-12    nan
0.2  57507.2283 8.2797e-12   3.2911e-12    nan
0.2  57512.2784 2.3836e-11   4.7885e-12    nan
0.2  57513.2003 1.9697e-11   3.9343e-12    nan
0.2  57517.2608 2.1052e-11   5.3539e-12    nan
0.2  57756.5000 7.6637e-12   1.9279e-12    nan
0.2  57760.5000 6.6413e-12   2.1687e-12    nan
0.2  57778.5000 nan nan 6.5312e-12
0.2  57783.5000 1.2190e-11   3.7659e-12  nan
0.2  57791.5000 7.3872e-12   2.7623e-12  nan
0.2  57806.5000 nan nan 1.1164e-11
0.2  57813.5000 nan nan 7.2805e-12
0.2  57816.5000 nan nan 5.5419e-12
0.2  57817.5000 5.8676e-11   8.5717e-12  nan
0.2  57818.5000 4.6082e-12   2.4066e-12  nan
0.2  57832.5000 nan nan 4.1176e-13
0.2  57836.5000 4.5894e-12   2.3981e-12  nan
0.2  57844.5000 7.1448e-11   4.5168e-12  nan
0.2  57858.5000 7.1761e-12   3.1802e-12  nan
0.2  57860.5000 8.5426e-12   2.8061e-12  nan
0.2  57866.5000 3.2024e-12   1.9200e-12  nan
0.2  57868.5000 8.7919e-12   2.7378e-12  nan
0.2  57870.5000 nan nan 8.6791e-12
0.2  57871.5000 9.8922e-12   2.1789e-12  nan
0.2  57890.5000 nan nan 1.4547e-11
0.2  57897.5000 nan nan 1.0808e-11
0.2  57902.5000 nan nan 7.2442e-12
