2021/2021arXiv211001075T/MW-000030-sed-2.ecsv
# %ECSV 0.9
# ---
# datatype:
# - {name: e_ref, unit: keV, datatype: float32}
# - {name: e2dnde, unit:  erg cm-2 s-1, datatype: float32}
# - {name: e2dnde_err, unit: erg cm-2 s-1, datatype: float32}
# meta: !!omap
# - data_type: sed
# - source_id: 30
# - file_id: 2
# - reference_id: 2021arXiv211001075T
# - telescope: veritas
# - mjd: {min: 58101., max: 58103.}
# - description: "Ve1b"
# - comments: |
#       Period Ve1b
e_ref e2dnde e2dnde_err
3.06 6.723374026917599e-13 1.55284561543914e-13
3.2 6.0599126827782e-13 1.23410859587118e-13
3.36 5.641103710650599e-13 1.1357990376089397e-13
3.52 6.080260326029999e-13 1.16867570213862e-13
3.66 7.221811177754999e-13 1.4602558277602798e-13
3.8 6.310332890672399e-13 1.1753087134033798e-13
3.96 5.942312917842599e-13 1.1330272720321198e-13
4.12 7.004556026184599e-13 1.2315451132567797e-13
4.24 9.127440066234598e-13 1.967472906552e-13
4.34 8.424885612225599e-13 1.5539350955502597e-13
4.46 8.996382017573398e-13 1.6242866715491998e-13
4.58 6.2090753274036e-13 1.3677781924458e-13
4.7 7.423044562985398e-13 1.50643055835216e-13
4.82 9.3785011447824e-13 1.6922189608307997e-13
4.94 9.2863759883274e-13 1.6981470143766e-13
5.04 9.776161385341198e-13 2.1566899670273995e-13
5.12 8.401493833369198e-13 1.9839753258821999e-13
5.2 6.736351657652999e-13 1.8413816054561996e-13
5.28 9.423842743524599e-13 2.1379445004095997e-13
5.38 7.823748939148799e-13 1.6363029963041998e-13
5.5 7.054864372492199e-13 1.5694922306664e-13
5.62 9.973869981976798e-13 1.8453870470411997e-13
5.74 8.946394106592599e-13 1.7611125560928e-13
5.86 7.236551202787799e-13 1.6265297188367999e-13
6.0 7.509722318884799e-13 1.44955328784516e-13
6.14 7.973232019100999e-13 1.7462123133965998e-13
6.26 7.137857122133399e-13 1.6713906645888e-13
6.36 1.1224529062477198e-12 2.5562728195469996e-13
6.44 1.0939501839288599e-12 2.5327208230272e-13
6.54 9.487449155894399e-13 1.9629868119768e-13
6.66 7.694132849458199e-13 1.8027691485767997e-13
6.78 1.18179752877108e-12 2.2110037549199995e-13
6.9 6.877984072098598e-13 1.7572673321711997e-13
7.02 1.0993815627181198e-12 2.2042746130571997e-13
7.14 1.0338365166211798e-12 2.1775182632693995e-13
7.24 1.090281199437e-12 2.750937280578e-13
7.34 8.591511982161599e-13 2.0299577952779995e-13
7.48 8.5802967457236e-13 1.7872280352269997e-13
7.62 1.13941995680178e-12 2.401662774366e-13
7.72 1.3370965099046999e-12 3.2013091323953995e-13
7.82 8.494420078141199e-13 2.1171162041675996e-13
7.96 1.0615862159220599e-12 2.0732165643959997e-13
8.1 1.2722403997603798e-12 2.6371827395639995e-13
8.24 1.0395082219055398e-12 2.1126301095923997e-13
8.38 1.1281886985974399e-12 2.5506652013279996e-13
8.5 1.2062787877385999e-12 2.674833890463e-13
8.62 1.04795169276672e-12 2.5452178007724e-13
8.74 1.1392116738393599e-12 2.670027360561e-13
8.86 9.735466098837599e-13 2.5229475455597995e-13
8.98 9.595596078689399e-13 2.5040418612786e-13
9.1 1.2746596864777198e-12 2.9399941233899995e-13
9.24 6.949280932311599e-13 1.9144408599665997e-13
9.4 1.0256333722551e-12 2.3411004976007994e-13
9.56 9.967941928430999e-13 2.3630503174866e-13
9.72 1.1277240673735798e-12 2.5714934975699994e-13
9.86 1.4469257181653997e-12 3.4047855649134e-13
10.04 7.039643694469199e-13 1.7731288808477997e-13
10.26 1.2539755861327799e-12 2.6733919314924e-13
10.46 1.0577249702341198e-12 2.526632551818e-13
10.64 1.3207863517705799e-12 3.1953810788496e-13
10.8 1.3728891359082599e-12 3.3139421497655995e-13
11.02 9.258658332559198e-13 2.1512425664717998e-13
11.26 1.19083380498684e-12 2.9185249564944e-13
11.46 1.2368803614479998e-12 3.144592079551799e-13
11.72 1.04625338553468e-12 2.4104747458529996e-13
12.02 1.0647585256573797e-12 2.7272250663948e-13
12.32 8.630124439040999e-13 2.3946131971764e-13
12.62 1.1693486163248998e-12 2.9826120218544e-13
12.94 9.048612975841799e-13 2.4776059468176e-13
13.28 1.0880701956820798e-12 2.9372704231121996e-13
13.62 1.00310676878106e-12 2.8483496199251994e-13
14.0 1.1995015805767798e-12 3.0430140809561996e-13
14.38 1.0602243657831598e-12 3.1300122721823994e-13
14.82 9.426406226138998e-13 2.5964874530603997e-13
15.18 2.8190297875229997e-12 7.237832944094999e-13
15.52 1.1105327120907597e-12 3.1207196477052e-13
15.9 2.5551512959031994e-12 6.265471944920399e-13
16.34 1.2447150051882599e-12 3.2487335607617997e-13
16.82 2.0759402646738e-12 5.447720990926799e-13
17.22 1.6959039670889997e-12 4.637500267113e-13
17.7 1.7354777299488e-12 4.5256683380597996e-13
18.34 1.11660496153362e-12 3.2561035732781994e-13
18.98 1.8261609274332e-12 5.292309857428799e-13
19.62 1.58969567802114e-12 4.369936769234999e-13
20.36 1.6180381826765998e-12 4.751094590463599e-13
21.14 1.5412618783753197e-12 4.6032136871454e-13
22.44 1.1059184433848399e-12 3.2301483118073995e-13
24.34 1.3356064856350797e-12 4.077859968856799e-13
26.7 1.5964889069493e-12 4.855876942327199e-13
562341000.0 1.688854016593324e-12 4.648470160886216e-13
1122020000.0 1.355231994272663e-12 4.643436898947133e-13
2238720000.0 1.1831008727131229e-12 5.004091026758695e-13
4466840000.0 nan nan
8912510000.0 nan nan
