2021/2021ApJ...913..115A/VER-000106-lc-3.ecsv
# %ECSV 0.9
# ---
# datatype:
# - {name: e_min, unit: TeV, datatype: float64}
# - {name: time, unit: MJD, datatype: float64}
# - {name: flux, unit: cm-2 s-1, datatype: float64}
# - {name: flux_err, unit: cm-2 s-1, datatype: float64}
# meta: !!omap
# - data_type: lc
# - source_id: 106
# - file_id: 3
# - reference_id: 2021ApJ...913..115A
# - telescope: veritas
# - comments: |
#         Fig 4
e_min time flux flux_err
2 55300 9.16952e-13 4.75121e-13
2 55301 1.6789e-12 7.16379e-13
2 55303 1.11678e-12 6.82547e-13
2 55328 2.75183e-13 4.15202e-13
2 55329 3.0152e-12 9.68008e-13
2 55333 1.61935e-12 8.03301e-13
2 55682 1.17046e-12 5.32437e-13
2 55736 6.54298e-13 4.85387e-13
2 55738 1.23583e-12 7.11135e-13
2 55739 1.2996e-12 5.85883e-13
2 55743 1.25027e-12 5.55546e-13
2 56036 2.22633e-12 8.03794e-13
2 56041 1.36157e-12 6.75297e-13
2 56044 3.91626e-13 3.22285e-13
2 56046 1.8524e-12 8.23227e-13
2 56047 1.70254e-12 6.96941e-13
2 56048 1.46562e-12 6.23009e-13
2 56063 1.08579e-12 5.38506e-13
2 56064 1.07673e-12 5.5722e-13
2 56065 6.88712e-13 4.39057e-13
2 56066 1.48372e-12 5.75781e-13
2 56067 6.99711e-13 4.32179e-13
2 56422 9.50462e-13 4.3522e-13
2 56423 1.19093e-12 5.1669e-13
2 56424 1.87667e-12 4.28238e-13
2 56425 7.40066e-13 3.10865e-13
2 56427 1.25526e-12 8.44561e-13
2 56428 1.20859e-12 5.31469e-13
2 56429 8.87914e-13 4.48668e-13
2 56430 1.04759e-12 6.61854e-13
2 56431 1.31181e-12 6.08712e-13
2 56450 1.52166e-12 7.78049e-13
2 56452 5.70988e-13 3.4494e-13
2 56453 1.65272e-12 9.90441e-13
2 56455 1.67235e-12 6.83961e-13
2 56456 9.07401e-13 3.17893e-13
2 56457 1.12874e-12 4.63319e-13
2 56460 1.43704e-12 8.11604e-13
2 56755 2.14098e-12 8.40104e-13
2 56775 1.23297e-12 5.10852e-13
2 56776 2.22907e-12 6.51976e-13
2 56780 8.25154e-13 4.60684e-13
2 56782 3.85805e-13 3.17623e-13
2 56785 1.27127e-12 4.84264e-13
2 56786 6.49169e-13 3.43225e-13
2 56801 1.21957e-12 5.47389e-13
2 56804 9.18129e-13 4.57939e-13
2 56807 3.6965e-13 2.57958e-13
2 56809 1.37353e-12 4.28346e-13
2 56814 1.9915e-12 1.43487e-12
2 56830 1.0455e-12 4.72202e-13
2 56832 1.06815e-12 3.94938e-13
2 56833 1.22463e-12 4.13788e-13
2 57137 2.4514e-12 1.08556e-12
2 57160 2.97169e-12 9.5281e-13
2 57164 1.16312e-12 5.45743e-13
2 57165 1.58568e-12 5.17582e-13
2 57167 8.19796e-13 4.29125e-13
2 57170 1.65237e-12 1.0362e-12
2 57546 8.45521e-13 4.22249e-13
2 57873 1.1281e-12 5.19073e-13
2 57894 1.05908e-12 5.30415e-13
2 57895 1.85498e-12 7.31871e-13
2 57906 1.59261e-12 7.87263e-13
2 57923 1.55812e-12 5.94377e-13
2 57932 5.87825e-13 2.54763e-13
2 58226 6.03374e-13 4.32024e-13
2 58227 4.82651e-13 2.56926e-13
2 58228 7.14358e-13 4.54949e-13
2 58251 4.97106e-13 3.27943e-13
2 58277 1.01247e-12 4.82225e-13
2 58287 6.60825e-13 2.99808e-13
