2023/2023ApJ...950..152A/LAT-000179-1-lc.ecsv
# %ECSV 0.9
# ---
# datatype:
# - {name: e_min, unit: GeV, datatype: float64}
# - {name: e_max, unit: GeV, datatype: float64}
# - {name: time, unit: MJD, datatype: float64}
# - {name: flux, unit: cm-2 s-1, datatype: float64}
# - {name: flux_err, unit: cm-2 s-1, datatype: float64}
# - {name: ts, datatype: float64}
# meta: !!omap
# - data_type: lc
# - source_id: 179
# - file_id: 1
# - reference_id: 2023ApJ...950..152A
# - telescope: lat
# - comments: |
#       Figure 3
e_min e_max time flux flux_err ts
[from data line 183]
0.1  300.  57175.50077759259 11.448886515371354 10.207668786246586 9.212369046377148
0.1  300.  57175.75077759259 22.622637057651414 14.53008634701477 6.048206003891437
0.1  300.  57176.00077759259 1.8281885341148023 15.623230909918277 0.01425319212762588
0.1  300.  57176.25077759259 4.346588634261696e-05 9.834430035697e-06 -5.1256148481115815e-06
0.1  300.  57176.50077759259 4.346588417105988e-05 3.4143847070227877e-06 -1.1137824571960664e-05
0.1  300.  57176.75077759259 4.346883145659216e-05 0.0004649723172014934 -2.3692673494224437e-06
0.1  300.  57177.00077759259 34.72437531630793 20.70168674589904 8.205988233797711
0.1  300.  57177.25077759259 4.346610036163187e-05 0.00012280797623983607 -2.4997929699566157e-06
0.1  300.  57177.50077759259 41.13366833789617 28.067952724255555 28.01360273183934
0.1  300.  57177.75077759259 134.85456473808486 37.028720443406264 151.82304076702076
0.1  300.  57178.00077759259 199.24391571873286 52.19164663967494 169.24070749370037
0.1  300.  57178.25077759259 73.75276216721795 33.64083115765088 61.448989959845335
0.1  300.  57178.50077759259 77.52111548471214 32.05683171597074 51.805898210183955
0.1  300.  57178.75077759259 15.71038138062659 10.521346747310826 14.214917817185665
0.1  300.  57179.00077759259 26.666702155239637 22.546168645911347 29.83294645206024
0.1  300.  57179.25077759259 10.268992598432023 9.008096130878636 22.655868670451753
0.1  300.  57179.50077759259 17.693560324364864 14.070045779281296 7.300432413549174
0.1  300.  57179.75077759259 5.474202976015124 9.743274469198045 0.5114020390378755
0.1  300.  57180.00077759259 109.03839549810176 41.56302653500388 56.7405772507808
0.1  300.  57180.25077759259 86.87215668861108 34.24973842337556 37.83463330949064
0.1  300.  57180.50077759259 53.528641334019476 26.948875898972755 56.84055159265449
0.1  300.  57180.75077759259 29.148064291848147 10.328534581936898 80.53826362894927
0.1  300.  57181.00077759259 67.5465088698536 32.44335922525325 44.289739728912764
0.1  300.  57181.25077759259 52.7994269205115 26.127400251619385 48.67774926116141
0.1  300.  57181.50077759259 4.346604269472707e-05 6.88033102359835e-05 -5.845872124154994e-06
0.1  300.  57181.75077759259 18.822670209008695 14.982578203305687 3.662157475027925
0.1  300.  57182.00077759259 10.856758623707607 27.838239148524526 0.17955306826956985
0.1  300.  57182.25077759259 15.81813214068687 16.49602335297136 1.6300371201392636
0.1  300.  57182.50077759259 5.0201540333860875 6.335315082782671 1.520986647069435
0.1  300.  57182.75077759259 4.346861285317896e-05 0.0003336471918964021 -4.260511332176975e-06
0.1  300.  57183.00077759259 9.181790816578461 15.359468198124816 0.562853505785597
0.1  300.  57183.25077759259 15.514159934107195 7.850257273827201 41.27990497667565
0.1  300.  57183.50077759259 7.091388824531706 7.105814511043887 3.999951495723508
0.1  300.  57183.75077759259 17.946854163580575 11.79673556347493 10.714026949586696
0.1  300.  57184.00077759259 4.346590781690369e-05 3.825828485400006e-05 -2.882178250729339e-06
0.1  300.  57184.25077759259 18.669485426239575 28.10907311492055 0.5788074692330838
0.1  300.  57184.50077759259 27.321895989949546 16.348242569527795 28.636656422974397
0.1  300.  57184.75077759259 28.184530468786036 13.470550148535452 45.55512605843103
0.1  300.  57185.00077759259 14.29599423986394 10.651389512785842 19.329201474182895
0.1  300.  57185.25077759259 17.99229402884228 11.84897965345414 13.46667301114121
0.1  300.  57185.50077759259 54.737380717147694 21.494683809603703 84.29142060802087
0.1  300.  57185.75077759259 35.922650213381715 19.178454912648714 31.368689315824554
0.1  300.  57186.00077759259 91.5717084833711 50.23765739435116 42.07723059208621
0.1  300.  57186.25077759259 54.562812095322954 39.12086956150127 47.893372308549374
0.1  300.  57186.50077759259 45.619955113015656 24.726968760135218 29.41669491008895
0.1  300.  57186.75077759259 34.178153062593125 26.430586889652552 24.442190529517006
0.1  300.  57187.00077759259 87.92156649080273 45.52582948551264 26.822005023541294
0.1  300.  57187.25077759259 16.519321637734887 9.844754150532207 28.495095886510626
0.1  300.  57187.50077759259 10.906598919545846 5.555629480473612 33.46633122591527
0.1  300.  57187.75077759259 35.79906103730048 14.368874963433909 52.29178114937724
0.1  300.  57188.00077759259 4.3465904680210124e-05 3.735874202517661e-05 -2.645410575041751e-06
0.1  300.  57188.25077759259 18.88208997094193 11.179741109054557 9.356193361689407
0.1  300.  57188.50077759259 10.042945357006069 5.855415939670587 47.71015414811268
0.1  300.  57188.75077759259 6.792912410953423 4.809787368107406 28.836930551825503
0.1  300.  57189.00077759259 20.69471737860806 25.436483296019073 17.496047379736524
