2023/2023ApJ...950..152A/LAT-000179-1-lc.ecsv
# %ECSV 0.9
# ---
# datatype:
# - {name: e_min, unit: GeV, datatype: float64}
# - {name: e_max, unit: GeV, datatype: float64}
# - {name: time, unit: MJD, datatype: float64}
# - {name: flux, unit: cm-2 s-1, datatype: float64}
# - {name: flux_err, unit: cm-2 s-1, datatype: float64}
# - {name: ts, datatype: float64}
# meta: !!omap
# - data_type: lc
# - source_id: 179
# - file_id: 1
# - reference_id: 2023ApJ...950..152A
# - telescope: lat
# - comments: |
#       Figure 3
e_min e_max time flux flux_err ts
0.1  300.  57128.25077759259 4.3465885377480476e-05 7.701809481144456e-06 -5.822190075832623e-06
0.1  300.  57128.50077759259 3.8863499424677803 10.143152805684101 0.1870478133745337
0.1  300.  57128.75077759259 4.346588392977577e-05 2.5224636487227735e-06 -1.259501243566774e-05
0.1  300.  57129.00077759259 13.60615382320622 12.161570454735505 2.3993429860238393
0.1  300.  57129.25077759259 14.713954197730466 19.49800639813373 0.9907190294221095
0.1  300.  57129.50077759259 3.574492979892819 5.611747937742445 0.7504085614658607
0.1  300.  57129.75077759259 4.347091494497296e-05 0.000494039810733187 -3.581625492188323e-06
0.1  300.  57130.00077759259 24.99439928459772 16.770576554340977 10.185699991221156
0.1  300.  57130.25077759259 4.346588344720752e-05 2.908264517599244e-06 -3.7265963044319506e-06
0.1  300.  57130.50077759259 10.318440725003756 10.101401728879246 4.6778752414336395
0.1  300.  57130.75077759259 4.346599902230127e-05 4.943675430672717e-05 -8.211633826249454e-06
0.1  300.  57131.00077759259 4.346588417105988e-05 3.550283552814207e-06 -1.0302649002369435e-05
0.1  300.  57131.25077759259 4.346588441234401e-05 5.282094412122007e-06 -5.957117650723376e-06
0.1  300.  57131.50077759259 4.347414067238033e-05 0.0007928522821733578 -2.2820163394499104e-06
0.1  300.  57131.75077759259 7.225771537226656 7.059144694031627 5.644015750248968
0.1  300.  57132.00077759259 4.3465887066469336e-05 8.318433065459636e-06 -8.790977119588206e-06
0.1  300.  57132.25077759259 4.3465886825185205e-05 9.695282070436821e-06 -6.193673073084938e-06
0.1  300.  57132.50077759259 1.3549645013281133 13.054027301265315 0.01138485706371739
0.1  300.  57132.75077759259 4.503408328862947e-05 0.0040422496814607484 -1.728423478652985e-05
0.1  300.  57133.00077759259 4.346588344720752e-05 9.204763093361689e-07 -1.2012767115265888e-05
0.1  300.  57133.25077759259 14.797762967485085 20.492267462756164 0.791279169998063
0.1  300.  57133.50077759259 4.346588344720752e-05 8.341518997645728e-07 -1.704594291140893e-05
0.1  300.  57134.00077759259 4.3465884653628115e-05 4.6376058387336056e-06 -9.469095857639331e-06
0.1  300.  57134.25077759259 4.346588344720752e-05 8.363717265831686e-07 -9.57586917138542e-06
0.1  300.  57134.50077759259 2.6857775808465347 8.631108249951096 0.11797384661826982
0.1  300.  57134.75077759259 4.346588634261696e-05 6.504502097057053e-06 -1.1441039646342688e-05
0.1  300.  57135.00077759259 4.34658877903217e-05 1.0524593911553664e-05 -6.631140536228486e-06
0.1  300.  57135.25077759259 4.346588344720752e-05 1.4380103518402772e-08 -7.95343873960519e-06
0.1  300.  57135.50077759259 11.624923770244296 9.518308103723612 6.409670581015803
0.1  300.  57135.75077759259 4.3478112450288386e-05 0.0008456293753442734 -2.971497906401055e-06
0.1  300.  57136.00077759259 20.263378829153144 20.94345253245754 1.57684986364211
0.1  300.  57136.25077759259 25.90313577958911 18.620266036377924 5.7298165063440365
0.1  300.  57136.50077759259 3.170102086735823 11.95698017507863 0.07749584596729164
0.1  300.  57136.75077759259 26.190676923076225 15.273662331559628 11.045324211198817
0.1  300.  57137.00077759259 17.74246258592611 16.20921118201032 7.812443629289419
0.1  300.  57137.25077759259 17.99653183008185 17.317357129455704 5.31746823083941
0.1  300.  57137.50077759259 8.052513384188488 7.7860183552282685 7.574618181179176
0.1  300.  57137.75077759259 7.835840997106544 7.681506059284431 4.603135417912654
0.1  300.  57138.00077759259 4.346598164984457e-05 6.436577025833033e-05 -4.118176036627119e-06
0.1  300.  57138.25077759259 9.398447436728292 10.07168383585252 3.4869201696847654
0.1  300.  57138.50077759259 6.309299345947729 9.410306462114264 0.7064711555665326
0.1  300.  57139.00077759259 23.128625439955975 24.110990126513638 1.9132800386677218
0.1  300.  57139.25077759259 67.18845229204365 36.10280284006675 14.376104840363325
0.1  300.  57139.50077759259 2.0084756420894894 5.440070217543249 0.18266808152213798
0.1  300.  57139.75077759259 20.087690605337368 11.953139443721858 8.666433931346432
0.1  300.  57140.00077759259 4.346589623526592e-05 2.2070475893331948e-05 -4.57671080766886e-06
0.1  300.  57140.25077759259 4.346598551039051e-05 7.481155543240296e-05 -3.166309340940643e-06
0.1  300.  57140.50077759259 4.6236389755745164e-05 0.009338135959433207 -5.8735457741931896e-06
0.1  300.  57140.75077759259 7.883533934733602 8.978738078269632 1.4316183658249884
0.1  300.  57141.00077759259 4.346600457183604e-05 9.120931820337173e-05 -2.5318394705209357e-06
0.1  300.  57141.25077759259 8.911951244324841 13.496786978777708 0.7882525475631041
0.1  300.  57141.50077759259 11.524542598388678 9.152562601035616 22.43245166178758
0.1  300.  57141.75077759259 4.3468511513848345e-05 0.0003928867958576096 -2.9583302421087865e-06
0.1  300.  57142.00077759259 4.346588344720752e-05 2.0621598884017872e-06 -8.90030793243568e-06
0.1  300.  57142.25077759259 4.346588586004874e-05 9.274798303211712e-06 -4.721111963590374e-06
0.1  300.  57142.50077759259 21.450542288439635 11.842141193611498 15.06364585901838
0.1  300.  57142.75077759259 3.0109469346634823 7.096889732330571 0.24235464267951556
0.1  300.  57143.00077759259 20.523818736341227 19.08866890239854 3.436319667829366
0.1  300.  57143.25077759259 26.020548951765193 18.41848917703532 5.040123672624588
0.1  300.  57143.50077759259 46.722097243192714 28.37985947657788 18.795149591292784
0.1  300.  57144.00077759259 9.323402383648258 9.60055724787098 4.389410513566645
0.1  300.  57145.00077759259 8.961207559235056 13.81642166258611 0.6241236059704534
0.1  300.  57145.25077759259 4.34658877903217e-05 9.62512442931479e-06 -7.929135790618602e-06
0.1  300.  57145.50077759259 31.390642210615468 16.04329329747333 11.329715025065525
0.1  300.  57145.75077759259 7.557505915324892 7.980905464501004 3.9205885196200825
0.1  300.  57146.00077759259 4.346588344720752e-05 4.299887956251649e-07 -1.1698975754370622e-05
0.1  300.  57146.25077759259 4.710780079651262 14.222062148825781 0.138938606287752
0.1  300.  57146.50077759259 21.661924765153618 13.23071701843611 12.862100189266812
0.1  300.  57146.75077759259 24.07162607509382 13.474868734943213 8.521422910953788
0.1  300.  57147.00077759259 19.369474762270436 15.580611830868149 7.641031495226116
0.1  300.  57147.25077759259 32.77518764172 18.146437250725 15.911517502807556
0.1  300.  57147.50077759259 39.154174715521485 17.548767148181646 60.085893196125994
0.1  300.  57147.75077759259 18.46939640708076 13.519650907318153 4.061577368112239
0.1  300.  57148.00077759259 31.592939677054634 22.96196757231508 9.90199767147243
0.1  300.  57148.25077759259 22.053706306198038 16.06544508144196 7.876168481611671
0.1  300.  57148.50077759259 4.346600577825663e-05 4.826339406388729e-05 -9.135966479334456e-06
0.1  300.  57148.75077759259 15.305973235169999 13.517489006541078 2.3086965372433497
0.1  300.  57149.00077759259 4.156911405885126 11.6260223547374 0.15889636966960552
0.1  300.  57149.25077759259 21.53014358957646 10.525673303813345 51.2120410775957
0.1  300.  57149.50077759259 33.66771900633486 22.95804628219017 48.83048582990284
0.1  300.  57149.75077759259 4.346602073787212e-05 5.975635235268209e-05 -6.680686794879875e-06
0.1  300.  57150.00077759259 33.437312155338226 21.89692266526543 11.543262066012346
0.1  300.  57150.25077759259 78.96684546523412 41.51609043920383 17.49480048569194
0.1  300.  57150.50077759259 90.04181962834814 28.738483362140226 83.45732330756255
0.1  300.  57150.75077759259 25.0994965912884 14.634182534008405 13.681040713867787
0.1  300.  57151.00077759259 9.456097983269027 9.370959692273265 10.458959344672735
0.1  300.  57151.25077759259 5.715279376603739 8.282992028220885 0.9455712613946048
0.1  300.  57151.50077759259 2.3753057161701276 5.664114136298445 0.24805692997222195
0.1  300.  57151.75077759259 8.037662904977992 8.224712133775904 4.352796771393855
0.1  300.  57152.00077759259 4.346588344720752e-05 1.226381574853442e-07 -9.496004111042566e-06
0.1  300.  57152.25077759259 19.335271800125106 12.97699142460972 6.344975635963237
0.1  300.  57152.50077759259 22.71874695030763 17.70095113407347 4.06387282940409
0.1  300.  57152.75077759259 16.314680120415943 12.865205945650924 5.388337989521858
0.1  300.  57153.00077759259 29.32308134662216 19.18685636294547 5.307770156105676
0.1  300.  57153.25077759259 11.149210234155452 13.644624301830815 1.251979771044546
0.1  300.  57153.50077759259 4.357493301190209e-05 0.0074865307573552115 -3.3719413750077365e-07
0.1  300.  57153.75077759259 51.236160214438705 29.407303379900988 18.99718386784059
0.1  300.  57154.00077759259 4.3465885618764614e-05 8.583987713102184e-06 -4.9072132810579205e-06
0.1  300.  57154.25077759259 29.120582314241606 15.768293434218837 11.84474021862627
0.1  300.  57154.50077759259 77.51409321161994 35.77668637069341 30.274787195436033
0.1  300.  57154.75077759259 36.53097492538639 23.00354843006644 6.829040698121787
0.1  300.  57155.00077759259 19.17981415922924 15.930708011818778 6.684486844295236
0.1  300.  57155.25077759259 29.919602435579044 17.056035051927612 36.65503159579919
0.1  300.  57155.50077759259 33.66820717148379 25.983450110687595 22.990966367505962
0.1  300.  57155.75077759259 91.27337776744923 33.77933563316849 47.27463085935187
0.1  300.  57156.00077759259 27.73753274459561 19.395806909846847 9.848984933258748
0.1  300.  57156.25077759259 27.409157780327515 17.742915390520615 26.277807963271016
0.1  300.  57156.50077759259 24.48162826634926 14.65925291488593 7.668129102321927
0.1  300.  57156.75077759259 108.95971045342071 41.274911495939044 31.599460516142585
0.1  300.  57157.00077759259 142.1196892281573 52.438955512980996 73.1068162803806
0.1  300.  57157.25077759259 100.88298847423746 32.9880877987778 105.42535880792786
0.1  300.  57157.50077759259 100.08333965588085 35.14645548511732 51.670439295690926
0.1  300.  57157.75077759259 67.3940744981386 25.55700932459554 118.44266759616653
0.1  300.  57158.00077759259 75.5081500149983 36.380900241440514 74.76028449647356
0.1  300.  57158.25077759259 54.60171017519908 30.64116408762472 30.350960398498728
0.1  300.  57158.50077759259 16.294077442669106 13.446120777146753 4.69869484370588
0.1  300.  57158.75077759259 58.53186012629219 26.87578239599493 64.41229423516472
0.1  300.  57159.00077759259 15.76786054252137 11.716448819884278 31.79959470730978
0.1  300.  57159.25077759259 17.722357453809995 12.81945387266062 11.639390074286666
0.1  300.  57159.50077759259 14.382079781590583 11.42157774085703 13.938618024512493
0.1  300.  57159.75077759259 13.72500320041985 12.959049877692092 2.6637374421102322
0.1  300.  57160.00077759259 39.256004920613954 29.612235131305432 24.836354255944798
0.1  300.  57160.25077759259 36.58408582409363 34.813111311128935 19.756150278699806
0.1  300.  57160.50077759259 32.88900502268365 18.60421993225551 9.730574972226009
0.1  300.  57160.75077759259 40.201565290095466 23.563910356657566 35.592279057536985
0.1  300.  57161.00077759259 4.346588996187878e-05 1.2374082177486606e-05 -7.4165030810036114e-06
0.1  300.  57161.25077759259 7.1525441944447925 7.316706454779985 5.415206488543845
0.1  300.  57161.50077759259 4.3465918433404996e-05 3.976817944164114e-05 -3.836699988823966e-06
0.1  300.  57161.75077759259 6.9994636682803 5.0006514120220515 25.438881568915008
0.1  300.  57162.00077759259 1.920433227586817 16.74415230154227 0.01359740997844483
0.1  300.  57162.25077759259 13.984565724710171 7.547428905091051 24.700038105793965
0.1  300.  57162.50077759259 24.52824775614574 16.05063158827073 10.738362578083752
0.1  300.  57162.75077759259 7.674929215179219 7.797920196719739 5.946460897977886
0.1  300.  57163.00077759259 26.57188110210417 15.186057422717049 11.313568661103318
0.1  300.  57163.25077759259 33.81654234731787 22.65020780502853 22.748220538469184
0.1  300.  57163.50077759259 31.869587010469456 16.456714895824863 14.603871294654482
0.1  300.  57163.75077759259 12.536495506731269 12.634266454780088 2.9842207690855957
0.1  300.  57164.00077759259 43.2771683530074 18.84848659360564 23.521530478856278
0.1  300.  57164.25077759259 17.881807928466312 35.0690333089453 16.426286002214056
0.1  300.  57164.50077759259 4.346590998846078e-05 2.4743239753015577e-05 -7.547679501840321e-06
0.1  300.  57164.75077759259 35.99533566507812 23.5986671769923 37.23752148829999
0.1  300.  57165.00077759259 13.188662606532372 14.0825790004402 1.5820349138793972
0.1  300.  57165.25077759259 29.369840505000976 19.951338942808004 8.940013130390184
0.1  300.  57165.50077759259 4.346588344720752e-05 2.9815089916274607e-06 -6.342756364574598e-06
0.1  300.  57165.75077759259 2.2461305190544354 7.142875994272707 0.12545876030247882
0.1  300.  57166.00077759259 2.8947990281883675 11.663030365011057 0.07279720388197575
0.1  300.  57166.25077759259 12.93346233631823 11.240684548214498 8.506481656195945
0.1  300.  57166.50077759259 7.543193840712717 5.594951121541898 19.892391614078804
0.1  300.  57166.75077759259 11.84819696247715 10.393217135387376 4.245426693370291
0.1  300.  57167.00077759259 4.3465948835204184e-05 5.287279401877534e-05 -4.066186818363349e-06
0.1  300.  57167.25077759259 4.346589502884531e-05 1.8022429079118323e-05 -6.152042089979659e-06
0.1  300.  57167.50077759259 12.973810187479344 12.132570343542117 2.7410196874971007
0.1  300.  57167.75077759259 10.793481827456352 12.514516689877064 1.2439860958962754
0.1  300.  57168.00077759259 4.346591071231315e-05 2.4362794170234984e-05 -7.96313389628267e-06
0.1  300.  57168.25077759259 89.23623123059383 56.41176215906626 19.343665537012157
0.1  300.  57168.50077759259 4.346908408106637e-05 0.0006758364510483645 -1.2169597312094993e-06
0.1  300.  57168.75077759259 4.346588730775346e-05 8.070757826424581e-06 -1.0132304851140361e-05
0.1  300.  57169.00077759259 58.39168115446405 34.94836380082171 21.628138769002135
0.1  300.  57169.25077759259 19.37014939035628 17.32655813535564 20.04548521076663
0.1  300.  57169.50077759259 20.653063560406846 15.12028929369868 4.63848121120941
0.1  300.  57169.75077759259 4.346671418843452e-05 0.00029355091486723184 -1.6743779269745573e-06
0.1  300.  57170.00077759259 4.435434635049793e-05 0.005257411422959276 -5.7013954801732325e-06
0.1  300.  57170.25077759259 21.37467524696646 14.29966312584642 6.171021125807499
0.1  300.  57170.50077759259 4.346593484072519e-05 3.826301110698373e-05 -6.107607646299584e-06
0.1  300.  57170.75077759259 12.140357907464614 20.86417588438584 0.39572003444254733
0.1  300.  57171.00077759259 4.346588344720752e-05 1.239662820421034e-07 -1.3478144865075592e-05
0.1  300.  57171.25077759259 4.3465886583901087e-05 8.01418761298791e-06 -8.750851009153848e-06
0.1  300.  57171.50077759259 1.1002922393532741 8.69941272758237 0.017428380650130748
0.1  300.  57171.75077759259 7.350855756544407 7.850779756043504 3.58282002723422
0.1  300.  57172.00077759259 18.99237585692647 13.26414020939436 7.983860345719677
0.1  300.  57172.25077759259 4.346589044444701e-05 1.2910082539569157e-05 -7.20129651199386e-06
0.1  300.  57172.50077759259 4.346657520878109e-05 0.00027323947427658653 -1.609135892977065e-06
0.1  300.  57172.75077759259 14.55903976162869 13.61031512988102 4.286472742450542
0.1  300.  57173.00077759259 11.464967298572533 15.543464842822152 0.7880025481232451
0.1  300.  57173.25077759259 17.78821321286237 13.409298188896155 6.538991028227542
0.1  300.  57173.50077759259 16.57154986328324 11.305686454502085 12.571527215086917
0.1  300.  57173.75077759259 5.734675758720786 8.818718887781952 0.7336771538907669
0.1  300.  57174.00077759259 4.346589116829938e-05 1.3156297896238492e-05 -7.736649365597259e-06
0.1  300.  57174.25077759259 18.5166874357287 14.016445283052368 5.948423073442996
0.1  300.  57174.50077759259 9.497785210699526 9.51648613384782 4.938602499944977
0.1  300.  57174.75077759259 36.60059100729987 16.338526211182046 25.38490682416932
0.1  300.  57175.00077759259 23.087575199708123 23.78841898166899 25.786061500582377
