2024/2024ApJ...973..134A/MW-000180-sed-4.ecsv
# %ECSV 0.9
# ---
# datatype:
# - {name: e_ref, unit: eV, datatype: float32}
# - {name: e2dnde, unit: erg cm-2 s-1, datatype: float32}
# - {name: e_errn, unit: eV, datatype: float32}
# - {name: e_errp, unit: eV, datatype: float32}
# - {name: e2dnde_errn, unit: erg cm-2 s-1, datatype: float32}
# - {name: e2dnde_errp, unit: erg cm-2 s-1, datatype: float32}
# - {name: e2dnde_ul, unit: erg cm-2 s-1, datatype: float32}
# - {name: observatory, datatype: string}
# meta: !!omap
# - {data_type: sed}
# - {source_id: 180}
# - {file_id: 4}
# - {reference_id: 2024ApJ...973..134A }
# - {telescope: veritas}
# - mjd: {max: 57843, min: 57813}
# - comments: |
#     Figure 6 (labeled Post flare)
e_ref  e2dnde e_errn  e_errp  e2dnde_errn  e2dnde_errp e2dnde_ul observatory
3.0604E-07    4.5880E-16    0.0000E+00    0.0000E+00    5.9200E-17    5.9200E-17  nan   VLSS
1.1146E-05    5.7673E-14    0.0000E+00    0.0000E+00    2.9645E-15    2.9645E-15  nan   KUEHR
1.1146E-05    5.0397E-14    0.0000E+00    0.0000E+00    1.8865E-15    1.8865E-15  nan   KUEHR
3.7221E-04    1.9260E-12    0.0000E+00    0.0000E+00    2.2500E-13    2.2500E-13  nan   KUEHR
1.1146E-05    9.7559E-14    0.0000E+00    0.0000E+00    3.5035E-15    3.5035E-15  nan   KUEHR
1.1166E-05    9.2340E-14    0.0000E+00    0.0000E+00    3.2400E-15    3.2400E-15  nan   KUEHR
1.8962E-05    7.9779E-14    0.0000E+00    0.0000E+00    4.1265E-15    4.1265E-15  nan   KUEHR
2.0716E-05    1.3474E-13    0.0000E+00    0.0000E+00    5.0090E-15    5.0090E-15  nan   KUEHR
2.0203E-05    1.4948E-13    0.0000E+00    0.0000E+00    7.3275E-15    7.3275E-15  nan   KUEHR
2.0678E-05    1.3050E-13    0.0000E+00    0.0000E+00    1.0000E-15    1.0000E-15  nan   KUEHR
3.3437E-05    3.1208E-13    0.0000E+00    0.0000E+00    1.5362E-14    1.5362E-14  nan   KUEHR
3.7056E-04    3.0822E-12    0.0000E+00    0.0000E+00    2.3296E-13    2.3296E-13  nan   KUEHR
2.7295E-05    4.9236E-13    0.0000E+00    0.0000E+00    1.2540E-14    1.2540E-14  nan   KUEHR
2.7295E-05    2.0592E-13    0.0000E+00    0.0000E+00    7.9200E-15    7.9200E-15  nan   KUEHR
1.5095E-06    3.1390E-15    0.0000E+00    0.0000E+00    4.0150E-16    4.0150E-16  nan   KUEHR
2.5062E-06    4.7874E-15    0.0000E+00    0.0000E+00    4.2420E-16    4.2420E-16  nan   KUEHR
3.1018E-06    1.0650E-14    0.0000E+00    0.0000E+00    7.5000E-16    7.5000E-16  nan   KUEHR
5.7031E-06    2.0133E-14    0.0000E+00    0.0000E+00    9.6530E-16    9.6530E-16  nan   KUEHR
5.8313E-06    3.0456E-14    0.0000E+00    0.0000E+00    1.4100E-16    1.4100E-16  nan   KUEHR
1.6874E-06    5.0592E-15    0.0000E+00    0.0000E+00    8.5680E-16    8.5680E-16  nan   KUEHR
1.1146E-05    3.2340E-14    0.0000E+00    0.0000E+00    2.1560E-15    2.1560E-15  nan   KUEHR
1.5095E-06    3.1025E-15    0.0000E+00    0.0000E+00    5.1100E-16    5.1100E-16  nan   KUEHR
3.7221E-04    2.3760E-12    0.0000E+00    0.0000E+00    2.6100E-13    2.6100E-13  nan   KUEHR
1.3151E-06    4.0386E-15    0.0000E+00    0.0000E+00    5.0880E-16    5.0880E-16  nan   KUEHR
6.1373E-06    2.5376E-14    0.0000E+00    0.0000E+00    1.3356E-15    1.3356E-15  nan   KUEHR
6.9066E-06    2.0875E-14    0.0000E+00    0.0000E+00    1.5030E-15    1.5030E-15  nan   KUEHR
6.9066E-06    6.3460E-14    0.0000E+00    0.0000E+00    5.8450E-15    5.8450E-15  nan   KUEHR
1.7783E-06    5.5040E-15    0.0000E+00    0.0000E+00    3.4400E-16    3.4400E-16  nan   KUEHR
3.3437E-05    2.5629E-13    0.0000E+00    0.0000E+00    1.1319E-14    1.1319E-14  nan   KUEHR
1.2986E-04    1.7396E-12    0.0000E+00    0.0000E+00    1.0362E-13    1.0362E-13  nan   KUEHR
1.2986E-04    1.4130E-12    0.0000E+00    0.0000E+00    1.4130E-13    1.4130E-13  nan   KUEHR
1.2986E-04    1.0645E-12    0.0000E+00    0.0000E+00    9.7340E-14    9.7340E-14  nan   KUEHR
9.1729E-05    6.2118E-13    0.0000E+00    0.0000E+00    9.5396E-14    9.5396E-14  nan   KUEHR
9.0985E-05    1.8920E-12    0.0000E+00    0.0000E+00    6.6000E-14    6.6000E-14  nan   KUEHR
3.7221E-04    3.8700E-12    0.0000E+00    0.0000E+00    4.2300E-13    4.2300E-13  nan   KUEHR
3.3437E-05    5.3604E-13    0.0000E+00    0.0000E+00    2.0212E-14    2.0212E-14  nan   KUEHR
4.3425E-05    9.6915E-13    0.0000E+00    0.0000E+00    1.5750E-14    1.5750E-14  nan   KUEHR
4.3425E-05    1.9740E-13    0.0000E+00    0.0000E+00    7.3500E-15    7.3500E-15  nan   KUEHR
4.4252E-05    3.7753E-13    0.0000E+00    0.0000E+00    2.1390E-15    2.1390E-15  nan   KUEHR
6.2283E-05    3.0429E-13    0.0000E+00    0.0000E+00    1.6570E-14    1.6570E-14  nan   KUEHR
9.0985E-05    3.8280E-13    0.0000E+00    0.0000E+00    2.2000E-14    2.2000E-14  nan   KUEHR
6.2035E-05    7.0800E-13    0.0000E+00    0.0000E+00    3.6000E-14    3.6000E-14  nan   KUEHR
1.1745E-04    1.6706E-12    0.0000E+00    0.0000E+00    2.6466E-14    2.6466E-14  nan   Planck_PCCS
1.8238E-04    2.4997E-12    0.0000E+00    0.0000E+00    7.0311E-14    7.0311E-14  nan   Planck_PCCS
2.9115E-04    3.6862E-12    0.0000E+00    0.0000E+00    7.7794E-14    7.7794E-14  nan   Planck_PCCS
4.1357E-04    5.7386E-12    0.0000E+00    0.0000E+00    6.8824E-14    6.8824E-14  nan   Planck_PCCS
5.9140E-04    7.5861E-12    0.0000E+00    0.0000E+00    7.1796E-14    7.1796E-14  nan   Planck_PCCS
8.9744E-04    9.3745E-12    0.0000E+00    0.0000E+00    8.7886E-14    8.7886E-14  nan   Planck_PCCS
1.4599E-03    1.3463E-11    0.0000E+00    0.0000E+00    4.1806E-13    4.1806E-13  nan   Planck_PCCS
2.2539E-03    1.4662E-11    0.0000E+00    0.0000E+00    9.7057E-13    9.7057E-13  nan   Planck_PCCS
3.5443E-03    2.0287E-11    0.0000E+00    0.0000E+00    2.9360E-12    2.9360E-12  nan   Planck_PCCS
6.2035E-05      1.4425e-12      0.0000E+00      0.0000E+00      1.7835e-14      1.7835e-14   nan   OVRO
6.328E-05       4.4E-13         0.0000E+00      0.0000E+00      2.5E-13         2.5E-13      nan   Radio_Core
1.7783E-04      1.2122E-12      0.0000E+00      0.0000E+00      6.751E-14       6.751E-14    nan   Radio_Core
1.9113E+00    4.0142E-11    0.0000E+00    0.0000E+00    1.3507E-12    1.3507E-12  nan  R-Band
1.62281652    6.7336e-12    0.0000E+00    0.0000E+00    0.0000E+00    0.0000E+00   nan FLWO_48"
1.99009923    6.4212e-12    0.0000E+00    0.0000E+00    0.0000E+00    0.0000E+00   nan FLWO_48"
2.25423967    6.1229e-12    0.0000E+00    0.0000E+00    0.0000E+00    0.0000E+00   nan FLWO_48"
2.81779959    5.5401e-12    0.0000E+00    0.0000E+00    0.0000E+00    0.0000E+00   nan FLWO_48"
2.2675E+00    4.2798E-11    0.0000E+00    0.0000E+00    2.2128E-12    2.2128E-12  nan   Swift-UVOT
2.8230E+00    4.3501E-11    0.0000E+00    0.0000E+00    2.4700E-12    2.4700E-12  nan   Swift-UVOT
3.5782E+00    4.1923E-11    0.0000E+00    0.0000E+00    2.1709E-12    2.1709E-12  nan   Swift-UVOT
4.7686E+00    3.5972E-11    0.0000E+00    0.0000E+00    2.5134E-12    2.5134E-12  nan   Swift-UVOT
5.5202E+00    3.9201E-11    0.0000E+00    0.0000E+00    3.1716E-12    3.1716E-12  nan   Swift-UVOT
6.4307E+00    3.1953E-11    0.0000E+00    0.0000E+00    2.5222E-12    2.5222E-12  nan   Swift-UVOT
3.2000E+02    1.2988E-11    2.0000E+01    2.0000E+01    3.3972E-13    3.3972E-13  nan   Swift-XRT
3.6000E+02    1.2258E-11    2.0000E+01    2.0000E+01    3.6705E-13    3.6705E-13  nan   Swift-XRT
4.0000E+02    9.9112E-12    2.0000E+01    2.0000E+01    3.5355E-13    3.5355E-13  nan   Swift-XRT
4.4000E+02    9.4669E-12    2.0000E+01    2.0000E+01    3.5848E-13    3.5848E-13  nan   Swift-XRT
4.8000E+02    8.7839E-12    2.0000E+01    2.0000E+01    3.6543E-13    3.6543E-13  nan   Swift-XRT
5.3000E+02    7.4097E-12    3.0000E+01    3.0000E+01    3.0316E-13    3.0316E-13  nan   Swift-XRT
5.9000E+02    8.1616E-12    3.0000E+01    3.0000E+01    3.3659E-13    3.3659E-13  nan   Swift-XRT
6.5500E+02    7.0557E-12    3.5000E+01    3.5000E+01    3.0145E-13    3.0145E-13  nan   Swift-XRT
7.2500E+02    7.1485E-12    3.5000E+01    3.5000E+01    3.0363E-13    3.0363E-13  nan   Swift-XRT
7.9500E+02    6.6505E-12    3.5000E+01    3.5000E+01    2.9619E-13    2.9619E-13  nan   Swift-XRT
8.6500E+02    6.4334E-12    3.5000E+01    3.5000E+01    2.9524E-13    2.9524E-13  nan   Swift-XRT
9.4000E+02    5.9566E-12    4.0000E+01    4.0000E+01    2.6838E-13    2.6838E-13  nan   Swift-XRT
1.0250E+03    5.3100E-12    4.5000E+01    4.5000E+01    2.4501E-13    2.4501E-13   nan   Swift-XRT
1.1150E+03    5.5493E-12    4.5000E+01    4.5000E+01    2.5901E-13    2.5901E-13   nan   Swift-XRT
1.2100E+03    5.1179E-12    5.0000E+01    5.0000E+01    2.4669E-13    2.4669E-13   nan   Swift-XRT
1.3250E+03    4.4080E-12    6.5000E+01    6.5000E+01    2.1399E-13    2.1399E-13   nan   Swift-XRT
1.4600E+03    4.6247E-12    7.0000E+01    7.0000E+01    2.3137E-13    2.3137E-13   nan   Swift-XRT
1.6100E+03    5.5176E-12    8.0000E+01    8.0000E+01    2.6927E-13    2.6927E-13   nan   Swift-XRT
1.8150E+03    4.8835E-12    1.2500E+02    1.2500E+02    2.4268E-13    2.4268E-13   nan   Swift-XRT
2.1250E+03    4.9480E-12    1.8500E+02    1.8500E+02    2.4767E-13    2.4767E-13   nan   Swift-XRT
2.6600E+03    4.6483E-12    3.5000E+02    3.5000E+02    2.3442E-13    2.3442E-13   nan   Swift-XRT
3.5000E+03    4.8578E-12    4.9000E+02    4.9000E+02    2.4748E-13    2.4748E-13   nan   Swift-XRT
5.0550E+03    5.2178E-12    1.0650E+03    1.0650E+03    2.6658E-13    2.6658E-13   nan   Swift-XRT
7.6600E+03    7.9491E-12    1.5400E+03    1.5400E+03    6.8599E-13    6.8599E-13   nan   Swift-XRT
2.2270E+08    1.2808E-11    1.2270E+08    2.7324E+08    2.5354E-12    2.74E-12  nan  Fermi-LAT
1.1044E+09    1.1783E-11    6.0849E+08    1.3551E+09    2.0844E-12    2.35E-12  nan  Fermi-LAT
5.4772E+09    8.2762E-12    3.0177E+09    6.7203E+09    3.4186E-12    4.24E-12  nan  Fermi-LAT
2.7163E+10    2.6064E-11    1.4966E+10    3.3328E+10    1.1603E-11    1.53E-11  nan  Fermi-LAT
1.3471E+11    3.0902E-11    7.4221E+10    1.6529E+11    2.6851E-11    4.51E-11  nan  Fermi-LAT
1.3335E+11    nan    1.7017E+10    2.5137E+10    nan nan 5.44E-12  VERITAS
1.8836E+11    1.55E-12    2.9876E+10    3.5507E+10    6.22E-13    6.39E-13 nan  VERITAS
2.6607E+11    9.86E-13    4.2200E+10    5.0155E+10    4.55E-13    4.69E-13 nan  VERITAS
3.7584E+11    1.19E-12    5.9610E+10    7.0846E+10    3.48E-13    3.65E-13 nan  VERITAS
5.3088E+11    nan    8.4201E+10    1.0007E+11    nan nan  7.24E-13  VERITAS
