2024/2024ApJ...973..134A/MW-000180-sed-2.ecsv
# %ECSV 0.9
# ---
# datatype:
# - {name: e_ref, unit: eV, datatype: float32}
# - {name: e2dnde, unit: erg cm-2 s-1, datatype: float32}
# - {name: e_errn, unit: eV, datatype: float32}
# - {name: e_errp, unit: eV, datatype: float32}
# - {name: e2dnde_errn, unit: erg cm-2 s-1, datatype: float32}
# - {name: e2dnde_errp, unit: erg cm-2 s-1, datatype: float32}
# - {name: e2dnde_ul, unit: erg cm-2 s-1, datatype: float32}
# - {name: observatory, datatype: string}
# meta: !!omap
# - {data_type: sed}
# - {source_id: 180}
# - {file_id: 2}
# - {reference_id: 2024ApJ...973..134A }
# - {telescope: veritas}
# - mjd: {max: 57789, min: 57785}
# - comments: |
#     Figure 6 (labeled Flare)
e_ref  e2dnde e_errn  e_errp  e2dnde_errn  e2dnde_errp e2dnde_ul observatory
3.0604E-07    4.5880E-16    0.0000E+00    0.0000E+00    5.9200E-17    5.9200E-17 nan VLSS
1.1146E-05    5.7673E-14    0.0000E+00    0.0000E+00    2.9645E-15    2.9645E-15 nan KUEHR
1.1146E-05    5.0397E-14    0.0000E+00    0.0000E+00    1.8865E-15    1.8865E-15 nan KUEHR
3.7221E-04    1.9260E-12    0.0000E+00    0.0000E+00    2.2500E-13    2.2500E-13 nan KUEHR
1.1146E-05    9.7559E-14    0.0000E+00    0.0000E+00    3.5035E-15    3.5035E-15 nan KUEHR
1.1166E-05    9.2340E-14    0.0000E+00    0.0000E+00    3.2400E-15    3.2400E-15 nan KUEHR
1.8962E-05    7.9779E-14    0.0000E+00    0.0000E+00    4.1265E-15    4.1265E-15 nan KUEHR
2.0716E-05    1.3474E-13    0.0000E+00    0.0000E+00    5.0090E-15    5.0090E-15 nan KUEHR
2.0203E-05    1.4948E-13    0.0000E+00    0.0000E+00    7.3275E-15    7.3275E-15 nan KUEHR
2.0678E-05    1.3050E-13    0.0000E+00    0.0000E+00    1.0000E-15    1.0000E-15 nan KUEHR
3.3437E-05    3.1208E-13    0.0000E+00    0.0000E+00    1.5362E-14    1.5362E-14 nan KUEHR
3.7056E-04    3.0822E-12    0.0000E+00    0.0000E+00    2.3296E-13    2.3296E-13 nan KUEHR
2.7295E-05    4.9236E-13    0.0000E+00    0.0000E+00    1.2540E-14    1.2540E-14 nan KUEHR
2.7295E-05    2.0592E-13    0.0000E+00    0.0000E+00    7.9200E-15    7.9200E-15 nan KUEHR
1.5095E-06    3.1390E-15    0.0000E+00    0.0000E+00    4.0150E-16    4.0150E-16 nan KUEHR
2.5062E-06    4.7874E-15    0.0000E+00    0.0000E+00    4.2420E-16    4.2420E-16 nan KUEHR
3.1018E-06    1.0650E-14    0.0000E+00    0.0000E+00    7.5000E-16    7.5000E-16 nan KUEHR
5.7031E-06    2.0133E-14    0.0000E+00    0.0000E+00    9.6530E-16    9.6530E-16 nan KUEHR
5.8313E-06    3.0456E-14    0.0000E+00    0.0000E+00    1.4100E-16    1.4100E-16 nan KUEHR
1.6874E-06    5.0592E-15    0.0000E+00    0.0000E+00    8.5680E-16    8.5680E-16 nan KUEHR
1.1146E-05    3.2340E-14    0.0000E+00    0.0000E+00    2.1560E-15    2.1560E-15 nan KUEHR
1.5095E-06    3.1025E-15    0.0000E+00    0.0000E+00    5.1100E-16    5.1100E-16 nan KUEHR
3.7221E-04    2.3760E-12    0.0000E+00    0.0000E+00    2.6100E-13    2.6100E-13 nan KUEHR
1.3151E-06    4.0386E-15    0.0000E+00    0.0000E+00    5.0880E-16    5.0880E-16 nan KUEHR
6.1373E-06    2.5376E-14    0.0000E+00    0.0000E+00    1.3356E-15    1.3356E-15 nan KUEHR
6.9066E-06    2.0875E-14    0.0000E+00    0.0000E+00    1.5030E-15    1.5030E-15 nan KUEHR
6.9066E-06    6.3460E-14    0.0000E+00    0.0000E+00    5.8450E-15    5.8450E-15 nan KUEHR
1.7783E-06    5.5040E-15    0.0000E+00    0.0000E+00    3.4400E-16    3.4400E-16 nan KUEHR
3.3437E-05    2.5629E-13    0.0000E+00    0.0000E+00    1.1319E-14    1.1319E-14 nan KUEHR
1.2986E-04    1.7396E-12    0.0000E+00    0.0000E+00    1.0362E-13    1.0362E-13 nan KUEHR
1.2986E-04    1.4130E-12    0.0000E+00    0.0000E+00    1.4130E-13    1.4130E-13 nan KUEHR
1.2986E-04    1.0645E-12    0.0000E+00    0.0000E+00    9.7340E-14    9.7340E-14 nan KUEHR
9.1729E-05    6.2118E-13    0.0000E+00    0.0000E+00    9.5396E-14    9.5396E-14 nan KUEHR
9.0985E-05    1.8920E-12    0.0000E+00    0.0000E+00    6.6000E-14    6.6000E-14 nan KUEHR
3.7221E-04    3.8700E-12    0.0000E+00    0.0000E+00    4.2300E-13    4.2300E-13 nan KUEHR
3.3437E-05    5.3604E-13    0.0000E+00    0.0000E+00    2.0212E-14    2.0212E-14 nan KUEHR
4.3425E-05    9.6915E-13    0.0000E+00    0.0000E+00    1.5750E-14    1.5750E-14 nan KUEHR
4.3425E-05    1.9740E-13    0.0000E+00    0.0000E+00    7.3500E-15    7.3500E-15 nan KUEHR
4.4252E-05    3.7753E-13    0.0000E+00    0.0000E+00    2.1390E-15    2.1390E-15 nan KUEHR
6.2283E-05    3.0429E-13    0.0000E+00    0.0000E+00    1.6570E-14    1.6570E-14 nan KUEHR
9.0985E-05    3.8280E-13    0.0000E+00    0.0000E+00    2.2000E-14    2.2000E-14 nan KUEHR
6.2035E-05    7.0800E-13    0.0000E+00    0.0000E+00    3.6000E-14    3.6000E-14 nan KUEHR
1.1745E-04    1.6706E-12    0.0000E+00    0.0000E+00    2.6466E-14    2.6466E-14 nan Planck_PCCS
1.8238E-04    2.4997E-12    0.0000E+00    0.0000E+00    7.0311E-14    7.0311E-14 nan Planck_PCCS
2.9115E-04    3.6862E-12    0.0000E+00    0.0000E+00    7.7794E-14    7.7794E-14 nan Planck_PCCS
4.1357E-04    5.7386E-12    0.0000E+00    0.0000E+00    6.8824E-14    6.8824E-14 nan Planck_PCCS
5.9140E-04    7.5861E-12    0.0000E+00    0.0000E+00    7.1796E-14    7.1796E-14 nan Planck_PCCS
8.9744E-04    9.3745E-12    0.0000E+00    0.0000E+00    8.7886E-14    8.7886E-14 nan Planck_PCCS
1.4599E-03    1.3463E-11    0.0000E+00    0.0000E+00    4.1806E-13    4.1806E-13 nan Planck_PCCS
2.2539E-03    1.4662E-11    0.0000E+00    0.0000E+00    9.7057E-13    9.7057E-13 nan Planck_PCCS
3.5443E-03    2.0287E-11    0.0000E+00    0.0000E+00    2.9360E-12    2.9360E-12 nan Planck_PCCS
6.2035E-05      1.2788E-12      0.0000E+00      0.0000E+00      1.5927E-14      1.5927E-14   nan   OVRO
6.328E-05       4.4E-13         0.0000E+00      0.0000E+00      2.5E-13         2.5E-13      nan  Radio_Core
1.7783E-04      1.753E-12       0.0000E+00      0.0000E+00      9.632E-14       9.632E-14    nan   Radio_Core
1.9113E+00    5.15E-11    0.0000E+00    0.0000E+00    1.89E-12    1.89E-12  nan   R-Band
1.62281652    6.7336e-12    0.0000E+00    0.0000E+00    0.0000E+00    0.0000E+00  nan  FLWO_48"
1.99009923    6.4212e-12    0.0000E+00    0.0000E+00    0.0000E+00    0.0000E+00  nan  FLWO_48"
2.25423967    6.1229e-12    0.0000E+00    0.0000E+00    0.0000E+00    0.0000E+00  nan  FLWO_48"
2.81779959    5.5401e-12    0.0000E+00    0.0000E+00    0.0000E+00    0.0000E+00  nan  FLWO_48"
2.2675E+00    5.42E-11    0.0000E+00    0.0000E+00    1.39E-12    1.39E-12    nan Swift-UVOT
2.8230E+00    5.79E-11    0.0000E+00    0.0000E+00    4.39E-12    4.39E-12    nan Swift-UVOT
3.5782E+00    5.77E-11    0.0000E+00    0.0000E+00    4.00E-12    4.00E-12    nan Swift-UVOT
4.7686E+00    5.05E-11    0.0000E+00    0.0000E+00    3.18E-12    3.18E-12    nan Swift-UVOT
5.5202E+00    5.23E-11    0.0000E+00    0.0000E+00    2.36E-12    2.36E-12    nan Swift-UVOT
6.4307E+00    4.54E-11    0.0000E+00    0.0000E+00    2.06E-12    2.06E-12    nan Swift-UVOT
3.4000E+02    2.8937E-11    4.0000E+01    4.0000E+01    8.0557E-13    8.0557E-13    nan Swift-XRT
4.1500E+02    2.3787E-11    3.5000E+01    3.5000E+01    8.8592E-13    8.8592E-13    nan Swift-XRT
4.9000E+02    2.0526E-11    4.0000E+01    4.0000E+01    8.5369E-13    8.5369E-13    nan Swift-XRT
5.7500E+02    2.2571E-11    4.5000E+01    4.5000E+01    9.3814E-13    9.3814E-13    nan Swift-XRT
6.7500E+02    2.0359E-11    5.5000E+01    5.5000E+01    8.6398E-13    8.6398E-13    nan Swift-XRT
7.8500E+02    1.7221E-11    5.5000E+01    5.5000E+01    7.9998E-13    7.9998E-13    nan Swift-XRT
9.0500E+02    1.5226E-11    6.5000E+01    6.5000E+01    7.0394E-13    7.0394E-13    nan Swift-XRT
1.0400E+03    1.4078E-11    7.0000E+01    7.0000E+01    6.7765E-13    6.7765E-13    nan Swift-XRT
1.2000E+03    1.2467E-11    9.0000E+01    9.0000E+01    6.0188E-13    6.0188E-13    nan Swift-XRT
1.3950E+03    1.3066E-11    1.0500E+02    1.0500E+02    6.3830E-13    6.3830E-13    nan Swift-XRT
1.6750E+03    1.1919E-11    1.7500E+02    1.7500E+02    5.9185E-13    5.9185E-13    nan Swift-XRT
2.3300E+03    1.0178E-11    4.8000E+02    4.8000E+02    5.1427E-13    5.1427E-13    nan Swift-XRT
5.5150E+03    7.8839E-12    2.7050E+03    2.7050E+03    4.2221E-13    4.2221E-13    nan Swift-XRT
2.2270E+08    1.3004E-11    1.2270E+08    2.7324E+08    5.5885E-12    5.5885E-12  nan  Fermi-LAT
1.1044E+09    9.4415E-12    6.0849E+08    1.3551E+09    4.2125E-12    4.2125E-12  nan  Fermi-LAT
5.4772E+09    3.6868E-11    3.0177E+09    6.7203E+09    2.0125E-11    2.0125E-11  nan  Fermi-LAT
2.7163E+10    nan    1.4966E+10    3.3328E+10    nan nan  2.3885E-11    Fermi-LAT
1.3471E+11    nan    7.4221E+10    1.6529E+11    nan nan    1.1883E-10  Fermi-LAT
1.3335E+11    1.37E-11    1.7017E+10    2.5137E+10    3.66E-12    3.93E-12  nan  VERITAS
1.8836E+11    5.18E-12    2.9876E+10    3.5507E+10    1.24E-12    1.29E-12  nan  VERITAS
2.6607E+11    2.43E-12    4.2200E+10    5.0155E+10    8.48E-13    8.90E-13  nan  VERITAS
3.7584E+11    nan    5.9610E+10    7.0846E+10    nan nan  1.75E-12    VERITAS
5.3088E+11    nan    8.4201E+10    1.0007E+11    nan nan  9.17E-13    VERITAS
7.4989E+11    nan    1.1894E+11    1.4136E+11    nan nan  1.16E-12    VERITAS
