2024/2024ApJ...973..134A/XRT-000180-lc-1.ecsv
# %ECSV 1.0
# ---
# datatype:
# - {name: Obs_id, datatype: string}
# - {name: mode, datatype: string}
# - {name: MJD, datatype: float64}
# - {name: flux_soft, unit: erg / (cm2 s), datatype: float64}
# - {name: flux_errl_soft, unit: erg / (cm2 s), datatype: float64}
# - {name: flux_erru_soft, unit: erg / (cm2 s), datatype: float64}
# - {name: flux_mod, unit: erg / (cm2 s), datatype: float64}
# - {name: flux_errl_mod, unit: erg / (cm2 s), datatype: float64}
# - {name: flux_erru_mod, unit: erg / (cm2 s), datatype: float64}
# - {name: flux_hard, unit: erg / (cm2 s), datatype: float64}
# - {name: flux_errl_hard, unit: erg / (cm2 s), datatype: float64}
# - {name: flux_erru_hard, unit: erg / (cm2 s), datatype: float64}
# meta: !!omap
# - data_type: lc
# - source_id: 180
# - reference_id: 2024ApJ...973..134A
# - telescope: xrt
# - {SED_TYPE: flux}
# - UL_CONF: 0.95
# schema: astropy-2.0
Obs_id mode MJD flux_soft flux_errl_soft flux_erru_soft flux_mod flux_errl_mod flux_erru_mod flux_hard flux_errl_hard flux_erru_hard
00030901254 wt 57723.31821732878 1.3731420573554726e-11 7.370727032122741e-13 7.788813553463769e-13 6.085560754805386e-12 3.2618469935843583e-13 3.446583077964419e-13 3.2647178198939355e-12 3.686271190776374e-13 4.155475946280678e-13
00033756090 wt 57727.69834219578 5.853767324485835e-12 5.126916440908742e-13 5.619050867847182e-13 2.1980901477502974e-12 2.0849929780534743e-13 2.303489947852692e-13 1.0027818832996162e-12 2.0132571733233427e-13 2.518987195506909e-13
00033756091 wt 57729.55812505867 4.310597169598663e-12 4.1317105007482203e-13 4.569718333057779e-13 1.9512525868746632e-12 1.8467850267512403e-13 2.0398488198600323e-13 1.0686031894706669e-12 2.1289095494486738e-13 2.658556747054227e-13
00033756092 wt 57731.81197706486 4.099668694573614e-12 3.7116513281975347e-13 4.0811388545988724e-13 2.4243748612234342e-12 1.892849003543049e-13 2.0531502626843435e-13 1.7268117761792762e-12 2.848957109931373e-13 3.411857878581923e-13
00033756093 wt 57733.54489082468 5.238841925837278e-12 4.809910982543353e-13 5.296165060243058e-13 2.5417632963979517e-12 2.199529475634076e-13 2.4078983424802236e-13 1.4898811523168717e-12 2.758513442137107e-13 3.3853017104037857e-13
00033756094 wt 57735.9351344517 3.0875876103480274e-12 3.7724259437940225e-13 4.297495535213705e-13 1.9618231728980093e-12 2.0747361245130417e-13 2.320099425157828e-13 1.4999713187765878e-12 3.3825871690830325e-13 4.367503398625875e-13
00033756095 wt 57741.24781432791 4.856928172317836e-12 4.901658830678626e-13 5.451866460517265e-13 2.6585053996763954e-12 2.365639901053534e-13 2.5967046212544925e-13 1.7544964625230187e-12 3.3767756363037203e-13 4.181579532330689e-13
00033756096 wt 57743.97149078675 1.1589820429600592e-11 6.439971011573913e-13 6.818866462244517e-13 5.719143955203961e-12 2.968538540642838e-13 3.1310569766341147e-13 3.4088661881757197e-12 3.7665796987689865e-13 4.2344605831212544e-13
00033756098 wt 57747.95716669949 8.675604484893685e-12 6.083721109873049e-13 6.542511198310677e-13 3.672024715813441e-12 2.6635191588701205e-13 2.871828492339318e-13 1.8832683231874043e-12 2.843232578317224e-13 3.3488141439106725e-13
00033756099 wt 57751.49529154394 1.1611217867236308e-11 6.969354197224413e-13 7.414384808810195e-13 5.299564544299487e-12 3.1765994098314734e-13 3.379148125915368e-13 2.9261372780351837e-12 3.686371641296293e-13 4.217723949116965e-13
00033756100 wt 57753.34107171351 1.3590721469971623e-11 7.892343200161475e-13 8.378920114698707e-13 5.0275890314853305e-12 3.063078311110598e-13 3.2618050622147824e-13 2.2610073036399513e-12 2.871134546954826e-13 3.288756476884123e-13
00033756101 wt 57755.01520542039 1.8126701204877385e-11 8.966795635190675e-13 9.433442895634464e-13 5.6092673972191e-12 3.2130520007896993e-13 3.408282276175594e-13 2.120872836371826e-12 2.549626968943293e-13 2.8980144685998066e-13
00033756102 wt 57757.93413407954 1.0971135572749968e-11 6.792171988826955e-13 7.240422729358935e-13 4.473281305121765e-12 2.9563940169593735e-13 3.165609306004261e-13 2.211781048466278e-12 3.082769785152416e-13 3.5820316306231766e-13
00033756103 wt 57759.7308887604 8.271103063530469e-12 6.426693287492827e-13 6.968120113070271e-13 3.1214141118820768e-12 2.587956370016604e-13 2.821921120537163e-13 1.431380733145808e-12 2.4354931714652605e-13 2.9348592353998347e-13
00033756105 wt 57763.7886481544 7.390060862993344e-12 5.511858442946867e-13 5.956092083889556e-13 3.345746828029667e-12 2.4569585283517577e-13 2.651685816978415e-13 1.8327702629231496e-12 2.806335652498309e-13 3.31373424737005e-13
00033756109 wt 57775.34490935337 2.3263609344762323e-12 3.203075791430614e-13 3.714512563457289e-13 1.7762153171681671e-12 1.8751196461249246e-13 2.0964368405292474e-13 1.6295978590424374e-12 3.671908730087639e-13 4.739940978899528e-13
00033756110 wt 57777.59630332943 4.04047382444641e-12 4.368895470554393e-13 4.898569433014077e-13 2.5262060013741373e-12 2.2868554573409e-13 2.514479453894735e-13 1.901003807094289e-12 3.7248569995769434e-13 4.632570137060726e-13
00033756112 wt 57781.77662743127 8.330135237133389e-12 6.059053920466406e-13 6.534339290624971e-13 3.810235411188783e-12 2.686604736784744e-13 2.8904079920898047e-13 2.108109834245769e-12 3.152682487927155e-13 3.7070765264373023e-13
00033756113 wt 57783.37183598564 1.324465302424619e-11 7.436507169775133e-13 7.878884808998202e-13 6.1853804178945725e-12 3.4293007959113076e-13 3.6305879830995044e-13 3.492791796829697e-12 4.050821853000047e-13 4.582256467947972e-13
00033756114 wt 57786.35928259982 2.757701637928585e-11 7.342882142636608e-13 7.543748156810625e-13 1.0831385217239848e-11 3.0538308507938945e-13 3.142429378023593e-13 5.164129683217696e-12 3.07250411601575e-13 3.266873401620673e-13
00033756115 wt 57787.35658311902 2.242558220133195e-11 9.76509446542116e-13 1.020966878809115e-12 8.159192368562876e-12 3.8608352221601533e-13 4.0525995330340293e-13 3.61042804849292e-12 3.593371267514947e-13 3.990540014160935e-13
00033756116 wt 57788.15394197077 2.025285235005224e-11 9.120948975457624e-13 9.551085749661958e-13 8.028151126673323e-12 3.7283055402198e-13 3.90988202770084e-13 3.861864891304747e-12 3.7475611076915495e-13 4.15030777089502e-13
00033756117 wt 57789.43334483412 1.9814724795009514e-11 9.806791002390654e-13 1.0317425580447754e-12 7.468703663003377e-12 3.9242941914118135e-13 4.1419240396911797e-13 3.420557520201885e-12 3.7863834091269794e-13 4.2576878217663133e-13
00033756118 wt 57791.07775003224 2.1950310315187663e-11 1.0675034261530332e-12 1.1220728894873385e-12 8.577819732911685e-12 4.3450831206015455e-13 4.57692673248396e-13 4.069329213337687e-12 4.338355116749103e-13 4.856065410413335e-13
00033756119 wt 57792.27462977645 2.1368003530624508e-11 8.194300269855403e-13 8.521070188461506e-13 8.571526849427769e-12 3.423099422421731e-13 3.565489759047223e-13 4.17142182999111e-12 3.4804901800327397e-13 3.7973259292257677e-13
00033756121 wt 57796.99084265922 2.147251090454502e-11 9.158749275838225e-13 9.56680577103365e-13 8.898386656366857e-12 3.863238568242939e-13 4.0385734146442377e-13 4.470257805439433e-12 4.117383049798618e-13 4.5350930836385315e-13
00033756122 wt 57799.59022672446 2.0509204857687125e-11 9.612029663375414e-13 1.0084666788965693e-12 6.416027700948885e-12 3.462674730397052e-13 3.6602132795047817e-13 2.4518972306046488e-12 2.74969763917331e-13 3.0970145444251304e-13
00034934001 wt 57799.18469895344 1.7344225360504906e-11 8.908568301033868e-13 9.39091687924476e-13 6.7816674674865815e-12 3.632521825171324e-13 3.838105512491256e-13 3.2189454573173616e-12 3.6385675614116433e-13 4.102272030330701e-13
00034934002 wt 57800.1806184255 1.9035315604952266e-11 9.411003345861088e-13 9.90048013527928e-13 5.736990007314872e-12 3.283049315906796e-13 3.482329042120724e-13 2.1144906211280626e-12 2.525085111341831e-13 2.8675188428636217e-13
00034934003 wt 57801.24438916741 1.4954286687922465e-11 8.37147447288082e-13 8.867903555682373e-13 5.477931402873574e-12 3.1851471039488625e-13 3.3817810003461617e-13 2.4398175628431315e-12 3.0581330319538757e-13 3.496378532113806e-13
00034934004 wt 57802.24153029063 1.4162770146767807e-11 7.080730288320579e-13 7.453364030845356e-13 4.6735140697685304e-12 2.6284424560030604e-13 2.7850787498073107e-13 1.8807172706732918e-12 2.2224928468131217e-13 2.5203264194751266e-13
00034934006 wt 57804.23535452546 1.1436242584803723e-11 6.582872483652545e-13 6.984935850806468e-13 3.857456014946823e-12 2.458694668023022e-13 2.6260776004262427e-13 1.5857007812934496e-12 2.1357215571812963e-13 2.4681471392142055e-13
00034934007 wt 57805.29869943703 1.010966861187122e-11 6.604081993856251e-13 7.065640857489113e-13 3.981796083038893e-12 2.737702307022508e-13 2.939831801808876e-13 1.9032588253612346e-12 2.7826986911116825e-13 3.25921959149884e-13
00034934011 wt 57809.28538625539 1.0388761645987353e-11 6.304655076801499e-13 6.711987208088252e-13 4.62263781002913e-12 2.7885304627767423e-13 2.96754260460116e-13 2.4896078800444587e-12 3.16993302728852e-13 3.6324391479051866e-13
00034934012 wt 57810.28273132215 1.2160254914338441e-11 7.410012539824014e-13 7.890852071666394e-13 4.4384809965304394e-12 2.974189153417886e-13 3.187801046861644e-13 1.9700163683131495e-12 2.76735542388826e-13 3.219628663204209e-13
00034934013 wt 57811.29068265681 9.789588643208053e-12 6.445455131130704e-13 6.899732833886482e-13 4.478683640608848e-12 2.884464938892578e-13 3.0830250129975524e-13 2.4783706586664404e-12 3.3880251680933873e-13 3.924521964576391e-13
00034934020 wt 57818.72142839945 9.433511948294599e-12 6.692822395351622e-13 7.203921181032148e-13 3.810543050181947e-12 2.8151162433036156e-13 3.039678694214612e-13 1.8669702677514383e-12 2.925176992716256e-13 3.468645917091556e-13
00034934022 wt 57823.23809969314 9.933934749341574e-12 6.804374081841185e-13 7.304720112521958e-13 3.5188729035240964e-12 2.6195064716059035e-13 2.83019047369955e-13 1.5169311277980524e-12 2.3981058580074434e-13 2.848408826058972e-13
00034934023 wt 57824.56674745118 5.721229774494063e-12 5.542331522655394e-13 6.136824628667359e-13 2.392062814824453e-12 2.389417858420869e-13 2.654582594879694e-13 1.2118579661292587e-12 2.5800666267356325e-13 3.277947289505436e-13
00034934024 wt 57825.17425939655 6.076343271810458e-12 5.212402103672497e-13 5.701486381495258e-13 2.8379255963455796e-12 2.4199100250844907e-13 2.645492154287853e-13 1.6025894794355786e-12 2.867064239235416e-13 3.4917441693758623e-13
00034934026 wt 57827.10292791921 7.052377712429954e-12 5.879307835854755e-13 6.414021184254405e-13 2.1368482901925217e-12 2.1361059159280028e-13 2.3733594019315705e-13 7.916242264363605e-13 1.6244255163206968e-13 2.043820798119797e-13
00034934027 wt 57828.16805981171 7.250827726710505e-12 5.71713184670237e-13 6.206502052091811e-13 3.7727804566818005e-12 2.633065730759824e-13 2.830617710698731e-13 2.3686372985646647e-12 3.630919630734657e-13 4.288275868539446e-13
00034934028 wt 57829.14763900929 5.763041488510253e-12 4.956509159271041e-13 5.422906756096488e-13 3.162717183545951e-12 2.338173906714016e-13 2.5248329802452673e-13 2.0926338916589562e-12 3.401377762964559e-13 4.061543031519046e-13
00034934029 wt 57830.21196559448 5.614883341352403e-12 5.096373155058123e-13 5.605124725581897e-13 3.575928848876053e-12 2.731281960232737e-13 2.9571478822298624e-13 2.740353044863477e-12 4.534194159407409e-13 5.433167195406216e-13
00034934030 wt 57831.14143271442 7.823007111855551e-12 5.747052255808025e-13 6.202726014285579e-13 3.4143228423147986e-12 2.453052789358651e-13 2.6429371262874775e-13 1.8042827447049114e-12 2.748868042431292e-13 3.2429373226478033e-13
00034934031 wt 57832.13931222822 6.98035484500269e-12 5.793690479080591e-13 6.318091726504462e-13 3.714590803067957e-12 2.754322879743912e-13 2.9749086565432833e-13 2.3845053698520577e-12 3.7615714355226915e-13 4.4661016300004355e-13
00034934032 wt 57833.1342081125 8.448903136410469e-12 6.32155941370667e-13 6.832796536053177e-13 3.4785542495818626e-12 2.6209080889530907e-13 2.8344705726377697e-13 1.7363561414989282e-12 2.8005859910751485e-13 3.339162872865855e-13
00034934033 wt 57834.13109277452 5.951069544436084e-12 5.361431027146851e-13 5.892277437864016e-13 2.81793739576489e-12 2.3036838341556413e-13 2.5087782367560124e-13 1.6129316943799665e-12 2.815811781376364e-13 3.4113571235989795e-13
00034934034 wt 57835.19369184015 6.209056792556371e-12 4.985159547610313e-13 5.420351527162374e-13 2.8618807174671937e-12 2.3279702317283626e-13 2.5341046127514836e-13 1.5952537701619499e-12 2.7376376473436447e-13 3.304774731799175e-13
00034934035 wt 57836.19037246896 7.0458655551366725e-12 5.354491551294088e-13 5.794871674643006e-13 3.720381683704331e-12 2.5729715279956057e-13 2.7641358621259686e-13 2.3698707397803874e-12 3.518173146537833e-13 4.1315138111063774e-13
00034934036 wt 57837.1282849498 6.817927302597291e-12 5.335566566996396e-13 5.788567705772854e-13 2.4911448484709815e-12 2.1357890953857361e-13 2.336072871235794e-13 1.1068367330118617e-12 1.975158600995582e-13 2.404187738597164e-13
00034934037 wt 57838.18295846288 4.129958673967247e-12 3.9914102333795185e-13 4.4184307190481114e-13 2.7013425056402285e-12 2.1287516879477846e-13 2.3108550927963746e-13 2.1256630331121455e-12 3.557865020642e-13 4.2730789512777667e-13
00034934039 wt 57840.1776711375 5.340014483839383e-12 4.452954235926741e-13 4.858060252905355e-13 2.629146730830798e-12 2.1436096951571304e-13 2.333898316151366e-13 1.5636015735546443e-12 2.666206661183652e-13 3.2142993832416546e-13
00034934040 wt 57841.18100480743 5.1762046596513e-12 4.87962722613873e-13 5.387509758351229e-13 2.3895739022223436e-12 2.2212545109868668e-13 2.4488941395105235e-13 1.3339912477774723e-12 2.651503222333449e-13 3.3092689543543837e-13
00034934042 wt 57843.23269916906 4.697128563574552e-12 4.550794341518598e-13 5.038995409138382e-13 2.477142961675305e-12 2.2528095413579822e-13 2.478185288745758e-13 1.57610613269666e-12 3.0198233665138865e-13 3.7355570490060106e-13
