2015/2015ApJ...799....7A/VER-000082-lc-3.ecsv
# %ECSV 0.9
# ---
# datatype:
# - {name: e_min, unit: TeV, datatype: float64}
# - {name: time, unit: MJD, datatype: float64}
# - {name: flux, unit: cm-2 s-1, datatype: float64}
# - {name: flux_err, unit: cm-2 s-1, datatype: float64}
# - {name: flux_ul, unit: cm-2 s-1, datatype: float64}
# meta: !!omap
# - data_type: lc
# - source_id: 82
# - file_id: 3
# - data_source:
#   - digitizer
# - reference_id: 2015ApJ...799....7A
# - UL_CONF: 0.95
# - telescope: veritas
# - comments: |
#       Figure 4
e_min time flux flux_err flux_ul
0.2   55621.012     3.15e-8   1.850e-08   nan
0.2   55622.972     5.54e-8   2.286e-08   nan
0.2   55624.905     2.77e-8   1.795e-08   nan
0.2   55627.022   nan  nan   7.173e-8
0.2   55629.030   nan  nan   5.543e-8
0.2   55630.923     6.08e-8   2.507e-08   nan
0.2   55632.893   nan  nan   1.510e-7
0.2   55635.037     2.28e-8   1.850e-08   nan
0.2   55636.931   nan  nan   1.021e-7
0.2   55638.973     5.76e-8   2.283e-08   nan
0.2   55640.915   nan  nan   9.673e-8
0.2   55642.949     5.97e-8   2.617e-08   nan
0.2   55644.978     2.71e-8   1.855e-08   nan
0.2   55646.976     1.95e-8   1.420e-08   nan
0.2   55649.118     4.23e-8   2.183e-08   nan
0.2   55651.118     3.36e-8   1.857e-08   nan
0.2   55653.088     5.00e-8   2.283e-08   nan
0.2   55655.044   nan  nan   7.717e-8
0.2   55657.028   nan  nan   8.152e-8
0.2   55659.082   nan  nan   2.717e-8
0.2   55660.874     4.13e-8   1.848e-08   nan
0.2   55663.018   nan  nan   6.304e-8
0.2   55667.058     1.14e-8   1.251e-08   nan
0.2   55669.041     1.63e-8   1.740e-08   nan
0.2   55670.964   nan  nan   7.173e-8
0.2   55672.965     6.19e-8   2.397e-08   nan
0.2   55674.983     3.80e-8   1.852e-08   nan
0.2   55676.943   nan  nan   6.195e-8
0.2   55679.118   nan  nan   5.760e-8
0.2   55680.904   nan  nan   7.608e-8
0.2   55683.018     4.72e-8   2.237e-08   nan
0.2   55684.924     4.13e-8   2.283e-08   nan
0.2   55687.017   nan  nan   1.054e-7
0.2   55689.006   nan  nan   1.054e-7
0.2   55691.086     3.04e-8   2.286e-08   nan
0.2   55693.080   nan  nan   2.608e-8
0.2   55695.082     1.52e-8   1.415e-08   nan
0.2   55697.051     3.26e-8   1.957e-08   nan
0.2   55699.008   nan  nan   5.869e-8
0.2   55701.102   nan  nan   1.217e-7
0.2   55703.191   nan  nan   3.913e-8
0.2   55705.009   nan  nan   3.152e-8
0.2   55707.193     1.95e-8   1.528e-08   nan
0.2   55709.148     4.78e-8   2.285e-08   nan
0.2   55711.057     3.91e-8   2.177e-08   nan
0.2   55713.080     1.14e-8   1.143e-08   nan
0.2   55715.121   nan  nan   4.293e-8
0.2   55717.052   nan  nan   9.130e-8
0.2   55719.130     1.73e-8   1.422e-08   nan
0.2   55721.108     2.71e-8   1.638e-08   nan
0.2   55723.182     3.15e-8   1.850e-08   nan
0.2   55725.194   nan  nan   8.804e-8
0.2   55727.088     1.63e-8   1.196e-08   nan
0.2   55729.070     2.28e-8   1.742e-08   nan
0.2   55730.993     7.71e-8   2.833e-08   nan
0.2   55733.129   nan  nan   1.054e-7
0.2   55735.117   nan  nan   1.065e-7
0.2   55737.186   nan  nan   4.021e-8
0.2   55739.077   nan  nan   1.217e-7
0.2   55741.096     2.17e-8   1.743e-08   nan
0.2   55743.080   nan  nan   1.010e-7
0.2   55744.959     4.29e-8   2.449e-08   nan
