2025/2025PhRvD.112j3044A/VER-000018-sed-1.ecsv
# %ECSV 1.0
# ---
# datatype:
# - {name: e_ref, unit: TeV, datatype: float64}
# - {name: e_min, unit: TeV, datatype: float64}
# - {name: e_max, unit: TeV, datatype: float64}
# - {name: e2dnde, unit: TeV / (s cm2), datatype: float64}
# - {name: e2dnde_err, unit: TeV / (s cm2), datatype: float64}
# - {name: e2dnde_ul, unit: TeV / (s cm2), datatype: float64}
# - {name: ts, unit: '', datatype: float64}
# - {name: sqrt_ts, unit: '', datatype: float64}
# - {name: npred, unit: '', datatype: string, subtype: 'float64[1]'}
# - {name: npred_excess, unit: '', datatype: string, subtype: 'float32[1]'}
# - {name: stat, unit: '', datatype: float64}
# - {name: stat_null, unit: '', datatype: float64}
# - {name: is_ul, datatype: bool}
# - {name: counts, unit: '', datatype: string, subtype: 'float64[1]'}
# - {name: success, unit: '', datatype: bool}
# meta: !!omap
# - data_type: sed
# - reference_id: 2025PhRvD.112j3044A
# - source_id: 18
# - file_id: 1
# - mjd: {max: 57755.28, min: 57755.20}
# - telescope: veritas
# - comments: [Gamma-ray spectrum of NGC 1275 measured by VERITAS on Jan 2, 2017, analyzed with EventDisplay and gammapy.]
# - keywords: !!omap
#   - cl: {value: 0.95}
# - {SED_TYPE: e2dnde}
# - {UL_CONF: 0.95}
# schema: astropy-2.0
e_ref e_min e_max e2dnde e2dnde_err e2dnde_ul ts sqrt_ts npred npred_excess stat stat_null is_ul counts success
0.22387211385683395 0.21544346900318834 0.23263050671536264 3.1011777695188426e-11 1.370383582558115e-11 6.497004902115803e-11 10.40112798114723 3.2250779806304264 [7.999886986660799] [6.499883651733398] 1.646419889311801e-09 10.40112798279365 False [8.0] True
0.24173154808041034 0.23263050671536264 0.25118864315095796 5.1112361318962464e-11 1.3004730871410112e-11 8.11560430810065e-11 38.50492204417276 6.205233439941866 [18.999913438753154] [17.266578674316406] 4.006039944215445e-10 38.50492204457336 False [19.0] True
0.26101572156825364 0.25118864315095796 0.27122725793320285 4.13210331039701e-11 1.1378696984864287e-11 6.802073638514826e-11 33.56379409595438 5.793426800776409 [15.982824522741339] [14.615906715393066] 1.8720201012456528e-05 33.56381281615539 False [16.0] True
0.28183829312644537 0.27122725793320285 0.2928644564625235 3.8915914261633434e-11 1.1441118779360001e-11 6.548760227120001e-11 24.071023015663286 4.90622288687166 [16.999833198814727] [14.233160972595215] 1.6857484297361225e-09 24.071023017349034 False [17.0] True
0.3043219887107721 0.2928644564625235 0.316227766016838 5.492857869409136e-11 1.0975166813968192e-11 7.958131482648818e-11 64.69578632987276 8.043369090740072 [29.997990826338352] [27.597963333129883] 1.3641096074934467e-07 64.69578646628372 False [30.0] True
0.3285993247600655 0.316227766016838 0.34145488738336005 3.573298776118537e-11 8.81487428017361e-12 5.608499203646211e-11 41.50160134042726 6.44217365028507 [19.980947590649194] [18.24732780456543] 1.843447938654208e-05 41.501619774906644 False [20.0] True
0.3548133892335754 0.34145488738336005 0.3686945064519575 3.075208258809955e-11 7.2175738508262e-12 4.732686346106385e-11 49.20216996257854 7.014425846965562 [20.999875287778952] [19.633207321166992] 7.488552000722848e-10 49.20216996332739 False [21.0] True
0.38311868495572876 0.3686945064519575 0.3981071705534973 2.11572190225552e-11 6.3199056155597255e-12 3.5910179439641515e-11 24.153317247147598 4.914602450569893 [16.0000399274349] [13.566707611083984] 1.0227552138530882e-10 24.153317247249873 False [16.0] True
0.4136820402388507 0.3981071705534973 0.42986623470822766 2.779214273010581e-11 6.842543926546275e-12 4.3614373341961114e-11 44.9544168862019 6.704805506963039 [18.999844494659747] [17.799842834472656] 1.2865086773672374e-09 44.95441688748841 False [19.0] True
0.44668359215096315 0.42986623470822766 0.464158883361278 3.3238382964027e-11 7.38865467928121e-12 5.0167973675055783e-11 61.28660533886313 7.828576201255445 [21.999948258971628] [21.166614532470703] 1.2245493508089567e-10 61.28660533898559 False [22.0] True
0.4823178482239307 0.464158883361278 0.5011872336272722 3.0582355369914894e-11 7.094028658932053e-12 4.6968603714134745e-11 57.442666785367095 7.57909406099219 [19.989446128294485] [19.322721481323242] 5.602146771366279e-06 57.442672387513866 False [20.0] True
0.5207948328595463 0.5011872336272722 0.5411695265464638 2.932526410633459e-11 6.9931521012014e-12 4.557457346767632e-11 53.92405594423295 7.343300071781961 [18.973795395809965] [18.306974411010742] 3.6386385588116354e-05 53.924092330618535 False [19.0] True
0.5623413251903491 0.5411695265464638 0.5843414133735175 2.7274004621315677e-11 6.9433556708495655e-12 4.341302208660479e-11 40.96919148086788 6.400718044162536 [17.98961198939943] [16.756153106689453] 6.069817445109038e-06 40.96919755068532 False [18.0] True
0.6072021956909885 0.5843414133735175 0.6309573444801934 3.096275003902613e-11 7.240751196516405e-12 4.773001017108825e-11 61.35251497513586 7.832784624585043 [18.999878320392096] [18.66654396057129] 7.81511744207819e-10 61.35251497591737 False [19.0] True
0.6556418494179789 0.6309573444801934 0.6812920690579611 1.3890480267311347e-11 5.141722681445426e-12 2.652436162293706e-11 18.31870381473106 4.280035492227963 [9.001588808773144] [8.168279647827148] 2.8477294478079784e-07 18.318704099504004 False [9.0] True
0.7079457843841379 0.6812920690579611 0.7356422544596414 1.695199789550925e-11 5.5609305427005525e-12 3.0515289291593654e-11 28.721336191733926 5.359229066921279 [9.999858161770991] [9.666523933410645] 2.0230146446920116e-09 28.72133619375694 False [10.0] True
0.7644222742526002 0.7356422544596414 0.7943282347242814 1.7547975197550005e-11 5.756432068913777e-12 3.158777306853893e-11 28.721336193596677 5.359229067095068 [9.999960078923934] [9.666626930236816] 1.602629140506906e-10 28.72133619375694 False [10.0] True
0.8254041852680184 0.7943282347242814 0.8576958985908941 3.1424248005102466e-11 7.804905958269276e-12 4.964212351427361e-11 51.289178367041856 7.161646344734 [16.999187415161934] [16.632516860961914] 3.8995686679754726e-08 51.28917840603754 False [17.0] True
0.8912509381337455 0.8576958985908941 0.9261187281287933 1.9095512788647998e-11 6.2640878145927784e-12 3.437371441525233e-11 28.721336192552076 5.35922906699761 [9.99989053783001] [9.666556358337402] 1.204863764314723e-09 28.72133619375694 False [10.0] True
0.9999999999999998 0.9261187281287933 1.0797751623277094 1.554764147163931e-11 4.113216117022213e-12 2.523985094260805e-11 46.67874749893839 6.8321846798032615 [14.999959594602803] [14.6666259765625] 1.09253051050473e-10 46.678747499047645 False [15.0] True
1.2115276586285884 1.0797751623277094 1.3593563908785256 1.278807679720849e-11 3.233475489939275e-12 2.037240311669305e-11 54.9710107336711 7.414243773553113 [15.999902520504948] [15.833235740661621] 5.949161163698591e-10 54.97101073426602 False [16.0] True
1.412537544622754 1.3593563908785256 1.467799267622069 7.832165001178766e-12 4.810015201039822e-12 2.1420869001319362e-11 7.4850809520501755 2.735887598577503 [2.9999737611272432] [2.8333067893981934] 2.3161916828939866e-10 7.485080952281795 False [3.0] True
1.525222956539019 1.467799267622069 1.584893192461114 8.346127152684018e-12 5.125654439111158e-12 2.2826339899168106e-11 7.485080952281692 2.7358875986198137 [2.999999449749536] [2.8333327770233154] 1.0258460747536446e-13 7.485080952281795 False [3.0] True
1.711328304161781 1.584893192461114 1.8478497974222907 6.1859581312915355e-12 3.2386441506446455e-12 1.496183548597666e-11 10.871558120812724 3.2972045918948862 [3.9999847440055016] [3.833317995071411] 5.858913354472861e-11 10.871558120871313 False [4.0] True
