2021/2021ApJ...923..241A/HALPHA-000030-lc-1.ecsv
# %ECSV 0.9
# ---
# datatype:
# - {name: date, datatype: int, description: date}
# - {name: observatory, datatype: string, description: observatory (O:OAO, C: CFHT)}
# - {name: HJD, datatype: float64, description: HJD}
# - {name: EW, unit: 0.1nm, datatype: float64, description: equivalent width}
# - {name: Vc, unit: km s-1, datatype: float64, description: radial velocity}
# - {name: VcErr, unit: km s-1, datatype: float64, description: error on radial velocity}
# - {name: FWHM, unit: km s-1, datatype: float64, description: Halpha FWHM}
# - {name: FWHMErr, unit: km s-1, datatype: float64, description: error on Halpha FWHM}
# meta: !!omap
# - data_type: lc
# - source_id: 30
# - file_id: 1
# - reference_id: 2021ApJ...923..241A
# - telescope: [HIDES, ESPaDOnS]
# - {SED_TYPE: flux}
# - comments: |
#       Profile parameters of Halpha
#       Obs. O:OAO, C: CFHT
#       EW  ... Ha 6541:6582
#       FWHM ... use gnuplot for fitting w/ single gaussian
#       Vc ... use IRAF-splot command for fitting
#           "k" - "v": Voigt profile
date observatory HJD        EW      Vc    VcErr  FWHM   FWHMErr
20131031  O  2456597.278 -28.440  21.02 0.50 406.65 1.44
20131108  O  2456605.275 -29.390  23.93 0.50 397.74 1.10
20131111  O  2456608.274 -29.631  26.33 0.50 394.67 0.99
20131119  O  2456616.199 -31.845  30.72 0.50 397.38 1.09
20131201  O  2456628.219 -31.375  35.74 0.50 394.12 0.66
20131219  O  2456646.201 -26.930  42.09 0.50 406.42 0.76
20131229  O  2456656.007 -30.540  45.36 0.51 406.42 0.74
20140102  O  2456660.047 -31.394  41.67 0.50 411.47 0.83
20140115  O  2456673.095 -27.121  44.19 0.51 407.64 1.26
20140123  O  2456681.094 -29.553  43.20 0.50 408.19 1.04
20140205  C  2456693.843 -31.371  40.96 0.50 406.90 0.87
20140208  O  2456696.968 -28.509  41.72 0.50 400.72 0.92
20140311  O  2456728.008 -30.125  25.82 0.50 403.04 0.80
20140410  C  2456757.772 -29.505  37.37 0.51 402.37 0.75
20141104  C  2456966.071 -29.852  42.71 0.50 402.93 0.87
20141107  C  2456969.047 -29.986  42.34 0.50 404.15 0.82
20141128  O  2456990.244 -32.552  27.73 0.50 417.18 2.27
20141208  O  2457000.221 -29.507  42.39 0.49 406.35 0.91
20141212  O  2457004.220 -29.088  41.56 0.51 403.48 0.90
20141216  O  2457008.266 -30.679  41.87 0.50 406.37 0.86
20141225  O  2457017.153 -29.502  42.76 0.51 401.06 0.78
20150102  O  2457025.148 -27.952  39.45 0.51 400.67 0.85
20150106  O  2457029.117 -27.425  41.15 0.50 399.79 0.87
20150114  C  2457036.857 -29.600  38.01 0.51 400.90 0.80
20150128  O  2457051.105 -29.000  31.65 0.50 401.06 0.88
20150201  O  2457055.031 -27.677  39.30 0.50 400.43 0.94
20150202  O  2457056.036 -27.617  37.61 0.51 399.96 0.93
20150203  O  2457057.028 -26.725  37.45 0.51 400.83 0.97
20150308  O  2457089.965 -29.821  37.16 0.51 406.10 0.94
20150325  O  2457106.971 -29.029  34.65 0.50 400.15 0.81
20150402  C  2457117.260 -31.596  33.98 0.50 404.32 1.08
20160107  O  2457395.114 -30.369  55.96 0.50 403.84 0.96
20160112  O  2457400.133 -30.938  37.53 0.51 405.13 0.94
20160307  O  2457454.967 -29.270  33.30 0.50 398.50 1.14
20160317  O  2457464.981 -28.237  32.94 0.50 396.40 0.94
20160327  O  2457475.005 -28.626  32.19 0.50 395.07 0.91
20160330  O  2457477.999 -28.854  31.59 0.50 396.37 1.21
20161206  O  2457729.348 -29.734  39.15 0.50 404.63 0.90
20161223  O  2457746.023 -29.148  37.16 0.50 402.64 0.97
20170224  O  2457809.036 -27.950  34.13 0.49 390.85 0.85
20170225  O  2457810.059 -28.405  32.54 0.45 393.02 0.93
20170311  O  2457823.985 -27.934  33.89 0.50 394.33 0.96
20170312  O  2457825.003 -28.728  34.97 0.50 397.17 1.06
20170328  O  2457840.983 -30.479  40.63 0.50 410.63 1.37
20170412  O  2457855.980 -28.236  40.91 0.49 406.87 1.36
20170413  O  2457856.975 -27.601  38.82 0.49 405.07 1.53
