2021/2021ApJ...923..241A/VER-000030-lc-1.ecsv
# %ECSV 0.9
# ---
# datatype:
# - {name: e_min, unit: TeV, datatype: float64, description: lower energy limit for flux integration}
# - {name: time_min, unit: MJD, datatype: float64, description: time interval (start)}
# - {name: time_max, unit: MJD, datatype: float64, description: time interval (stop)}
# - {name: live_time, unit: h, datatype: float64, description: live time of observation}
# - {name: flux, unit: cm-2 s-1, datatype: float64, description: integral flux (>350 GeV)}
# - {name: flux_err, unit: cm-2 s-1, datatype: float64, description: error on integral flux (>350 GeV)}
# - {name: n_on, datatype: float64, description: counts in signal region}
# - {name: n_off, datatype: float64, description: counts in background region}
# - {name: alpha, datatype: float64, description: ratio of area of signal to background region}
# - {name: sig, datatype: float64, description: significance}
# meta: !!omap
# - data_type: lc
# - source_id: 30
# - file_id: 1
# - reference_id: 2021ApJ...923..241A
# - telescope: veritas
# - {SED_TYPE: flux}
# - comments: |
#       VERITAS light curve of HESS J0632+057;
#       assumed spectral index: -2.6
e_min time_min time_max live_time flux flux_err n_on n_off alpha sig
0.35   54830.0   54835.0   9.3569   1.2547e-12   4.2251e-13   66.0000   244.0000   0.1667   3.3262
0.35   54856.0   54862.0   10.0256   8.1719e-13   4.0338e-13   64.0000   281.0000   0.1667   2.1808
0.35   55122.0   55135.0   9.6658   9.7058e-13   3.3051e-13   64.0000   236.0000   0.1667   3.2912
0.35   55235.0   55248.0   15.5153   2.1862e-12   3.0934e-13   146.0000   347.0000   0.1667   8.7252
0.35   55259.0   55277.0   5.1619   3.0127e-12   5.9763e-13   68.0000   151.0000   0.1667   6.3131
0.35   55544.0   55565.0   3.8258   1.7421e-12   5.8964e-13   35.0000   101.0000   0.1667   3.4984
0.35   55569.0   55573.0   3.6008   2.3818e-12   6.2109e-13   37.0000   78.0000   0.1667   4.8544
0.35   55585.0   55600.0   11.4139   1.8801e-12   3.5567e-13   106.0000   297.0000   0.1667   6.2993
0.35   55600.0   55603.0   8.6883   4.8088e-12   5.6016e-13   156.0000   277.0000   0.1667   11.2483
0.35   55614.0   55623.0   10.6347   8.1612e-13   3.1306e-13   72.0000   292.0000   0.1667   2.8585
0.35   55624.0   55631.0   5.9431   5.4010e-13   4.3831e-13   42.0000   201.0000   0.1667   1.3000
0.35   55643.0   55657.0   8.8181   1.8886e-13   4.0615e-13   64.0000   360.0000   0.1667   0.4722
0.35   55888.0   55902.0   7.2383   2.8527e-12   4.9061e-13   89.0000   195.0000   0.1667   7.3021
0.35   55916.0   55921.0   10.5447   2.8424e-12   3.9940e-13   126.0000   263.0000   0.1667   9.0268
0.35   55921.0   55928.0   7.2944   1.2966e-12   3.9626e-13   55.0000   178.0000   0.1667   3.7770
0.35   55940.0   55950.0   5.2589   -3.0715e-13   2.9158e-13   15.0000   117.0000   0.1667   -0.9895
0.35   55951.0   55956.0   4.2733   5.3165e-13   3.9580e-13   21.0000   87.0000   0.1667   1.4656
0.35   56215.0   56228.0   4.6542   3.9686e-12   6.9721e-13   78.0000   158.0000   0.1667   7.2644
0.35   56243.0   56256.0   2.2872   5.8905e-13   5.3773e-13   12.0000   48.0000   0.1667   1.2050
0.35   56265.0   56283.0   6.1517   3.2800e-13   3.8225e-13   36.0000   183.0000   0.1667   0.8925
0.35   56295.0   56306.0   5.1017   1.0703e-12   4.9794e-13   42.0000   164.0000   0.1667   2.3777
0.35   56330.0   56342.0   3.3392   8.0282e-13   5.2943e-13   25.0000   102.0000   0.1667   1.6604
0.35   56363.0   56367.0   2.4989   1.5904e-12   6.9007e-13   27.0000   87.0000   0.1667   2.6630
0.35   56652.0   56664.0   9.8136   2.7374e-12   4.1658e-13   133.0000   328.0000   0.1667   8.0493
0.35   56680.0   56687.0   3.8914   1.2901e-12   5.1017e-13   33.0000   107.0000   0.1667   2.9178
0.35   56707.0   56718.0   2.4675   6.8083e-14   5.2883e-13   13.0000   75.0000   0.1667   0.1299
0.35   56730.0   56747.0   6.6369   3.4508e-13   3.8026e-13   52.0000   270.0000   0.1667   0.9392
0.35   56958.0   56966.0   3.7111   2.3818e-12   6.6111e-13   46.0000   124.0000   0.1667   4.3297
0.35   56970.0   56989.0   5.1706   2.0333e-12   5.1919e-13   54.0000   145.0000   0.1667   4.7106
0.35   57030.0   57041.0   3.6842   9.8968e-13   5.5250e-13   30.0000   118.0000   0.1667   1.9781
0.35   57363.0   57373.0   1.9678   7.0706e-13   6.9966e-13   14.0000   60.0000   0.1667   1.0940
0.35   57389.0   57401.0   2.5014   9.1398e-13   6.4449e-13   18.0000   70.0000   0.1667   1.5701
0.35   57417.0   57432.0   5.0028   1.2596e-12   4.7310e-13   41.0000   139.0000   0.1667   3.0415
0.35   57444.0   57458.0   3.0017   2.0541e-12   6.8182e-13   32.0000   86.0000   0.1667   3.6229
0.35   57716.0   57730.0   4.8278   1.1734e-12   5.1056e-13   37.0000   134.0000   0.1667   2.5865
0.35   57756.0   57783.0   5.6206   1.8577e-12   5.0605e-13   57.0000   169.0000   0.1667   4.3207
0.35   57801.0   57815.0   3.5014   1.8836e-12   6.2556e-13   35.0000   99.0000   0.1667   3.5809
0.35   58073.0   58084.0   7.4356   2.8406e-12   5.7746e-13   113.0000   351.0000   0.1667   5.7305
0.35   58101.0   58104.0   6.0033   2.5652e-12   5.0266e-13   67.0000   144.0000   0.1667   6.4341
0.35   58136.0   58137.0   1.8344   6.9801e-12   1.2802e-12   44.0000   44.0000   0.1667   7.9254
0.35   58141.0   58142.0   2.5014   6.6451e-12   1.1084e-12   59.0000   73.0000   0.1667   8.4036
0.35   58142.0   58143.0   3.5853   5.6507e-12   9.4405e-13   73.0000   124.0000   0.1667   7.9112
0.35   58143.0   58144.0   3.0736   5.4526e-12   1.0635e-12   74.0000   171.0000   0.1667   6.3678
0.35   58153.0   58155.0   3.0967   5.3780e-13   7.1124e-13   31.0000   159.0000   0.1667   0.7848
0.35   58455.0   58463.0   5.4031   2.2254e-12   5.0819e-13   56.0000   133.0000   0.1667   5.4072
0.35   58464.0   58467.0   2.9611   2.2019e-12   6.7882e-13   30.0000   70.0000   0.1667   4.0203
0.35   58480.0   58490.0   1.5008   1.1731e-12   8.5131e-13   12.0000   42.0000   0.1667   1.5628
