2021/2021ApJ...923..241A/X-ray-Optical-Correlation.ecsv
# %ECSV 0.9
# ---
# datatype:
# - {name: time, unit: MJD, datatype: float64, description: observation time}
# - {name: time_bin, unit: MJD, datatype: float64, description: search interval in observation time}
# - {name: flux, unit: erg cm-2 s-1, datatype: float64, description: X-ray flux (0.3-10 keV)}
# - {name: flux_err, unit: erg cm-2 s-1, datatype: float64, description: error on X-ray flux (0.3-10 keV)}
# - {name: EW, unit: 0.1nm, datatype: float64, description: equivalent width}
# - {name: Vc, unit: km s-1, datatype: float64, description: radial velocity}
# - {name: VcErr, unit: km s-1, datatype: float64, description: error on radial velocity}
# - {name: FWHM, unit: km s-1, datatype: float64, description: Halpha FWHM}
# - {name: FWHMErr, unit: km s-1, datatype: float64, description: error on Halpha FWHM}
# meta: !!omap
# - reference_id: 2021ApJ...923..241A
# - comments: |
#       maximal difference in observation dates
#       of five days; check Fig02 and Fig04 data
time time_bin flux flux_err  EW      Vc    VcErr  FWHM   FWHMErr
56652.2614  0.0000e+00  2.822e-12  3.096e-13   -30.540   45.360  0.510   406.420  0.740
56656.2621  0.0000e+00  2.037e-12  3.928e-13   -30.967   43.515  0.505   408.945  0.785
56660.2643  0.0000e+00  1.548e-12  2.460e-13   -30.967   43.515  0.505   408.945  0.785
56663.2667  0.0000e+00  1.398e-12  2.309e-13   -31.394   41.670  0.500   411.470  0.830
56680.2120  0.0000e+00  1.630e-12  3.126e-13   -29.553   43.200  0.500   408.190  1.040
56684.1572  0.0000e+00  1.831e-12  2.725e-13   -29.553   43.200  0.500   408.190  1.040
56961.4217  0.0000e+00  2.530e-12  5.495e-13   -29.852   42.710  0.500   402.930  0.870
56963.4216  0.0000e+00  1.534e-12  3.070e-13   -29.852   42.710  0.500   402.930  0.870
56965.4170  0.0000e+00  3.040e-12  5.392e-13   -29.919   42.525  0.500   403.540  0.845
56973.6774  0.0000e+00  1.469e-12  2.460e-13   -29.986   42.340  0.500   404.150  0.820
56986.3301  0.0000e+00  1.586e-12  2.592e-13   -32.552   27.730  0.500   417.180  2.270
56988.3322  0.0000e+00  1.466e-12  2.343e-13   -32.552   27.730  0.500   417.180  2.270
57035.0704  0.0000e+00  1.309e-12  2.881e-13   -29.600   38.010  0.510   400.900  0.800
57037.2010  0.0000e+00  8.780e-13  2.411e-13   -29.600   38.010  0.510   400.900  0.800
57039.1318  0.0000e+00  1.527e-12  4.071e-13   -29.600   38.010  0.510   400.900  0.800
57046.8016  0.0000e+00  1.174e-12  2.583e-13   -29.000   31.650  0.500   401.060  0.880
57052.0541  0.0000e+00  1.623e-12  3.506e-13   -27.755   36.502  0.505   400.570  0.930
57393.2692  0.0000e+00  1.444e-12  3.040e-13   -30.369   55.960  0.500   403.840  0.960
57397.1966  0.0000e+00  8.312e-13  1.576e-13   -30.654   46.745  0.505   404.485  0.950
57805.1571  0.0000e+00  2.283e-12  3.701e-13   -28.178   33.335  0.470   391.935  0.890
57807.1507  0.0000e+00  3.469e-12  4.722e-13   -28.178   33.335  0.470   391.935  0.890
57809.5425  0.0000e+00  1.773e-12  3.383e-13   -28.178   33.335  0.470   391.935  0.890
57813.0031  0.0000e+00  1.923e-12  1.074e-12   -28.178   33.335  0.470   391.935  0.890
57821.5043  0.0000e+00  2.185e-12  4.328e-13   -28.331   34.430  0.500   395.750  1.010
57825.4960  0.0000e+00  1.800e-12  3.679e-13   -28.331   34.430  0.500   395.750  1.010
57836.7915  0.0000e+00  1.037e-12  3.983e-13   -30.479   40.630  0.500   410.630  1.370
57840.0400  0.0000e+00  3.618e-13  2.300e-13   -30.479   40.630  0.500   410.630  1.370
57844.1564  0.0000e+00  1.919e-13  8.365e-14   -30.479   40.630  0.500   410.630  1.370
57852.4664  0.0000e+00  4.796e-13  2.098e-13   -27.919   39.865  0.490   405.970  1.445
57856.4619  0.0000e+00  6.059e-13  2.795e-13   -27.919   39.865  0.490   405.970  1.445
57860.2351  0.0000e+00  1.380e-12  2.453e-13   -27.919   39.865  0.490   405.970  1.445
