2021/2021ApJ...923..241A/XRAY-000030-lc-1.ecsv
# %ECSV 0.9
# ---
# datatype:
# - {name: observatory, datatype: string, description: name of X-ray telescope}
# - {name: obsid, datatype: int, description: observation ID}
# - {name: time, unit: MJD, datatype: float64}
# - {name: eflux, unit: erg cm-2 s-1, datatype: float64, description: X-ray flux (0.3-10 keV)}
# - {name: eflux_errn, unit: erg cm-2 s-1, datatype: float64, description: X-ray flux (0.3-10 keV) (upper)}
# - {name: eflux_errp, unit: erg cm-2 s-1, datatype: float64, description: X-ray flux (0.3-10 keV) (lower)}
# meta: !!omap
# - data_type: lc
# - source_id: 30
# - file_id: 1
# - reference_id: 2021ApJ...923..241A
# - telescope: [xrt, chandra, xmm, suzaku, nustar]
# - {SED_TYPE: flux}
# - comments: |
observatory obsid   time eflux  eflux_errn eflux_errp
xmm  0  54360.000000  5.167e-13  4.934e-13  5.410e-13
suzaku  0  54579.000000  1.738e-12  1.698e-12  1.778e-12
xrt  00031329001  54857.099775  9.743e-13  7.827e-13  1.222e-12
xrt  00031329002  54858.104386  9.692e-13  7.854e-13  1.204e-12
xrt  00031329003  54859.038882  2.160e-12  1.482e-12  2.752e-12
xrt  00031329004  54860.049858  7.398e-13  6.088e-13  9.045e-13
xrt  00031329005  54867.012311  7.542e-13  5.849e-13  9.467e-13
xrt  00031329006  54874.156416  8.283e-13  6.614e-13  1.046e-12
xrt  00031329007  54904.076490  1.234e-12  1.025e-12  1.485e-12
xrt  00031329008  54907.421277  7.773e-13  6.067e-13  1.024e-12
xrt  00031329009  54911.715275  1.644e-12  1.266e-12  2.154e-12
xrt  00031329010  54914.314905  1.445e-12  1.205e-12  1.739e-12
xrt  00031329011  54918.673274  1.620e-12  1.360e-12  1.937e-12
xrt  00031329012  54921.079583  1.355e-12  1.100e-12  1.675e-12
xrt  00031329013  54925.092254  2.665e-12  2.263e-12  3.141e-12
xrt  00031329014  54929.641885  1.746e-12  1.056e-12  3.002e-12
xrt  00031329015  54932.724527  2.097e-12  1.739e-12  2.504e-12
xrt  00031329016  54935.001607  2.026e-12  1.670e-12  2.187e-12
xrt  00031329017  54938.015196  1.669e-12  1.423e-12  1.968e-12
suzaku  0  54941.000000  1.629e-12  1.486e-12  1.828e-12
xrt  00031329018  54941.025943  1.577e-12  1.352e-12  1.842e-12
xrt  00031329019  54944.032921  1.446e-12  1.181e-12  1.785e-12
xrt  00031329020  54948.119293  1.768e-12  1.449e-12  2.168e-12
xrt  00031329021  54952.934608  2.559e-12  2.244e-12  2.921e-12
xrt  00031329022  54956.818849  3.018e-12  2.648e-12  3.443e-12
xrt  00031329023  54959.026622  2.929e-12  2.611e-12  3.288e-12
xrt  00031329024  54962.045568  3.249e-12  2.808e-12  3.767e-12
xrt  00031329025  54964.724719  2.790e-12  2.494e-12  3.127e-12
xrt  00031329026  54965.462611  3.630e-12  3.294e-12  4.002e-12
xrt  00031329027  55059.030863  9.510e-13  7.681e-13  1.180e-12
xrt  00031329028  55066.187184  1.777e-12  1.434e-12  2.210e-12
xrt  00031329029  55073.348659  1.100e-12  8.269e-13  1.482e-12
xrt  00031329030  55080.169006  1.327e-12  1.129e-12  1.567e-12
xrt  00031329031  55088.611707  9.348e-13  7.598e-13  1.155e-12
xrt  00031329032  55094.768801  2.375e-12  2.031e-12  2.784e-12
xrt  00031329034  55108.696379  1.453e-12  1.232e-12  1.718e-12
xrt  00031329035  55115.795745  1.702e-12  1.455e-12  1.990e-12
xrt  00031329036  55122.477182  1.136e-12  9.158e-13  1.413e-12
xrt  00031329037  55123.425555  8.578e-13  7.140e-13  1.034e-12
xrt  00031329038  55124.485884  8.449e-13  6.500e-13  1.117e-12
xrt  00031329039  55125.484960  1.960e-12  8.152e-13  3.368e-12
xrt  00031329040  55126.427324  1.022e-12  7.547e-13  1.417e-12
xrt  00031329041  55127.427319  8.325e-13  6.451e-13  1.097e-12
xrt  00031329042  55128.438333  1.141e-12  8.461e-13  1.497e-12
xrt  00031329043  55130.108590  1.028e-12  8.712e-13  1.218e-12
xrt  00031329044  55132.507979  1.464e-12  1.115e-12  1.966e-12
xrt  00031329045  55136.401754  1.138e-12  9.152e-13  1.426e-12
xrt  00031329046  55143.962423  9.870e-13  8.101e-13  1.209e-12
xrt  00031329047  55150.042861  1.072e-12  8.665e-13  1.329e-12
xrt  00031329048  55157.089275  1.007e-12  7.944e-13  1.290e-12
xrt  00031329049  55164.044126  1.226e-12  9.717e-13  1.488e-12
xrt  00031329050  55171.263340  1.028e-12  8.660e-13  1.222e-12
xrt  00031329051  55178.103710  8.155e-13  6.426e-13  1.040e-12
xrt  00031329052  55186.325926  8.937e-13  7.372e-13  1.088e-12
xrt  00031329053  55192.767349  1.130e-12  9.048e-13  1.425e-12
xrt  00031329054  55199.166722  1.150e-12  8.756e-13  1.390e-12
xrt  00031329055  55206.614062  9.732e-13  7.807e-13  1.218e-12
xrt  00031329056  55214.708499  1.375e-12  1.155e-12  1.643e-12
xrt  00031329057  55222.138515  1.812e-12  1.585e-12  2.073e-12
xrt  00031329058  55227.024412  2.562e-12  2.177e-12  3.022e-12
xrt  00031329060  55237.717039  1.054e-12  6.694e-13  2.050e-12
xrt  00031329061  55238.798202  1.462e-12  1.227e-12  1.742e-12
xrt  00031329062  55241.143560  1.312e-12  7.455e-13  1.927e-12
xrt  00031329063  55243.081171  1.556e-12  1.286e-12  1.875e-12
xrt  00031329064  55248.024057  1.411e-12  1.120e-12  1.725e-12
xrt  00031329065  55255.187441  1.327e-12  1.112e-12  1.589e-12
xrt  00031329066  55262.286101  1.719e-12  1.423e-12  2.084e-12
xrt  00031329067  55269.110208  1.835e-12  1.602e-12  2.104e-12
xrt  00031329068  55276.952957  2.964e-12  2.633e-12  3.340e-12
xrt  00031329069  55283.236275  3.443e-12  3.089e-12  3.840e-12
xrt  00090417001  55290.457726  1.687e-12  1.411e-12  2.021e-12
xrt  00090417002  55298.082416  1.251e-12  9.672e-13  1.627e-12
xrt  00090417003  55304.454807  1.272e-12  8.565e-13  1.499e-12
xrt  00090417004  55311.003084  7.263e-13  4.588e-13  1.041e-12
xrt  00090417005  55318.025928  8.063e-13  5.778e-13  9.927e-13
xrt  00090417006  55325.010494  1.119e-12  8.248e-13  1.498e-12
xrt  00090417007  55430.190815  2.589e-12  2.311e-12  2.904e-12
xrt  00090417008  55438.554337  1.950e-12  1.604e-12  2.381e-12
xrt  00090417009  55444.117532  1.295e-12  1.130e-12  1.489e-12
xrt  00090417010  55451.009906  1.152e-12  9.349e-13  1.432e-12
xrt  00090417011  55458.489629  9.315e-13  7.755e-13  1.124e-12
xrt  00090417012  55465.059054  1.222e-12  9.959e-13  1.507e-12
xrt  00090417013  55472.410189  1.495e-12  1.149e-12  1.846e-12
xrt  00090417014  55479.110957  7.013e-13  5.510e-13  9.041e-13
xrt  00090417015  55486.463675  1.089e-12  8.754e-13  1.363e-12
xrt  00090417016  55493.369425  7.822e-13  6.269e-13  9.833e-13
xrt  00090417017  55500.045706  8.428e-13  6.889e-13  1.033e-12
xrt  00090417018  55507.014876  8.874e-13  7.349e-13  1.078e-12
xrt  00090417019  55514.039817  1.057e-12  8.500e-13  1.314e-12
xrt  00090417020  55520.720870  1.189e-12  9.783e-13  1.459e-12
xrt  00090417021  55528.030342  1.555e-12  1.310e-12  1.842e-12
xrt  00031329070  55535.311692  1.679e-12  1.288e-12  1.993e-12
xrt  00031329071  55542.491757  1.487e-12  1.209e-12  1.839e-12
xrt  00031329072  55550.243388  1.347e-12  1.043e-12  1.748e-12
xrt  00031329074  55558.016310  1.495e-12  1.201e-12  1.871e-12
xrt  00031329075  55563.686451  1.679e-12  1.394e-12  2.028e-12
xrt  00031329076  55570.176048  1.885e-12  1.580e-12  2.255e-12
xrt  00031329077  55577.340034  1.650e-12  1.297e-12  2.093e-12
xrt  00031329078  55584.693587  1.636e-12  1.365e-12  1.968e-12
xrt  00031329079  55588.181636  2.631e-12  2.267e-12  3.061e-12
xrt  00031329080  55591.120550  2.463e-12  2.125e-12  2.854e-12
xrt  00031329081  55595.128856  3.107e-12  2.744e-12  3.518e-12
xrt  00031329082  55598.148923  3.421e-12  3.076e-12  3.808e-12
xrt  00031329083  55602.436842  4.474e-12  3.777e-12  5.332e-12
cha 0  55605.000000  3.467e-12  3.388e-12  3.548e-12
xrt  00031329084  55605.040553  3.827e-12  3.420e-12  4.286e-12
xrt  00031329085  55609.057234  2.698e-12  2.375e-12  3.066e-12
xrt  00031329086  55612.057043  1.647e-12  1.420e-12  1.916e-12
xrt  00031329087  55616.284238  9.643e-13  7.489e-13  1.252e-12
xrt  00031329088  55619.091261  1.309e-12  1.117e-12  1.537e-12
xrt  00031329089  55623.101354  8.774e-13  5.783e-13  1.194e-12
xrt  00031329090  55626.240812  3.715e-13  2.508e-13  5.848e-13
xrt  00031329091  55630.056062  2.239e-13  1.363e-13  3.993e-13
xrt  00031329092  55637.352025  5.479e-13  3.809e-13  7.947e-13
xrt  00031329093  55640.360211  5.005e-13  4.013e-13  6.287e-13
xrt  00031329094  55647.318407  1.396e-12  9.545e-13  1.812e-12
xrt  00031329095  55654.142919  6.470e-13  5.195e-13  8.100e-13
xrt  00031329096  55663.182016  1.050e-12  7.799e-13  1.418e-12
xrt  00031329097  55668.795578  1.232e-12  1.021e-12  1.491e-12
xrt  00031329098  55675.015735  1.485e-12  1.193e-12  1.865e-12
xrt  00031329099  55677.290103  9.904e-13  8.482e-13  1.159e-12
xrt  00031329100  55682.184539  1.535e-12  1.300e-12  1.816e-12
xrt  00031329101  55690.281076  1.849e-12  1.579e-12  2.170e-12
xrt  00031329102  55695.019476  2.205e-12  1.916e-12  2.540e-12
xrt  00031329103  55789.431872  9.020e-13  7.347e-13  1.111e-12
xrt  00031329104  55799.653777  1.156e-12  8.220e-13  1.417e-12
xrt  00031329105  55809.012195  1.105e-12  7.769e-13  1.398e-12
xrt  00031329106  55819.191944  1.075e-12  8.564e-13  1.362e-12
xrt  00031329107  55829.153891  8.111e-13  6.652e-13  9.945e-13
xrt  00031329108  55836.634405  9.748e-13  8.265e-13  1.155e-12
xrt  00031329109  55843.078263  2.837e-12  2.176e-12  3.680e-12
xrt  00031329110  55846.352361  1.245e-12  9.807e-13  1.581e-12
xrt  00031329111  55850.562310  1.441e-12  1.176e-12  1.771e-12
xrt  00031329112  55857.439349  2.090e-12  1.615e-12  2.734e-12
xrt  00031329113  55864.056455  1.632e-12  1.376e-12  1.935e-12
xrt  00031329114  55871.153057  1.380e-12  1.176e-12  1.624e-12
xrt  00031329115  55878.371136  1.294e-12  1.068e-12  1.570e-12
xrt  00031329116  55885.069240  1.502e-12  1.258e-12  1.803e-12
xrt  00031329117  55892.343428  1.780e-12  1.533e-12  2.071e-12
xrt  00031329118  55896.289316  1.974e-12  1.657e-12  2.360e-12
xrt  00031329119  55900.321453  2.669e-12  2.153e-12  3.338e-12
xrt  00031329120  55904.059694  3.514e-12  2.939e-12  4.200e-12
xrt  00031329121  55909.661118  2.071e-12  1.768e-12  2.431e-12
xrt  00031329122  55912.201833  1.964e-12  1.641e-12  2.359e-12
xrt  00031329123  55916.281081  2.152e-12  1.824e-12  2.546e-12
xrt  00031329124  55920.309335  1.764e-12  1.452e-12  2.149e-12
xrt  00031329125  55924.236886  1.643e-12  1.176e-12  2.324e-12
xrt  00031329126  55928.324295  1.682e-12  1.357e-12  2.076e-12
xrt  00031329127  55932.005787  3.379e-13  2.326e-13  5.172e-13
xrt  00031329128  55936.481819  5.782e-13  4.307e-13  7.866e-13
xrt  00031329129  55940.214354  6.656e-13  4.051e-13  8.021e-13
xrt  00031329132  55948.104157  7.535e-13  5.974e-13  9.617e-13
xrt  00031329133  55952.115632  5.604e-13  4.191e-13  7.513e-13
xrt  00031329134  55956.274595  5.489e-13  4.340e-13  6.975e-13
xrt  00031329135  55960.018981  7.825e-13  6.328e-13  9.628e-13
xrt  00031329136  55964.029428  6.150e-13  5.026e-13  7.470e-13
xrt  00031329137  55968.292668  8.354e-13  6.909e-13  1.016e-12
xrt  00031329138  55972.254268  1.350e-12  1.009e-12  1.811e-12
xrt  00031329139  55982.062794  1.222e-12  8.893e-13  1.684e-12
xrt  00031329140  55992.309129  2.838e-12  2.297e-12  3.500e-12
xrt  00031329141  55996.375389  1.330e-12  1.132e-12  1.568e-12
xrt  00031329142  56002.392522  1.811e-12  1.557e-12  2.110e-12
xrt  00031329143  56012.025594  2.668e-12  2.280e-12  3.129e-12
xrt  00031329144  56022.103053  2.460e-12  2.117e-12  2.863e-12
xrt  00031329145  56032.470615  3.213e-12  2.799e-12  3.687e-12
xrt  00031329146  56041.018379  2.209e-12  1.916e-12  2.553e-12
xrt  00031329147  56052.381418  2.116e-12  1.850e-12  2.425e-12
xrt  00031329148  56060.275941  2.438e-12  2.050e-12  2.909e-12
xrt  00031329149  56247.823685  1.598e-12  1.333e-12  1.927e-12
xrt  00031329150  56252.298252  1.495e-12  7.629e-13  2.332e-12
xrt  00031329151  56255.372134  1.781e-12  1.401e-12  1.961e-12
xrt  00031329152  56259.379580  6.634e-13  5.085e-13  8.744e-13
xrt  00031329153  56264.321603  5.814e-13  3.699e-13  7.964e-13
xrt  00031329154  56267.277136  2.413e-13  1.192e-13  3.754e-13
xrt  00031329155  56271.288944  5.016e-13  3.033e-13  8.308e-13
xrt  00031329156  56275.275268  4.581e-13  3.393e-13  6.300e-13
xrt  00031329157  56279.282893  9.874e-13  8.146e-13  1.202e-12
xrt  00031329158  56283.290427  1.301e-12  9.690e-13  1.555e-12
xrt  00031329159  56322.636275  2.241e-12  1.843e-12  2.732e-12
xrt  00031329160  56332.313367  2.864e-12  2.515e-12  3.268e-12
xrt  00031329161  56341.062041  1.564e-12  1.348e-12  1.819e-12
xrt  00031329162  56352.217199  2.017e-12  1.753e-12  2.324e-12
xrt  00031329163  56362.565705  2.460e-12  2.079e-12  2.910e-12
xrt  00031329164  56382.005102  2.084e-12  1.822e-12  2.389e-12
xrt  00031329165  56392.155342  1.652e-12  1.379e-12  1.986e-12
xrt  00031329166  56402.028219  1.729e-12  1.420e-12  2.106e-12
xrt  00031329167  56412.519017  1.182e-12  9.760e-13  1.436e-12
xrt  00031329168  56423.196291  1.089e-12  8.687e-13  1.395e-12
xrt  00031329169  56652.261381  2.822e-12  2.531e-12  3.151e-12
xrt  00031329170  56656.262149  2.037e-12  1.688e-12  2.473e-12
xrt  00031329171  56660.264266  1.548e-12  1.324e-12  1.816e-12
xrt  00031329172  56663.266694  1.398e-12  1.189e-12  1.651e-12
xrt  00031329173  56680.211983  1.630e-12  1.350e-12  1.975e-12
xrt  00031329174  56684.157165  1.831e-12  1.574e-12  2.119e-12
xrt  00031329175  56687.154571  1.863e-12  1.026e-12  3.654e-12
xrt  00031329176  56708.160705  1.125e-12  9.417e-13  1.348e-12
xrt  00031329177  56712.093087  1.061e-12  8.622e-13  1.310e-12
xrt  00031329178  56715.095872  1.151e-12  8.464e-13  1.587e-12
xrt  00031329179  56718.171260  1.024e-12  8.355e-13  1.259e-12
xrt  00031329180  56739.112698  1.351e-12  1.055e-12  1.670e-12
xrt  00031329182  56745.113103  1.219e-12  9.738e-13  1.535e-12
xrt  00031329183  56958.424157  1.801e-12  1.561e-12  2.086e-12
xrt  00031329184  56961.421671  2.530e-12  2.047e-12  3.146e-12
xrt  00031329185  56963.421550  1.534e-12  1.260e-12  1.874e-12
xrt  00031329186  56965.416953  3.040e-12  2.549e-12  3.627e-12
xrt  00031329187  56973.677396  1.469e-12  1.246e-12  1.738e-12
xrt  00031329188  56980.336381  1.911e-12  1.572e-12  2.341e-12
xrt  00031329189  56982.400340  1.297e-12  9.006e-13  2.012e-12
xrt  00031329190  56984.331548  2.380e-12  2.080e-12  2.730e-12
xrt  00031329191  56986.330060  1.586e-12  1.350e-12  1.869e-12
xrt  00031329192  56988.332157  1.466e-12  1.252e-12  1.720e-12
xrt  00031329193  57035.070417  1.309e-12  1.053e-12  1.629e-12
xrt  00031329194  57037.200979  8.780e-13  6.800e-13  1.162e-12
xrt  00031329195  57039.131842  1.527e-12  1.180e-12  1.994e-12
xrt  00031329196  57043.799821  2.000e-12  1.495e-12  2.672e-12
xrt  00031329197  57046.801648  1.174e-12  9.470e-13  1.464e-12
xrt  00031329198  57052.054065  1.623e-12  1.314e-12  2.015e-12
xrt  00031329199  57360.304396  1.678e-12  1.400e-12  2.017e-12
xrt  00031329200  57363.359393  1.412e-12  9.205e-13  2.228e-12
xrt  00031329201  57367.341204  1.218e-12  1.015e-12  1.467e-12
xrt  00031329202  57371.331238  9.484e-13  7.383e-13  1.237e-12
xrt  00031329203  57389.218175  1.444e-12  1.075e-12  1.948e-12
xrt  00031329204  57393.269176  1.444e-12  1.174e-12  1.781e-12
xrt  00031329205  57397.196621  8.312e-13  6.905e-13  1.006e-12
xrt  00031329206  57418.085738  1.559e-12  1.252e-12  1.943e-12
xrt  00031329207  57422.191412  1.690e-12  1.352e-12  2.094e-12
xrt  00031329208  57426.176697  1.481e-12  1.225e-12  1.794e-12
xrt  00031329209  57770.026637  1.696e-12  1.434e-12  2.010e-12
xrt  00031329210  57778.187273  1.167e-12  9.480e-13  1.449e-12
xrt  00031329211  57782.236345  1.317e-12  1.093e-12  1.590e-12
xrt  00031329212  57793.737300  1.851e-12  1.304e-12  2.398e-12
xrt  00031329213  57796.985724  1.392e-12  1.122e-12  1.729e-12
xrt  00031329214  57801.037310  2.254e-12  1.857e-12  2.747e-12
xrt  00031329215  57805.157076  2.283e-12  1.945e-12  2.685e-12
xrt  00031329216  57807.150650  3.469e-12  3.030e-12  3.974e-12
xrt  00031329217  57809.542526  1.773e-12  1.472e-12  2.148e-12
xrt  00031329218  57813.003067  1.923e-12  1.189e-12  3.338e-12
xrt  00031329220  57821.504270  2.185e-12  1.800e-12  2.665e-12
xrt  00031329221  57825.495974  1.800e-12  1.478e-12  2.213e-12
xrt  00031329223  57831.874442  8.913e-13  6.810e-13  1.195e-12
xrt  00031329224  57836.791511  1.037e-12  6.100e-13  1.407e-12
xrt  00031329225  57840.039972  3.618e-13  1.930e-13  6.531e-13
xrt  00031329226  57844.156412  1.919e-13  1.189e-13  2.862e-13
xrt  00031329227  57848.275840  3.268e-13  2.121e-13  4.751e-13
xrt  00031329228  57852.466398  4.796e-13  2.696e-13  6.892e-13
xrt  00031329229  57856.461886  6.059e-13  3.351e-13  8.941e-13
xrt  00031329230  57860.235069  1.380e-12  1.135e-12  1.626e-12
xrt  00088078001  58079.449573  1.626e-12  1.424e-12  1.859e-12
nustar  0  58079.405000  1.738e-12  1.698e-12  1.778e-12
nustar  0  58101.286000  1.585e-12  1.549e-12  1.622e-12
xrt  00031329231  58101.303634  2.034e-12  1.726e-12  2.400e-12
xrt  00088078002  58101.501597  1.533e-12  1.302e-12  1.809e-12
xrt  00031329232  58102.301549  1.503e-12  1.136e-12  1.895e-12
xrt  00031329233  58103.296010  1.816e-12  1.426e-12  2.149e-12
xrt  00031329234  58104.362564  1.072e-12  8.582e-13  1.316e-12
xrt  00031329236  58142.153667  2.572e-12  2.232e-12  2.972e-12
xrt  00031329237  58143.836986  2.743e-12  2.104e-12  3.633e-12
xrt  00031329238  58144.221831  2.835e-12  2.197e-12  3.727e-12
xrt  00031329239  58144.833585  2.994e-12  2.270e-12  4.036e-12
xrt  00031329240  58145.341377  4.265e-12  3.288e-12  5.189e-12
xrt  00031329241  58149.479046  2.078e-12  1.651e-12  2.645e-12
xrt  00031329242  58151.251708  2.087e-12  1.636e-12  2.677e-12
chandra  0  58152.760000  5.888e-13  5.370e-13  6.457e-13
xrt  00031329243  58153.318586  1.051e-12  6.753e-13  1.546e-12
chandra  0  58153.500000  4.677e-13  4.266e-13  5.129e-13
xrt  00031329244  58158.371425  2.300e-13  1.162e-13  3.977e-13
xrt  00031329245  58163.212208  8.283e-13  3.795e-13  1.323e-12
xrt  00031329246  58168.526972  7.789e-13  2.178e-13  1.375e-12
xrt  00031329247  58457.287070  2.150e-12  1.823e-12  2.540e-12
xrt  00031329248  58460.344782  2.067e-12  1.740e-12  2.460e-12
xrt  00031329249  58463.276647  2.042e-12  1.710e-12  2.439e-12
xrt  00031329250  58466.318537  1.869e-12  1.492e-12  2.348e-12
chandra  0  58169.500000  7.211e-13  6.952e-13  7.480e-13
