2021/2021ApJ...923..241A/XRT-000030-phaserange1-sed-2.ecsv
# %ECSV 0.9
# ---
# datatype:
# - {name: e_ref, unit: keV, datatype: float32}
# - {name: de, unit: keV, datatype: float32, description: energy interval}
# - {name: e2dnde, unit: keV cm-2 s-1, datatype: float32}
# - {name: e2dnde_err, unit: keV cm-2 s-1, datatype: float32}
# - {name: e2dnde_abspl, unit: keV cm-2 s-1, datatype: float32, dsecription: Absorbed plaw model flux}
# - {name: e2dnde_deabspl, unit: keV cm-2 s-1, datatype: float32, dsecription: De-bsorbed plaw model flux}
# meta: !!omap
# - data_type: sed
# - source_id: 30
# - reference_id: 2021ApJ...923..241A
# - file_id: 2
# - telescope: xrt
# - description: "orbital phase 0.2-0.4"
# - comments: |
#      orbital phase bin 0.2-0.4
e_ref de e2dnde e2dnde_err e2dnde_abspl e2dnde_deabspl
0.545000017 0.245000005 8.68180177E-6 5.63017352E-7 7.55253859E-6  2.07594989E-4
0.855000019 6.49999976E-2 6.84507831E-5 4.55239842E-6 6.38352067E-5  2.81329092E-4
0.975000024 5.49999774E-2 8.72767414E-5 5.7193547E-6 9.60815596E-5  3.0041681E-4
1.07500005 4.50000167E-2 1.11822847E-4 7.43725968E-6 1.30491899E-4  3.15382465E-4
1.16000009 4.00000215E-2 1.37643889E-4 9.10237031E-6 1.59260031E-4  3.27494752E-4
1.23500001 3.49999666E-2 1.75349371E-4 1.14425247E-5 1.8379002E-4  3.37805133E-4
1.30500007 3.50000262E-2 1.92879859E-4 1.25190008E-5 2.03103424E-4  3.47113411E-4
1.375 3.49999666E-2 2.26469827E-4 1.4150799E-5 2.19849258E-4  3.56170785E-4
1.44499993 3.50000262E-2 2.32872044E-4 1.51100785E-5 2.39482732E-4  3.64996318E-4
1.51999998 3.99999619E-2 2.24621574E-4 1.47600986E-5 2.59252469E-4  3.74191615E-4
1.59500003 3.50000262E-2 2.91721779E-4 1.92556872E-5 2.77458195E-4  3.83203238E-4
1.67000008 4.00000215E-2 3.14598379E-4 1.99102869E-5 2.94871803E-4  3.91960377E-4
1.75 3.99999619E-2 3.43574415E-4 2.2269176E-5 3.12419492E-4  4.01105237E-4
1.83500004 4.50000167E-2 3.62688734E-4 2.35673288E-5 3.27577698E-4  4.10572364E-4
1.93499994 5.50000072E-2 3.424405E-4 2.22596045E-5 3.42706655E-4  4.21410747E-4
2.03999996 4.99999523E-2 4.09427332E-4 2.66786374E-5 3.61837738E-4  4.32554574E-4
2.15499997 6.50000572E-2 3.78924713E-4 2.41770522E-5 3.81154503E-4  4.44345322E-4
2.29500008 7.49999285E-2 4.1919513E-4 2.77777781E-5 4.02960985E-4  4.58307797E-4
2.44999981 8.00000429E-2 4.54547029E-4 3.01980563E-5 4.24373691E-4  4.73299151E-4
2.61500001 8.50000381E-2 4.56553971E-4 3.04347777E-5 4.44513105E-4  4.88739228E-4
2.80500007 0.105000019 4.36025526E-4 2.84649232E-5 4.67872364E-4  5.0585164E-4
3.00500011 9.49999094E-2 5.19587949E-4 3.38884201E-5 4.90807346E-4  5.23381808E-4
3.19999981 0.100000024 5.24404866E-4 3.48278372E-5 5.11330378E-4  5.39845729E-4
3.4000001 0.100000024 6.05305948E-4 3.92435722E-5 5.31125464E-4  5.56229497E-4
3.61999989 0.120000005 5.35568339E-4 3.5544439E-5 5.51863806E-4  5.7362282E-4
3.88000011 0.139999986 5.32369304E-4 3.51270646E-5 5.74968231E-4  5.9351098E-4
4.16499996 0.144999981 6.06990827E-4 4.00485042E-5 5.98613056E-4  6.14615215E-4
4.49499989 0.184999943 5.76217542E-4 3.83286933E-5 6.2459812E-4  6.38019585E-4
4.88000011 0.200000048 6.84667146E-4 4.56189264E-5 6.53326628E-4  6.64374442E-4
5.33500004 0.255000114 7.00086181E-4 4.79702285E-5 6.85089559E-4  6.94035378E-4
5.86000013 0.269999981 7.23243924E-4 5.72692734E-5 7.19766424E-4  7.26913335E-4
6.41499996 0.284999847 7.78499234E-4 7.13582194E-5 7.54305103E-4  7.60082155E-4
7.04500008 0.345000029 6.2675582E-4 7.67468518E-5 7.89395184E-4  7.9584471E-4
7.93499947 0.544999838 7.67789898E-4 1.0493966E-4 8.35391984E-4  8.43137852E-4
9.18999958 0.710000038 6.80969271E-4 1.69266888E-4 9.00222454E-4  9.05943161E-4
