2022/2022A&A...658A..83A/VER-000025-table-figC1.ecsv
# %ECSV 0.9
# ---
# datatype:
# - {name: time, unit: MJD, datatype: float64}
# - {name: index, datatype: float32}
# - {name: index_err, datatype: float32}
# - {name: norm, unit: TeV-1 cm-2 s-1, datatype: float32}
# - {name: norm_err, unit: TeV-1 cm-2 s-1, datatype: float32}
# meta: !!omap
# - data_type: table
# - source_id: 25
# - reference_id: 2022A&A...658A..83A
# - telescope: veritas
# - comments: |
#     Fig C.1
time index index_err norm norm_err
[from data line 562]
58130.4   -1.889e+00   4.192e-01   1.827e-11   8.128e-12
58131.1   -2.428e+00   2.217e-01   2.972e-11   4.083e-12
58131.2   -2.547e+00   2.668e-01   3.327e-11   3.857e-12
58131.2   -2.399e+00   2.211e-01   4.227e-11   4.518e-12
58131.2   -2.548e+00   2.724e-01   3.732e-11   4.327e-12
58131.3   -2.545e+00   2.668e-01   3.765e-11   4.006e-12
58131.3   -2.297e+00   1.914e-01   4.053e-11   4.229e-12
58131.3   -2.174e+00   1.640e-01   3.300e-11   3.559e-12
58131.3   -2.873e+00   2.009e-01   3.458e-11   3.649e-12
58131.4   -2.662e+00   2.067e-01   4.045e-11   4.555e-12
58131.4   -2.476e+00   2.555e-01   3.421e-11   6.625e-12
58131.4   -2.544e+00   5.417e-01   3.240e-11   1.365e-11
58132.3   -2.511e+00   2.600e-01   3.343e-11   3.980e-12
58134.2   -2.341e+00   2.819e-01   3.172e-11   4.808e-12
58137.2   -2.297e+00   2.139e-01   3.188e-11   3.901e-12
58138.1   -2.614e+00   2.381e-01   3.440e-11   3.650e-12
58138.2   -2.178e+00   2.275e-01   3.477e-11   3.879e-12
58140.2   -2.598e+00   2.177e-01   4.401e-11   4.547e-12
58140.2   -3.473e+00   4.111e-01   4.373e-11   6.161e-12
58143.3   -2.491e+00   2.712e-01   4.111e-11   7.456e-12
58143.4   -2.410e+00   6.798e-01   3.143e-11   1.471e-11
58143.4   -3.012e+00   7.193e-01   4.811e-11   3.378e-11
58155.1   -2.137e+00   3.411e-01   2.944e-11   4.549e-12
58156.1   -2.716e+00   2.151e-01   3.885e-11   3.985e-12
58157.2   -2.460e+00   2.771e-01   4.148e-11   4.221e-12
58158.2   -2.428e+00   2.675e-01   2.735e-11   3.634e-12
58161.2   -2.601e+00   3.062e-01   3.557e-11   4.253e-12
58184.1   -2.258e+00   2.596e-01   3.008e-11   4.373e-12
58184.2   -2.646e+00   3.540e-01   2.787e-11   6.400e-12
58409.4   -2.698e+00   2.459e-01   3.959e-11   4.115e-12
58411.5   -2.246e+00   2.218e-01   3.299e-11   4.356e-12
58423.3   -2.381e+00   5.298e-01   4.331e-11   1.760e-11
58423.3   -2.210e+00   2.719e-01   3.153e-11   4.959e-12
58424.3   -2.208e+00   7.650e-01   2.927e-11   1.572e-11
58424.3   -2.236e+00   1.999e-01   3.662e-11   4.276e-12
58424.3   -2.793e+00   1.927e-01   3.910e-11   4.085e-12
58425.2   -2.048e+00   9.855e-01   1.900e-11   1.883e-11
58426.4   -2.330e+00   4.170e-01   3.283e-11   6.186e-12
58428.4   -2.582e+00   3.230e-01   4.389e-11   6.165e-12
58429.4   -2.476e+00   4.322e-01   2.868e-11   4.784e-12
58430.4   -2.063e+00   3.506e-01   3.760e-11   5.801e-12
58431.5   -1.737e+00   3.711e-01   2.486e-11   5.324e-12
58432.5   -2.584e+00   4.894e-01   3.964e-11   7.362e-12
58433.4   -2.199e+00   2.659e-01   3.916e-11   6.182e-12
58434.4   -2.038e+00   2.870e-01   3.105e-11   5.093e-12
58436.2   -2.641e+00   2.709e-01   3.994e-11   6.926e-12
58437.3   -2.571e+00   3.121e-01   4.573e-11   6.122e-12
58438.3   -2.135e+00   4.137e-01   4.103e-11   6.343e-12
58439.4   -2.346e+00   4.300e-01   3.609e-11   6.380e-12
58441.4   -2.216e+00   2.938e-01   3.893e-11   5.940e-12
58454.2   -2.312e+00   1.985e-01   3.431e-11   4.028e-12
58461.3   -2.718e+00   4.119e-01   3.834e-11   6.145e-12
58462.2   -2.477e+00   2.032e-01   2.826e-11   3.747e-12
58462.3   -2.066e+00   3.777e-01   4.421e-11   7.146e-12
58465.3   -2.449e+00   3.043e-01   4.381e-11   6.617e-12
58466.3   -2.538e+00   4.469e-01   3.438e-11   5.528e-12
58488.1   -2.450e+00   1.886e-01   3.654e-11   4.083e-12
58492.1   -2.428e+00   2.053e-01   3.668e-11   4.328e-12
58494.2   -2.536e+00   3.560e-01   4.571e-11   6.866e-12
58508.2   -2.570e+00   3.559e-01   3.730e-11   6.517e-12
58510.2   -2.761e+00   3.472e-01   4.578e-11   6.696e-12
58511.2   -2.226e+00   3.258e-01   3.408e-11   5.353e-12
58511.3   -2.578e+00   1.969e-01   4.227e-11   4.511e-12
58515.2   -2.026e+00   3.778e-01   3.867e-11   6.123e-12
58522.1   -1.744e+00   2.898e-01   3.209e-11   6.012e-12
58538.1   -2.282e+00   4.018e-01   4.372e-11   7.148e-12
58543.1   -2.537e+00   3.031e-01   4.536e-11   6.287e-12
58546.1   -2.151e+00   2.819e-01   4.603e-11   6.543e-12
58551.1   -2.808e+00   3.162e-01   4.409e-11   6.004e-12
58551.2   -1.927e+00   2.820e-01   2.801e-11   4.973e-12
58567.1   -2.526e+00   3.544e-01   3.293e-11   5.228e-12
58571.1   -2.001e+00   2.485e-01   3.341e-11   5.388e-12
58573.1   -2.275e+00   3.057e-01   3.012e-11   4.975e-12
58573.2   -1.071e+00   6.984e-01   9.616e-12   7.252e-12
58574.2   -2.384e+00   4.867e-01   4.036e-11   1.582e-11
58576.2   -3.898e-01   7.909e-01   8.703e-12   5.686e-12
58758.5   -2.853e+00   4.059e-01   3.580e-11   5.569e-12
58761.5   -2.496e+00   4.667e-01   3.853e-11   7.191e-12
58762.5   -2.489e+00   2.000e-01   3.954e-11   4.114e-12
58764.5   -2.337e+00   2.202e-01   3.608e-11   3.969e-12
58764.5   -2.530e+00   3.195e-01   4.055e-11   5.739e-12
58780.4   -2.339e+00   4.718e-01   4.825e-11   7.198e-12
58781.5   -2.298e+00   2.717e-01   4.436e-11   6.819e-12
58782.4   -2.207e+00   2.780e-01   3.884e-11   6.001e-12
58785.5   -3.008e+00   5.298e-01   2.857e-11   4.971e-12
58786.5   -2.365e+00   3.347e-01   3.574e-11   5.415e-12
58787.5   -2.008e+00   3.837e-01   2.635e-11   4.707e-12
58788.5   -2.333e+00   2.504e-01   3.999e-11   5.455e-12
58790.4   -2.244e+00   3.151e-01   3.258e-11   5.345e-12
58813.3   -1.809e+00   4.568e-01   3.560e-11   6.320e-12
58814.3   -2.521e+00   3.225e-01   4.226e-11   6.025e-12
58820.3   -2.357e+00   4.156e-01   4.498e-11   7.108e-12
58823.4   -2.240e+00   2.683e-01   3.907e-11   5.560e-12
58836.3   -2.531e+00   4.157e-01   3.371e-11   5.784e-12
58837.3   -2.337e+00   4.136e-01   4.342e-11   6.648e-12
58838.3   -2.272e+00   3.640e-01   3.797e-11   6.170e-12
58839.1   -2.448e+00   3.237e-01   3.088e-11   6.382e-12
58843.1   -2.475e+00   2.831e-01   3.107e-11   5.973e-12
58851.3   -2.011e+00   3.106e-01   4.114e-11   6.441e-12
58852.4   -2.072e+00   2.658e-01   3.644e-11   5.672e-12
58853.4   -3.042e+00   5.885e-01   6.766e-11   2.935e-11
58866.1   -2.249e+00   2.845e-01   3.424e-11   5.494e-12
58867.1   -2.529e+00   2.879e-01   4.644e-11   6.504e-12
58872.4   -2.812e+00   4.507e-01   6.561e-11   2.189e-11
58872.4   -4.252e+00   2.946e+00   6.207e-11   5.218e-11
58874.2   -2.765e+00   3.821e-01   4.297e-11   6.675e-12
58875.2   -2.562e+00   3.855e-01   3.839e-11   6.424e-12
58876.2   -2.284e+00   2.227e-01   3.371e-11   3.872e-12
58876.2   -2.513e+00   2.114e-01   3.514e-11   3.876e-12
58876.2   -1.865e+00   3.732e-01   3.209e-11   5.226e-12
58876.2   -2.300e+00   2.037e-01   3.641e-11   4.056e-12
58876.3   -2.648e+00   2.496e-01   2.535e-11   3.233e-12
58876.3   -2.129e+00   2.654e-01   3.645e-11   5.275e-12
58876.3   -2.499e+00   2.091e-01   3.224e-11   3.652e-12
58876.3   -2.608e+00   1.944e-01   4.038e-11   4.580e-12
58876.3   -2.246e+00   2.954e-01   3.474e-11   6.889e-12
58876.4   -1.847e+00   9.242e-01   1.481e-11   1.401e-11
58877.2   -2.409e+00   3.695e-01   3.628e-11   6.517e-12
58878.2   -3.151e+00   5.441e-01   3.338e-11   5.967e-12
58893.2   -2.515e+00   3.021e-01   4.609e-11   6.476e-12
58895.2   -2.421e+00   2.658e-01   4.079e-11   5.835e-12
58896.1   -2.178e+00   3.961e-01   3.123e-11   5.340e-12
58897.1   -2.402e+00   3.056e-01   3.883e-11   5.955e-12
58904.1   -3.209e+00   6.514e-01   2.903e-11   5.589e-12
58924.1   -2.916e+00   4.345e-01   3.953e-11   5.921e-12
