2022/2022A&A...658A..83A/VER-000025-table-figC1.ecsv
# %ECSV 0.9
# ---
# datatype:
# - {name: time, unit: MJD, datatype: float64}
# - {name: index, datatype: float32}
# - {name: index_err, datatype: float32}
# - {name: norm, unit: TeV-1 cm-2 s-1, datatype: float32}
# - {name: norm_err, unit: TeV-1 cm-2 s-1, datatype: float32}
# meta: !!omap
# - data_type: table
# - source_id: 25
# - reference_id: 2022A&A...658A..83A
# - telescope: veritas
# - comments: |
#     Fig C.1
time index index_err norm norm_err
54363.5   -2.853e+00   6.575e-01   1.995e-11   4.375e-12
54383.5   -2.199e+00   3.649e-01   2.986e-11   5.408e-12
54387.5   -2.187e+00   3.837e-01   3.162e-11   5.301e-12
54388.5   -2.247e+00   3.960e-01   2.555e-11   4.611e-12
54388.5   -4.040e+00   7.539e-01   2.873e-11   6.931e-12
54389.5   -1.908e+00   3.824e-01   2.953e-11   5.176e-12
54390.5   -3.055e+00   4.678e-01   3.528e-11   6.262e-12
54390.5   -1.711e+00   2.583e+00   4.047e-11   3.321e-11
54418.3   -2.628e+00   2.766e-01   4.999e-11   6.396e-12
54418.4   -2.959e+00   4.441e-01   4.237e-11   6.774e-12
54418.4   -2.283e+00   3.359e-01   4.249e-11   6.975e-12
54418.4   -2.127e+00   2.723e-01   3.789e-11   5.829e-12
54418.4   -2.339e+00   3.159e-01   4.093e-11   6.119e-12
54418.4   -2.569e+00   3.794e-01   3.987e-11   5.738e-12
54421.3   -2.736e+00   6.312e-01   2.687e-11   5.750e-12
54421.3   -2.652e+00   3.528e-01   3.594e-11   5.419e-12
54421.4   -2.347e+00   2.970e-01   3.073e-11   5.096e-12
54421.4   -2.734e+00   4.513e-01   2.938e-11   5.224e-12
54422.3   -2.290e+00   2.937e-01   3.953e-11   5.818e-12
54422.3   -2.662e+00   4.603e-01   3.647e-11   5.762e-12
54422.3   -2.622e+00   2.818e-01   4.462e-11   6.168e-12
54422.4   -2.929e+00   3.574e-01   3.724e-11   5.577e-12
54438.3   -2.139e+00   3.685e-01   2.790e-11   4.903e-12
54440.3   -2.016e+00   3.086e-01   3.192e-11   5.622e-12
54449.3   -2.204e+00   4.180e-01   2.875e-11   5.439e-12
54464.3   -2.218e+00   2.523e-01   4.352e-11   6.485e-12
54476.3   -3.466e+00   7.744e-01   2.293e-11   5.591e-12
54477.3   -2.282e+00   2.371e-01   5.776e-11   7.192e-12
54495.2   -2.442e+00   4.213e-01   3.119e-11   5.389e-12
54495.2   -2.161e+00   3.691e-01   3.535e-11   6.149e-12
54498.1   -2.504e+00   3.302e-01   3.383e-11   5.485e-12
54498.2   -1.899e+00   6.729e-01   2.108e-11   5.597e-12
54499.2   -2.555e+00   2.938e-01   4.125e-11   6.176e-12
54499.2   -2.175e+00   3.320e-01   2.554e-11   4.997e-12
54502.2   -2.421e+00   3.223e-01   4.143e-11   6.230e-12
54521.1   -1.989e+00   2.970e-01   3.684e-11   6.013e-12
54737.5   -3.139e+00   5.097e-01   2.936e-11   5.064e-12
54738.5   -1.944e+00   3.276e-01   2.847e-11   5.423e-12
54739.5   -2.663e+00   4.283e-01   3.857e-11   6.008e-12
54740.5   -3.076e+00   4.802e-01   3.167e-11   5.725e-12
54740.5   -2.659e+00   3.525e-01   3.595e-11   5.892e-12
54740.5   -2.955e+00   4.954e-01   2.587e-11   4.889e-12
54741.5   -3.466e+00   3.855e-01   4.028e-11   5.882e-12
54741.5   -2.666e+00   4.660e-01   3.440e-11   5.614e-12
54743.5   -2.667e+00   3.874e-01   3.798e-11   5.689e-12
54745.5   -2.568e+00   3.001e-01   4.049e-11   5.724e-12
54764.4   -2.321e+00   3.286e-01   3.977e-11   6.437e-12
54764.4   -2.524e+00   3.913e-01   3.854e-11   5.650e-12
54764.4   -2.409e+00   3.163e-01   4.268e-11   6.059e-12
54766.4   -2.337e+00   2.868e-01   4.475e-11   6.128e-12
54767.4   -2.979e+00   6.053e-01   2.418e-11   4.674e-12
54775.4   -2.500e+00   3.203e-01   3.310e-11   5.309e-12
54776.4   -2.334e+00   5.903e-01   5.368e-11   1.310e-11
54776.5   -2.336e+00   2.636e-01   4.185e-11   6.072e-12
54776.5   -2.678e+00   3.478e-01   4.039e-11   5.907e-12
54777.4   -2.465e+00   3.901e-01   4.692e-11   6.446e-12
54778.4   -2.382e+00   2.701e-01   4.308e-11   6.133e-12
54778.4   -2.842e+00   4.957e-01   3.846e-11   6.479e-12
54801.3   -2.328e+00   4.517e-01   3.031e-11   5.495e-12
54801.4   -2.168e+00   3.498e-01   3.456e-11   5.598e-12
54804.3   -2.529e+00   3.467e-01   3.983e-11   5.824e-12
54804.3   -2.062e+00   3.004e-01   3.149e-11   5.415e-12
54829.2   -2.231e+00   4.878e-01   2.794e-11   6.118e-12
54829.2   -3.342e+00   3.067e+00   5.352e-11   2.720e-11
54829.2   -1.946e+00   2.927e-01   4.289e-11   7.423e-12
54829.2   -2.025e+00   5.036e-01   3.440e-11   6.348e-12
54829.3   -2.452e+00   3.318e-01   4.137e-11   6.276e-12
54829.3   -1.618e+00   6.019e-01   2.897e-11   7.489e-12
54829.3   -2.264e+00   2.952e-01   5.487e-11   7.269e-12
54829.3   -2.304e+00   4.132e-01   3.784e-11   6.119e-12
54829.3   -2.695e+00   3.787e-01   4.538e-11   7.485e-12
54829.3   -2.589e+00   3.065e-01   3.311e-11   5.236e-12
54847.2   -2.725e+00   3.421e-01   4.601e-11   6.537e-12
54849.3   -2.435e+00   3.946e-01   3.372e-11   5.277e-12
54851.3   -2.422e+00   3.548e-01   3.472e-11   5.519e-12
54851.3   -2.432e+00   4.162e-01   4.427e-11   6.612e-12
54862.2   -1.722e+00   7.199e-01   4.994e-11   1.680e-11
54862.2   -2.801e+00   3.230e-01   4.115e-11   5.847e-12
54876.2   -1.783e+00   3.141e-01   2.822e-11   5.690e-12
54879.1   -3.028e+00   5.344e-01   3.109e-11   5.687e-12
54880.1   -2.322e+00   3.604e-01   3.541e-11   5.807e-12
54888.1   -2.815e+00   5.715e-01   3.026e-11   5.292e-12
54904.1   -2.328e+00   3.412e-01   3.258e-11   5.075e-12
54904.1   -1.812e+00   3.861e-01   3.787e-11   5.740e-12
55830.5   -2.295e+00   4.057e-01   3.798e-11   5.519e-12
55830.5   -2.523e+00   3.619e-01   3.274e-11   5.161e-12
55840.5   -2.384e+00   3.051e-01   3.513e-11   4.797e-12
55840.5   -2.246e+00   2.728e-01   3.020e-11   4.646e-12
55843.5   -2.634e+00   2.793e-01   4.026e-11   4.992e-12
55843.5   -2.263e+00   3.832e-01   3.604e-11   6.383e-12
55858.5   -2.122e+00   3.270e-01   2.549e-11   4.108e-12
55858.5   -2.796e+00   3.041e-01   3.631e-11   4.729e-12
55859.5   -2.266e+00   3.191e-01   2.929e-11   4.315e-12
55859.5   -2.364e+00   3.219e-01   3.509e-11   5.040e-12
55859.5   -2.909e+00   3.275e-01   3.560e-11   4.666e-12
55860.4   -3.750e+00   6.428e-01   2.825e-11   5.408e-12
55860.4   -2.634e+00   2.982e-01   2.940e-11   4.392e-12
55860.5   -2.568e+00   3.894e-01   2.378e-11   3.891e-12
55861.4   -2.585e+00   2.957e-01   2.875e-11   4.460e-12
55861.4   -2.702e+00   3.399e-01   3.030e-11   4.406e-12
55861.4   -2.833e+00   3.708e-01   3.253e-11   5.106e-12
55861.5   -2.463e+00   3.122e-01   3.716e-11   5.247e-12
55861.5   -2.485e+00   2.149e-01   3.394e-11   3.843e-12
55862.4   -2.339e+00   2.622e-01   3.276e-11   4.895e-12
55862.4   -2.273e+00   2.890e-01   2.809e-11   4.207e-12
55862.4   -2.759e+00   2.661e-01   4.037e-11   5.133e-12
55862.5   -2.362e+00   3.109e-01   3.330e-11   4.557e-12
55863.4   -2.258e+00   2.608e-01   3.807e-11   5.042e-12
55863.4   -2.174e+00   3.252e-01   3.459e-11   4.793e-12
55864.4   -2.588e+00   2.823e-01   3.014e-11   4.153e-12
55864.4   -3.118e+00   3.010e-01   3.926e-11   5.018e-12
55864.4   -2.549e+00   3.113e-01   3.346e-11   4.891e-12
55864.4   -2.319e+00   3.721e-01   2.455e-11   3.927e-12
55866.4   -2.221e+00   2.741e-01   2.807e-11   4.137e-12
55866.4   -2.582e+00   2.644e-01   3.205e-11   4.831e-12
55866.4   -2.543e+00   3.248e-01   3.266e-11   4.826e-12
55866.4   -2.491e+00   3.257e-01   3.871e-11   5.120e-12
55867.4   -2.094e+00   2.747e-01   3.708e-11   4.772e-12
55867.4   -2.800e+00   3.603e-01   2.921e-11   4.256e-12
55868.4   -1.598e+00   2.907e-01   3.097e-11   4.910e-12
55868.4   -2.804e+00   3.558e-01   3.228e-11   4.710e-12
55868.4   -3.265e+00   4.558e-01   2.927e-11   4.565e-12
55868.4   -2.961e+00   4.152e-01   2.918e-11   4.607e-12
55888.4   -2.802e+00   2.517e-01   4.073e-11   4.840e-12
55888.4   -2.331e+00   2.863e-01   3.179e-11   4.747e-12
55888.4   -2.251e+00   3.544e-01   3.908e-11   5.379e-12
55888.4   -2.888e+00   5.456e-01   2.693e-11   4.686e-12
55889.4   -1.912e+00   2.413e-01   2.638e-11   4.219e-12
55889.4   -3.160e+00   6.268e-01   2.178e-11   4.435e-12
55889.4   -2.527e+00   2.886e-01   3.448e-11   4.855e-12
55889.4   -1.975e+00   3.384e-01   2.408e-11   4.032e-12
55891.3   -2.839e+00   3.697e-01   3.141e-11   4.777e-12
55891.4   -2.414e+00   3.827e-01   3.346e-11   4.644e-12
55891.4   -2.275e+00   2.656e-01   3.566e-11   4.673e-12
55891.4   -2.464e+00   2.953e-01   3.377e-11   4.554e-12
55892.4   -2.673e+00   2.782e-01   3.240e-11   4.645e-12
55892.4   -2.563e+00   3.519e-01   2.509e-11   3.726e-12
55893.3   -2.775e+00   4.367e-01   3.040e-11   4.479e-12
55893.3   -2.419e+00   3.102e-01   3.140e-11   4.749e-12
55921.3   -1.706e+00   2.576e-01   3.349e-11   4.879e-12
55922.3   -2.590e+00   3.116e-01   3.138e-11   4.263e-12
55922.4   -3.104e+00   4.749e-01   2.603e-11   4.389e-12
55924.2   -2.203e+00   2.568e-01   3.104e-11   4.490e-12
55924.3   -2.759e+00   3.703e-01   3.101e-11   4.924e-12
55924.3   -2.063e+00   2.869e-01   3.628e-11   4.995e-12
55925.3   -2.395e+00   3.828e-01   3.107e-11   4.525e-12
55925.3   -2.467e+00   3.709e-01   2.604e-11   4.261e-12
55944.2   -2.291e+00   2.797e-01   3.595e-11   5.118e-12
55944.2   -2.756e+00   4.373e-01   2.673e-11   4.508e-12
55944.2   -2.470e+00   3.630e-01   2.515e-11   4.044e-12
55947.2   -2.130e+00   2.929e-01   2.323e-11   3.947e-12
55947.2   -2.392e+00   4.417e-01   2.382e-11   4.291e-12
55947.2   -2.615e+00   2.677e-01   3.398e-11   4.685e-12
55947.2   -2.817e+00   4.114e-01   3.300e-11   4.974e-12
55951.2   -2.521e+00   5.033e-01   2.161e-11   4.042e-12
55976.2   -3.450e+00   7.937e-01   2.705e-11   4.933e-12
55976.2   -2.604e+00   3.629e-01   3.079e-11   4.835e-12
55976.2   -2.687e+00   2.753e-01   3.258e-11   4.450e-12
55976.2   -2.687e+00   3.088e-01   2.556e-11   3.991e-12
55979.1   -2.562e+00   2.798e-01   3.157e-11   4.539e-12
55979.2   -2.375e+00   3.791e-01   2.784e-11   4.470e-12
55979.2   -2.272e+00   2.779e-01   2.864e-11   4.207e-12
55982.1   -2.276e+00   3.043e-01   3.463e-11   5.069e-12
55982.2   -2.050e+00   2.967e-01   3.118e-11   4.658e-12
55982.2   -2.642e+00   3.210e-01   3.257e-11   4.612e-12
55982.2   -2.175e+00   2.781e-01   3.410e-11   4.552e-12
56213.5   -3.127e+00   5.552e-01   2.364e-11   4.569e-12
56213.5   -2.647e+00   3.085e-01   4.223e-11   5.254e-12
56213.5   -3.441e+00   4.101e-01   3.626e-11   5.438e-12
56213.5   -2.452e+00   4.985e-01   4.039e-11   6.316e-12
56214.4   -2.216e+00   4.308e-01   3.688e-11   5.377e-12
56214.5   -2.159e+00   2.824e-01   3.894e-11   5.380e-12
56214.5   -3.005e+00   4.034e-01   3.138e-11   4.824e-12
56220.4   -2.429e+00   2.856e-01   3.777e-11   4.878e-12
56220.4   -1.939e+00   2.407e-01   3.220e-11   4.490e-12
56220.4   -2.423e+00   2.836e-01   3.770e-11   5.160e-12
56222.4   -2.656e+00   3.680e-01   3.646e-11   5.229e-12
56222.4   -2.619e+00   2.875e-01   3.350e-11   4.578e-12
56224.4   -1.434e+00   3.879e-01   3.424e-11   5.348e-12
56224.4   -3.068e+00   4.185e-01   3.613e-11   4.836e-12
56224.5   -2.206e+00   3.745e-01   2.574e-11   5.273e-12
56226.5   -2.331e+00   3.461e-01   3.290e-11   4.928e-12
56226.5   -2.002e+00   2.500e-01   3.336e-11   5.064e-12
56244.4   -2.395e+00   2.319e-01   3.749e-11   4.161e-12
56244.4   -2.665e+00   2.574e-01   3.610e-11   4.332e-12
56267.3   -2.468e+00   3.854e-01   2.811e-11   4.547e-12
56267.3   -2.453e+00   2.230e-01   3.614e-11   3.925e-12
56269.3   -2.779e+00   3.345e-01   2.875e-11   3.769e-12
56269.3   -2.740e+00   3.487e-01   3.741e-11   4.525e-12
56271.3   -2.617e+00   2.937e-01   2.928e-11   3.651e-12
56271.3   -2.796e+00   3.266e-01   2.900e-11   3.832e-12
56272.3   -2.452e+00   2.662e-01   3.133e-11   3.653e-12
56273.5   -2.427e+00   3.156e-01   4.014e-11   8.576e-12
56273.5   -2.504e+00   4.284e-01   3.402e-11   1.086e-11
56274.3   -2.965e+00   2.880e-01   3.530e-11   4.102e-12
56297.2   -2.587e+00   2.401e-01   4.445e-11   4.486e-12
56297.2   -2.622e+00   2.471e-01   3.363e-11   3.802e-12
56297.2   -2.298e+00   2.366e-01   3.052e-11   3.664e-12
56297.2   -2.831e+00   2.675e-01   2.982e-11   3.733e-12
56305.2   -2.716e+00   2.639e-01   3.781e-11   4.078e-12
56305.2   -2.836e+00   2.473e-01   3.583e-11   4.037e-12
56308.2   -2.624e+00   2.234e-01   3.919e-11   4.264e-12
56308.2   -2.542e+00   2.026e-01   3.651e-11   4.105e-12
56324.2   -2.648e+00   2.670e-01   2.988e-11   3.725e-12
56328.2   -3.328e+00   3.072e-01   3.245e-11   3.919e-12
56328.2   -2.732e+00   2.955e-01   3.372e-11   3.750e-12
56331.2   -3.358e+00   3.467e-01   3.044e-11   3.703e-12
56331.2   -2.687e+00   2.347e-01   3.051e-11   3.520e-12
56336.2   -2.688e+00   2.180e-01   3.032e-11   3.375e-12
56339.3   -2.950e+00   2.993e-01   3.849e-11   5.452e-12
56339.3   -2.696e+00   3.619e-01   3.225e-11   6.041e-12
56339.3   -3.652e+00   7.377e-01   5.127e-11   1.985e-11
56352.1   -2.632e+00   3.032e-01   2.492e-11   3.248e-12
56353.2   -2.884e+00   3.208e-01   2.929e-11   3.899e-12
56353.2   -2.041e+00   4.755e-01   2.756e-11   4.593e-12
56354.2   -2.782e+00   3.206e-01   3.660e-11   4.634e-12
56354.2   -2.597e+00   2.983e-01   3.426e-11   4.761e-12
56354.2   -2.797e+00   3.152e-01   3.198e-11   4.893e-12
56354.3   -2.237e+00   6.150e-01   5.830e-11   2.015e-11
56356.1   -2.698e+00   2.778e-01   3.173e-11   3.662e-12
56358.1   -2.661e+00   2.727e-01   3.635e-11   3.917e-12
56358.1   -2.412e+00   2.648e-01   3.277e-11   4.718e-12
56358.2   -2.478e+00   2.323e-01   3.034e-11   3.490e-12
56358.2   -2.470e+00   2.698e-01   2.746e-11   3.252e-12
56358.2   -2.509e+00   2.072e-01   3.427e-11   3.777e-12
56358.2   -2.660e+00   2.701e-01   3.219e-11   4.144e-12
56358.3   -2.601e+00   3.492e-01   3.430e-11   7.768e-12
56359.2   -2.071e+00   2.207e-01   3.189e-11   4.050e-12
56362.1   -2.661e+00   1.937e-01   4.550e-11   4.307e-12
56362.1   -2.497e+00   2.136e-01   3.327e-11   3.692e-12
56362.2   -3.041e+00   3.479e-01   2.693e-11   3.268e-12
56362.2   -2.621e+00   2.050e-01   3.210e-11   3.427e-12
56363.1   -2.560e+00   2.196e-01   3.740e-11   4.063e-12
56363.1   -2.669e+00   2.151e-01   3.972e-11   3.965e-12
56364.1   -2.608e+00   2.395e-01   4.131e-11   4.199e-12
56364.2   -2.416e+00   2.498e-01   3.107e-11   3.454e-12
56365.1   -2.844e+00   2.863e-01   3.619e-11   4.008e-12
56366.2   -2.632e+00   2.449e-01   2.495e-11   2.988e-12
56382.1   -2.657e+00   2.070e-01   3.483e-11   3.695e-12
56382.2   -2.399e+00   2.193e-01   3.487e-11   4.093e-12
56382.2   -1.884e+00   2.979e-01   2.548e-11   6.151e-12
56383.2   -2.063e+00   6.789e-01   2.001e-11   1.171e-11
56546.5   -2.721e+00   2.486e-01   3.948e-11   4.100e-12
56567.5   -2.675e+00   2.333e-01   3.432e-11   4.008e-12
56567.5   -2.779e+00   2.519e-01   3.749e-11   4.225e-12
56568.5   -2.405e+00   2.338e-01   3.316e-11   3.623e-12
56568.5   -2.488e+00   2.801e-01   3.617e-11   4.471e-12
56569.5   -2.298e+00   2.581e-01   3.360e-11   3.753e-12
56572.3   -2.981e+00   5.116e-01   2.179e-11   6.683e-12
56572.3   -2.569e+00   1.967e-01   3.985e-11   4.855e-12
56572.4   -2.763e+00   2.101e-01   4.074e-11   4.139e-12
56572.4   -2.642e+00   2.026e-01   3.775e-11   3.867e-12
56572.4   -2.640e+00   2.249e-01   3.846e-11   3.998e-12
56593.3   -2.865e+00   2.803e-01   5.249e-11   8.761e-12
56595.4   -2.313e+00   1.832e-01   4.290e-11   4.236e-12
56595.4   -1.975e+00   2.877e-01   2.341e-11   3.908e-12
56595.5   -2.557e+00   2.184e-01   3.427e-11   3.862e-12
56595.5   -3.167e+00   2.859e-01   3.123e-11   3.616e-12
56596.3   -2.291e+00   3.923e-01   1.948e-11   5.567e-12
56596.3   -2.495e+00   2.271e-01   3.357e-11   3.817e-12
56598.2   -1.915e+00   4.677e-01   1.368e-11   5.221e-12
56598.3   -2.334e+00   2.981e-01   2.708e-11   4.210e-12
56598.3   -2.714e+00   1.932e-01   4.383e-11   4.251e-12
56600.3   -2.697e+00   2.340e-01   2.584e-11   3.465e-12
56602.3   -2.553e+00   2.913e-01   3.870e-11   7.233e-12
56602.3   -2.514e+00   2.453e-01   3.125e-11   3.451e-12
56603.3   -2.738e+00   2.664e-01   5.049e-11   8.124e-12
56603.3   -2.559e+00   2.006e-01   3.416e-11   3.717e-12
56605.3   -2.639e+00   2.187e-01   3.787e-11   4.075e-12
56633.3   -3.053e+00   3.628e-01   4.012e-11   5.470e-12
56633.4   -2.696e+00   2.229e-01   3.469e-11   3.967e-12
56651.3   -2.577e+00   2.382e-01   3.864e-11   4.177e-12
56651.3   -2.502e+00   2.364e-01   3.834e-11   4.101e-12
56652.3   -2.570e+00   3.001e-01   4.239e-11   5.625e-12
56656.2   -2.457e+00   2.660e-01   3.430e-11   4.838e-12
56656.3   -1.840e+00   3.098e-01   2.684e-11   3.882e-12
56657.3   -2.813e+00   2.558e-01   3.481e-11   3.993e-12
56659.3   -2.501e+00   2.201e-01   4.015e-11   4.254e-12
56659.3   -2.189e+00   2.127e-01   3.072e-11   3.670e-12
56659.3   -2.363e+00   2.864e-01   3.179e-11   3.641e-12
