2022/2022A&A...658A..83A/VER-000025-lc-1.ecsv
# %ECSV 0.9
# ---
# datatype:
# - {name: e_min, unit: TeV, datatype: float64}
# - {name: time, unit: MJD, datatype: float64}
# - {name: time_err, unit: MJD, datatype: float64}
# - {name: flux, unit: cm-2 s-1, datatype: float64}
# - {name: flux_err, unit: cm-2 s-1, datatype: float64}
# meta: !!omap
# - data_type: lc
# - source_id: 25
# - reference_id: 2022A&A...658A..83A
# - telescope: veritas
# - {SED_TYPE: flux}
# - comments: |
#     Fig 13
e_min time time_err flux flux_err
0.2  56213.5    0.035457    2.48032e-10 1.00707e-11
0.2  56214.4    0.0285907   2.34525e-10 1.19122e-11
0.2  56220.4    0.0286941   2.69689e-10 1.2307e-11
0.2  56222.4    0.0212298   2.6488e-10  1.49116e-11
0.2  56224.4    0.0243739   2.41181e-10 1.24815e-11
0.2  56226.5    0.0231178   2.5671e-10  1.53155e-11
0.2  56244.4    0.0317404   2.5525e-10  1.21147e-11
0.2  56267.3    0.0275662   2.56734e-10 1.30606e-11
0.2  56269.3    0.031577    2.35612e-10 1.16737e-11
0.2  56271.3    0.0317126   2.37816e-10 1.16306e-11
0.2  56272.3    0.0208681   2.54296e-10 1.71266e-11
0.2  56274.3    0.0208681   2.24869e-10 1.60649e-11
0.2  56297.2    0.0529535   2.44308e-10 8.32495e-12
0.2  56305.2    0.0315765   2.45865e-10 1.17279e-11
0.2  56308.2    0.0318929   2.45526e-10 1.17887e-11
0.2  56324.2    0.0208681   2.13449e-10 1.55608e-11
0.2  56328.2    0.0320871   2.29362e-10 1.1098e-11
0.2  56331.2    0.0318911   2.40663e-10 1.11104e-11
0.2  56336.2    0.0208681   2.13108e-10 1.52626e-11
0.2  56352.1    0.0208681   2.13988e-10 1.52894e-11
0.2  56353.2    0.0167014   2.09841e-10 1.66628e-11
0.2  56354.2    0.013912    2.5043e-10  2.40883e-11
0.2  56356.1    0.0208681   2.19516e-10 1.53281e-11
0.2  56358.2    0.0547961   2.18329e-10 8.09302e-12
0.2  56362.2    0.0538855   2.3512e-10  8.17863e-12
0.2  56363.1    0.0318933   2.53078e-10 1.15945e-11
0.2  56364.1    0.0325717   2.44696e-10 1.14109e-11
0.2  56365.1    0.0208681   2.43391e-10 1.59722e-11
0.2  56366.2    0.0208796   1.85411e-10 1.55294e-11
0.2  56382.1    0.0180903   1.91666e-10 1.78714e-11
0.2  56546.5    0.0201505   2.38677e-10 1.81645e-11
0.2  56567.5    0.0294      2.63505e-10 1.25847e-11
0.2  56568.5    0.0293759   2.50601e-10 1.22333e-11
0.2  56569.5    0.0209144   2.15855e-10 1.54583e-11
0.2  56572.4    0.0314841   2.5803e-10  1.34729e-11
0.2  56595.4    0.0847719   2.32681e-10 8.50503e-12
0.2  56596.3    0.0208681   2.39344e-10 1.91053e-11
0.2  56598.3    0.0208681   2.7348e-10  1.92226e-11
0.2  56602.3    0.0208681   2.23595e-10 1.7653e-11
0.2  56603.3    0.0208681   2.08295e-10 1.94525e-11
0.2  56605.3    0.0208681   2.40452e-10 2.0976e-11
0.2  56633.4    0.0262468   2.57334e-10 1.31254e-11
0.2  56651.3    0.0315118   2.58842e-10 1.20938e-11
0.2  56652.3    0.0126389   2.79876e-10 2.2876e-11
0.2  56656.2    0.0237159   2.34226e-10 1.33461e-11
0.2  56657.3    0.0208449   2.36782e-10 1.65541e-11
0.2  56659.3    0.0421933   2.42317e-10 9.38323e-12
0.2  56661.3    0.0208449   1.98842e-10 1.4821e-11
0.2  56683.1    0.0208449   2.48559e-10 1.66981e-11
0.2  56930.5    0.0473237   2.57186e-10 9.36204e-12
0.2  56931.5    0.032065    2.58224e-10 1.52756e-11
0.2  56932.5    0.0416543   2.35422e-10 1.27777e-11
0.2  56933.5    0.0208681   2.62393e-10 1.4558e-11
0.2  56934.5    0.0236088   2.52271e-10 1.44158e-11
0.2  56935.5    0.0315469   2.37841e-10 1.14701e-11
0.2  56948.4    0.0173727   2.80009e-10 2.15927e-11
0.2  56949.5    0.0208565   2.30819e-10 1.62682e-11
0.2  56951.5    0.0373667   2.87133e-10 1.38168e-11
0.2  56953.4    0.0847679   2.67279e-10 6.52202e-12
0.2  56954.4    0.0820045   2.74143e-10 6.78841e-12
0.2  56955.4    0.0993738   2.69746e-10 6.33873e-12
0.2  56956.4    0.0715793   2.61493e-10 7.39195e-12
0.2  56958.4    0.0741377   2.84037e-10 7.66032e-12
0.2  56959.4    0.0527433   2.55257e-10 8.51726e-12
0.2  56960.4    0.0320155   2.472e-10   1.18823e-11
0.2  56977.4    0.0123727   2.44788e-10 2.19964e-11
0.2  56981.4    0.0315033   2.26592e-10 1.1539e-11
0.2  56987.4    0.031603    2.3681e-10  1.16988e-11
0.2  56988.3    0.0314597   2.7649e-10  1.30509e-11
0.2  56990.3    0.0209259   2.46082e-10 1.69376e-11
0.2  57010.3    0.0498767   2.57167e-10 1.29368e-11
0.2  57015.3    0.0317017   2.62699e-10 1.24776e-11
0.2  57065.3    0.0208449   2.45255e-10 1.97812e-11
0.2  57066.3    0.0208449   2.27206e-10 1.89255e-11
0.2  57281.5    0.0208449   2.8764e-10  2.06688e-11
0.2  57282.5    0.0295355   2.56466e-10 1.35377e-11
0.2  57288.5    0.0257595   2.63913e-10 1.40676e-11
0.2  57308.5    0.0313194   2.25158e-10 1.30903e-11
0.2  57309.5    0.0173727   2.26335e-10 1.76707e-11
0.2  57310.5    0.0345101   2.47941e-10 1.13394e-11
0.2  57311.5    0.0354117   2.32789e-10 1.04873e-11
0.2  57333.5    0.0630542   2.33626e-10 1.09636e-11
0.2  57334.4    0.0238023   2.44283e-10 1.38279e-11
0.2  57338.4    0.0317467   2.55615e-10 1.21737e-11
0.2  57339.4    0.042572    2.55721e-10 1.00475e-11
0.2  57340.4    0.0315471   2.11244e-10 1.10618e-11
0.2  57343.4    0.0316579   2.08101e-10 1.09528e-11
0.2  57344.4    0.0422687   2.52077e-10 9.8308e-12
0.2  57345.4    0.0422505   2.44264e-10 9.79693e-12
0.2  57346.4    0.0312374   2.40341e-10 1.18595e-11
0.2  57347.4    0.0187616   2.53025e-10 1.8116e-11
0.2  57364.3    0.0315063   2.39661e-10 1.16624e-11
0.2  57372.4    0.0208449   2.2435e-10  1.59688e-11
0.2  57374.4    0.0173727   2.832e-10   1.98401e-11
0.2  57398.3    0.068297    1.97305e-10 1.11346e-11
0.2  57399.3    0.0208449   2.48226e-10 1.67904e-11
0.2  57401.3    0.0208449   2.32264e-10 1.79006e-11
0.2  57422.3    0.0208449   2.1733e-10  1.75289e-11
0.2  57424.3    0.0232447   2.28863e-10 1.61719e-11
0.2  57429.2    0.0686163   2.43912e-10 9.05779e-12
0.2  57430.2    0.0208449   2.3545e-10  1.62175e-11
0.2  57448.2    0.0208449   2.43588e-10 1.87565e-11
0.2  57474.1    0.00695602  1.76601e-10 2.83273e-11
0.2  57665.4    0.0208449   2.39868e-10 1.89366e-11
0.2  57666.5    0.0326046   2.90463e-10 1.31626e-11
0.2  57670.5    0.0183565   2.95893e-10 2.0099e-11
0.2  57673.5    0.0339066   2.67163e-10 1.23718e-11
0.2  57674.5    0.0204977   2.22198e-10 1.66014e-11
0.2  57697.4    0.0208449   2.53059e-10 1.73078e-11
0.2  57723.4    0.0208449   2.29229e-10 1.65679e-11
0.2  57726.4    0.0208449   2.31475e-10 1.78812e-11
0.2  57728.3    0.0208449   2.37017e-10 1.70036e-11
0.2  57758.3    0.0208449   2.92554e-10 1.88241e-11
0.2  57776.2    0.0208449   2.57531e-10 1.74793e-11
0.2  57781.2    0.0316214   2.55346e-10 1.22158e-11
0.2  57785.2    0.031694    2.34613e-10 1.19486e-11
0.2  57805.2    0.019375    2.83198e-10 1.86185e-11
0.2  57809.2    0.0208449   2.49315e-10 1.75961e-11
0.2  57827.1    0.0208449   2.66276e-10 1.79476e-11
0.2  57829.1    0.00763889  2.04372e-10 2.60163e-11
0.2  57833.1    0.0196759   2.03049e-10 1.70225e-11
0.2  57835.1    0.0312959   2.175e-10   1.32823e-11
0.2  57836.1    0.0316181   2.15997e-10 1.30281e-11
0.2  57837.1    0.031487    2.29232e-10 1.36549e-11
0.2  58014.5    0.0208449   2.02469e-10 1.3713e-11
0.2  58015.5    0.026491    2.30254e-10 1.34376e-11
0.2  58020.5    0.0149074   2.02425e-10 1.86798e-11
0.2  58022.5    0.0254392   2.21556e-10 1.28863e-11
0.2  58025.5    0.0315285   1.99195e-10 1.10327e-11
0.2  58026.5    0.0208449   2.55054e-10 1.76096e-11
0.2  58027.5    0.031646    2.26237e-10 1.16651e-11
0.2  58028.5    0.0320593   2.48454e-10 1.22154e-11
0.2  58042.4    0.0208449   2.59227e-10 1.94182e-11
0.2  58043.5    0.0317494   2.24981e-10 1.15881e-11
0.2  58045.5    0.0243171   2.74258e-10 1.68707e-11
0.2  58048.5    0.0315215   2.66228e-10 1.26777e-11
0.2  58049.5    0.03152     2.56532e-10 1.22749e-11
0.2  58051.4    0.0315485   2.26045e-10 1.29642e-11
0.2  58052.4    0.0315685   2.73981e-10 1.28055e-11
0.2  58054.5    0.0208449   2.21629e-10 1.62629e-11
0.2  58056.5    0.0315016   2.40647e-10 1.19959e-11
0.2  58057.5    0.0208449   2.23136e-10 1.68797e-11
0.2  58077.3    0.0314864   2.47681e-10 1.26903e-11
0.2  58079.4    0.0208449   2.58538e-10 1.82034e-11
0.2  58082.4    0.031569    2.13478e-10 1.13342e-11
0.2  58083.4    0.0527369   2.69104e-10 1.10007e-11
0.2  58084.4    0.0511985   2.47865e-10 1.14605e-11
0.2  58103.2    0.0139005   2.15058e-10 2.05328e-11
0.2  58107.3    0.0208449   2.68528e-10 1.8144e-11
0.2  58108.2    0.031419    2.33004e-10 1.20393e-11
0.2  58109.2    0.0315398   2.16346e-10 1.33392e-11
0.2  58110.2    0.0316294   2.42925e-10 1.23631e-11
0.2  58111.2    0.0208449   2.2022e-10  1.6758e-11
0.2  58112.3    0.0138773   2.55359e-10 2.1274e-11
0.2  58113.3    0.0272598   2.3799e-10  1.25138e-11
0.2  58124.2    0.0277894   2.54142e-10 1.53999e-11
0.2  58127.2    0.0277894   2.32162e-10 1.47482e-11
0.2  58130.2    0.137331    2.43746e-10 5.38361e-12
0.2  58131.3    0.0897116   2.29398e-10 6.41112e-12
0.2  58132.3    0.0208449   2.45367e-10 1.68156e-11
0.2  58134.2    0.0139005   2.31738e-10 2.01921e-11
0.2  58137.2    0.0208449   2.62893e-10 1.77091e-11
0.2  58138.2    0.0314401   2.1668e-10  1.14975e-11
0.2  58140.2    0.0304005   2.73688e-10 1.39935e-11
0.2  58155.1    0.0139005   2.36738e-10 2.08731e-11
0.2  58156.1    0.0208449   2.3398e-10  1.68539e-11
0.2  58157.2    0.0208449   2.47152e-10 1.68219e-11
0.2  58158.2    0.0208449   2.18468e-10 1.58918e-11
0.2  58161.2    0.0208449   2.11309e-10 1.57981e-11
0.2  58184.1    0.0139005   2.08898e-10 1.92209e-11
0.2  58409.4    0.0208449   2.51693e-10 1.82258e-11
0.2  58411.5    0.0145023   2.28636e-10 1.99218e-11
0.2  58423.3    0.0141435   2.53795e-10 2.91947e-11
0.2  58424.3    0.0208449   2.66858e-10 2.27342e-11
0.2  58426.4    0.0104282   1.98233e-10 2.26515e-11
0.2  58428.4    0.0104282   2.45239e-10 2.45339e-11
0.2  58429.4    0.0104282   2.27655e-10 2.40603e-11
0.2  58430.4    0.0104282   2.17324e-10 2.27851e-11
0.2  58431.5    0.0104861   1.80394e-10 2.18857e-11
0.2  58432.5    0.0104282   2.07177e-10 2.2104e-11
0.2  58433.4    0.010463    2.19062e-10 2.31486e-11
0.2  58434.4    0.0104282   2.16031e-10 2.26495e-11
0.2  58437.3    0.0104282   2.27514e-10 2.3945e-11
0.2  58438.3    0.0104282   2.35854e-10 2.43809e-11
0.2  58439.4    0.00935185  2.27181e-10 2.48981e-11
0.2  58441.4    0.0104282   2.42791e-10 2.51988e-11
0.2  58461.3    0.0104282   2.41117e-10 2.42803e-11
0.2  58462.3    0.0104282   2.39825e-10 2.42787e-11
0.2  58465.3    0.0104282   2.21824e-10 2.34888e-11
0.2  58466.3    0.0104282   2.12371e-10 2.29131e-11
0.2  58494.2    0.0096875   2.62235e-10 2.6422e-11
0.2  58508.2    0.0104282   2.13557e-10 2.30477e-11
0.2  58510.2    0.0104861   2.5948e-10  2.52135e-11
0.2  58511.2    0.0104282   2.10013e-10 2.22264e-11
0.2  58515.2    0.0104282   2.51773e-10 2.46103e-11
0.2  58522.1    0.0104282   2.35086e-10 2.40899e-11
0.2  58538.1    0.00746528  2.78014e-10 3.07115e-11
0.2  58543.1    0.0104282   2.57538e-10 2.49572e-11
0.2  58546.1    0.0104282   2.38401e-10 2.4434e-11
0.2  58551.2    0.04093     2.61252e-10 2.03164e-11
0.2  58567.1    0.0104282   2.28423e-10 2.59161e-11
0.2  58571.1    0.0104282   2.5928e-10  2.87214e-11
0.2  58573.1    0.0104514   2.16705e-10 2.74412e-11
0.2  58758.5    0.0139005   2.28392e-10 2.0074e-11
0.2  58761.5    0.00606481  2.57226e-10 3.32006e-11
0.2  58762.5    0.0208449   2.34518e-10 1.66168e-11
0.2  58764.5    0.0239223   2.44526e-10 1.39853e-11
0.2  58780.4    0.0104282   2.72206e-10 2.54329e-11
0.2  58781.5    0.00903935  2.67784e-10 2.71092e-11
0.2  58782.4    0.0104282   2.49751e-10 2.44238e-11
0.2  58785.5    0.0104282   2.35149e-10 2.35245e-11
0.2  58786.5    0.0104282   2.30079e-10 2.3462e-11
0.2  58787.5    0.0104282   1.74819e-10 2.0852e-11
0.2  58788.5    0.0104282   2.13441e-10 2.37624e-11
0.2  58790.4    0.0104282   2.18116e-10 2.30784e-11
0.2  58813.3    0.0104282   1.89992e-10 2.14289e-11
0.2  58814.3    0.0104282   2.13029e-10 2.26814e-11
0.2  58820.3    0.0104282   2.71094e-10 2.55923e-11
0.2  58823.4    0.0104282   2.37335e-10 2.65945e-11
0.2  58836.3    0.0104282   1.92781e-10 2.20345e-11
0.2  58837.3    0.0104282   2.76837e-10 2.59791e-11
0.2  58838.3    0.0104282   2.11613e-10 2.26623e-11
0.2  58851.3    0.0104282   2.31048e-10 2.43263e-11
0.2  58852.4    0.0104282   2.3841e-10  2.81701e-11
0.2  58866.1    0.0104282   2.32535e-10 2.72809e-11
0.2  58867.1    0.0104282   2.90453e-10 2.85584e-11
0.2  58874.2    0.0104282   2.15033e-10 2.29886e-11
0.2  58875.2    0.0104514   2.30682e-10 2.35478e-11
0.2  58876.2    0.0795815   2.28254e-10 6.98821e-12
0.2  58877.2    0.0104282   2.01868e-10 2.24447e-11
0.2  58878.2    0.0104282   2.37168e-10 2.39487e-11
0.2  58893.2    0.0104282   2.37272e-10 2.32651e-11
0.2  58895.2    0.0104282   2.45341e-10 2.41932e-11
0.2  58896.1    0.0104282   2.3909e-10  2.40021e-11
0.2  58897.1    0.0104282   2.29749e-10 2.37061e-11
0.2  58904.1    0.0104282   2.61855e-10 2.50863e-11
0.2  58924.1    0.0104282   2.66795e-10 2.61664e-11
