2022/2022A&A...658A..83A/VER-000025-table-figC1.ecsv
# %ECSV 0.9
# ---
# datatype:
# - {name: time, unit: MJD, datatype: float64}
# - {name: index, datatype: float32}
# - {name: index_err, datatype: float32}
# - {name: norm, unit: TeV-1 cm-2 s-1, datatype: float32}
# - {name: norm_err, unit: TeV-1 cm-2 s-1, datatype: float32}
# meta: !!omap
# - data_type: table
# - source_id: 25
# - reference_id: 2022A&A...658A..83A
# - telescope: veritas
# - comments: |
#     Fig C.1
time index index_err norm norm_err
[from data line 281]
56683.1   -2.685e+00   2.361e-01   3.657e-11   4.053e-12
56930.4   -2.270e+00   1.979e-01   3.681e-11   3.961e-12
56930.5   -2.428e+00   2.394e-01   3.157e-11   3.722e-12
56930.5   -2.502e+00   2.172e-01   3.703e-11   3.983e-12
56930.5   -2.625e+00   2.636e-01   3.990e-11   5.430e-12
56931.4   -2.064e+00   4.063e-01   3.399e-11   6.662e-12
56931.5   -2.924e+00   2.267e-01   4.141e-11   4.122e-12
56932.5   -2.268e+00   2.786e-01   3.056e-11   3.609e-12
56932.5   -2.465e+00   3.106e-01   3.941e-11   5.219e-12
56933.5   -2.538e+00   2.155e-01   3.512e-11   3.873e-12
56933.5   -2.064e+00   3.242e-01   3.839e-11   6.672e-12
56934.5   -2.317e+00   2.362e-01   3.478e-11   3.724e-12
56934.5   -1.590e+00   4.339e-01   2.438e-11   5.540e-12
56935.5   -2.272e+00   2.648e-01   3.506e-11   4.094e-12
56935.5   -2.179e+00   3.356e-01   3.464e-11   5.368e-12
56935.5   -2.573e+00   2.514e-01   4.347e-11   5.373e-12
56948.4   -2.691e+00   2.471e-01   4.044e-11   4.448e-12
56949.5   -2.505e+00   2.647e-01   3.433e-11   3.953e-12
56951.5   -2.648e+00   2.280e-01   4.241e-11   4.420e-12
56951.5   -2.891e+00   2.648e-01   4.910e-11   5.598e-12
56953.4   -2.741e+00   2.145e-01   3.914e-11   3.935e-12
56953.4   -2.645e+00   2.176e-01   3.862e-11   4.009e-12
56953.4   -2.558e+00   1.924e-01   4.481e-11   4.370e-12
56953.4   -2.588e+00   2.568e-01   4.092e-11   4.243e-12
56953.5   -2.776e+00   2.053e-01   3.897e-11   4.110e-12
56953.5   -2.258e+00   1.823e-01   4.240e-11   4.354e-12
56953.5   -2.494e+00   2.207e-01   3.433e-11   3.788e-12
56953.5   -1.592e+00   4.017e-01   3.087e-11   6.125e-12
56954.4   -2.751e+00   1.959e-01   4.227e-11   4.238e-12
56954.4   -2.518e+00   2.099e-01   3.642e-11   3.923e-12
56954.4   -2.322e+00   1.902e-01   3.532e-11   3.849e-12
56954.4   -2.178e+00   2.002e-01   4.125e-11   4.359e-12
56954.5   -2.480e+00   2.259e-01   4.504e-11   4.488e-12
56954.5   -2.698e+00   1.862e-01   4.543e-11   4.310e-12
56954.5   -2.394e+00   1.869e-01   3.862e-11   4.323e-12
56955.4   -2.586e+00   1.965e-01   3.463e-11   3.722e-12
56955.4   -2.747e+00   2.079e-01   4.184e-11   4.161e-12
56955.4   -2.591e+00   2.089e-01   3.556e-11   3.803e-12
56955.4   -2.404e+00   2.124e-01   3.393e-11   3.898e-12
56955.4   -2.601e+00   2.046e-01   3.752e-11   4.062e-12
56955.5   -2.862e+00   2.654e-01   3.795e-11   4.179e-12
56955.5   -2.037e+00   2.329e-01   3.377e-11   3.854e-12
56955.5   -2.424e+00   2.074e-01   3.261e-11   3.715e-12
56956.4   -2.537e+00   2.113e-01   3.987e-11   4.135e-12
56956.4   -2.486e+00   2.034e-01   3.574e-11   3.961e-12
56956.4   -2.440e+00   2.201e-01   3.555e-11   3.825e-12
56956.5   -2.310e+00   2.047e-01   3.136e-11   3.624e-12
56956.5   -2.667e+00   2.296e-01   3.531e-11   3.670e-12
56956.5   -1.928e+00   3.105e-01   4.400e-11   8.806e-12
56958.3   -2.510e+00   1.924e-01   4.299e-11   4.270e-12
56958.4   -2.228e+00   1.780e-01   3.846e-11   4.120e-12
56958.4   -2.636e+00   2.108e-01   3.938e-11   4.286e-12
56958.4   -2.436e+00   2.055e-01   3.580e-11   4.088e-12
56958.4   -2.525e+00   2.151e-01   3.865e-11   4.175e-12
56958.5   -2.809e+00   2.417e-01   3.979e-11   4.131e-12
56959.4   -2.600e+00   2.308e-01   4.057e-11   4.173e-12
56959.4   -3.142e+00   2.864e-01   3.488e-11   3.971e-12
56959.4   -2.637e+00   2.445e-01   3.636e-11   4.137e-12
56959.5   -2.616e+00   2.589e-01   3.730e-11   4.111e-12
56960.4   -2.522e+00   2.149e-01   4.049e-11   4.152e-12
56960.4   -2.279e+00   2.357e-01   3.004e-11   3.666e-12
56977.4   -2.158e+00   2.565e-01   3.937e-11   5.213e-12
56981.4   -2.413e+00   2.229e-01   3.151e-11   3.800e-12
56981.4   -2.443e+00   2.426e-01   4.136e-11   4.343e-12
56987.3   -2.394e+00   2.725e-01   3.610e-11   3.973e-12
56987.4   -3.097e+00   3.151e-01   2.934e-11   3.575e-12
56988.3   -2.848e+00   2.092e-01   3.635e-11   3.883e-12
56988.3   -2.562e+00   1.959e-01   3.933e-11   4.146e-12
56990.3   -2.929e+00   2.311e-01   3.332e-11   3.622e-12
57010.3   -2.407e+00   2.016e-01   4.069e-11   4.345e-12
57010.3   -2.724e+00   2.560e-01   4.281e-11   4.818e-12
57015.3   -2.458e+00   2.234e-01   4.168e-11   4.512e-12
57015.3   -2.161e+00   2.316e-01   3.609e-11   4.310e-12
57019.4   -3.219e+00   6.896e-01   5.523e-11   2.565e-11
57020.4   -2.430e+00   1.839e-01   4.233e-11   4.576e-12
57020.4   -2.608e+00   2.979e-01   4.371e-11   8.003e-12
57021.4   -2.527e+00   1.714e-01   4.170e-11   4.515e-12
57021.4   -1.928e+00   1.870e-01   3.666e-11   4.995e-12
57021.4   -2.698e+00   4.522e-01   4.728e-11   1.710e-11
57042.3   -2.598e+00   1.904e-01   4.027e-11   4.469e-12
57045.3   -2.169e+00   2.002e-01   3.665e-11   4.549e-12
57046.4   -2.394e+00   4.328e-01   4.181e-11   1.447e-11
57065.3   -2.345e+00   1.835e-01   3.503e-11   3.805e-12
57066.3   -2.687e+00   2.056e-01   3.591e-11   3.697e-12
57071.3   -1.461e+00   6.877e-01   1.478e-11   7.637e-12
57097.2   -2.555e+00   4.677e-01   2.557e-11   1.044e-11
57281.5   -2.542e+00   1.911e-01   3.958e-11   4.015e-12
57282.5   -2.414e+00   1.925e-01   3.766e-11   4.208e-12
57282.5   -3.169e+00   2.836e-01   3.629e-11   3.668e-12
57288.5   -2.595e+00   2.297e-01   4.189e-11   4.123e-12
57288.5   -2.392e+00   2.850e-01   4.266e-11   5.629e-12
57308.5   -2.685e+00   2.065e-01   3.305e-11   3.055e-12
57309.5   -2.407e+00   2.286e-01   3.486e-11   4.259e-12
57310.4   -2.337e+00   2.316e-01   3.597e-11   4.752e-12
57310.5   -2.203e+00   2.431e-01   3.502e-11   3.886e-12
57310.5   -2.436e+00   2.867e-01   3.723e-11   5.066e-12
57311.4   -2.448e+00   2.197e-01   3.910e-11   3.898e-12
57311.5   -3.614e+00   6.102e-01   2.152e-11   3.494e-12
57311.5   -2.785e+00   3.456e-01   4.562e-11   6.610e-12
57333.4   -2.487e+00   2.026e-01   4.118e-11   4.229e-12
57333.5   -2.786e+00   2.242e-01   3.352e-11   3.627e-12
57333.5   -2.523e+00   2.788e-01   3.246e-11   4.631e-12
57334.4   -2.485e+00   2.307e-01   3.835e-11   4.088e-12
57334.4   -2.398e+00   3.636e-01   4.226e-11   6.521e-12
57338.4   -2.973e+00   2.612e-01   3.341e-11   3.695e-12
57338.4   -2.511e+00   2.305e-01   3.663e-11   4.014e-12
57339.4   -2.987e+00   2.986e-01   3.655e-11   3.903e-12
57339.4   -2.415e+00   2.220e-01   3.457e-11   3.905e-12
57339.4   -2.448e+00   2.129e-01   3.418e-11   3.877e-12
57340.4   -2.603e+00   2.169e-01   3.269e-11   3.733e-12
57340.4   -3.016e+00   3.117e-01   2.991e-11   3.796e-12
57343.4   -2.817e+00   2.613e-01   2.760e-11   3.498e-12
57343.4   -2.343e+00   2.835e-01   3.127e-11   3.696e-12
57343.5   -2.830e+00   2.326e-01   4.418e-11   4.603e-12
57344.4   -3.250e+00   2.857e-01   3.342e-11   4.032e-12
57344.4   -2.828e+00   2.186e-01   3.847e-11   4.089e-12
57344.4   -2.501e+00   2.438e-01   3.846e-11   4.173e-12
57345.3   -2.455e+00   2.390e-01   3.797e-11   4.088e-12
57345.4   -2.651e+00   2.713e-01   3.007e-11   3.533e-12
57345.4   -2.702e+00   2.367e-01   3.938e-11   4.075e-12
57345.5   -2.509e+00   2.020e-01   4.049e-11   4.536e-12
57346.4   -2.791e+00   2.855e-01   3.316e-11   3.991e-12
57346.4   -2.490e+00   2.492e-01   3.523e-11   3.820e-12
57347.4   -2.537e+00   2.827e-01   3.533e-11   4.460e-12
57348.5   -3.072e+00   2.729e-01   4.334e-11   4.629e-12
57348.5   -2.556e+00   3.241e-01   5.089e-11   1.053e-11
57364.3   -2.288e+00   1.978e-01   3.923e-11   4.320e-12
57364.4   -2.248e+00   2.125e-01   2.874e-11   3.515e-12
57372.4   -2.601e+00   2.308e-01   3.587e-11   3.953e-12
57372.5   -2.344e+00   2.673e-01   3.464e-11   5.201e-12
57374.4   -2.141e+00   2.091e-01   4.286e-11   4.582e-12
57398.2   -2.016e+00   2.663e-01   2.919e-11   3.743e-12
57398.3   -2.410e+00   2.315e-01   2.989e-11   3.542e-12
57399.3   -2.201e+00   2.228e-01   3.743e-11   4.046e-12
57400.4   -2.076e+00   3.968e-01   3.410e-11   1.011e-11
57401.3   -2.539e+00   2.326e-01   2.986e-11   3.458e-12
57405.4   -1.837e+00   5.095e-01   1.026e-11   5.608e-12
57418.3   -2.367e+00   3.226e-01   4.174e-11   6.530e-12
57422.3   -2.273e+00   2.205e-01   3.350e-11   3.590e-12
57422.3   -2.718e+00   1.643e-01   4.724e-11   4.476e-12
57424.3   -1.995e+00   3.985e-01   2.812e-11   6.605e-12
57424.3   -2.479e+00   1.829e-01   3.213e-11   3.406e-12
57424.3   -2.528e+00   1.956e-01   4.073e-11   4.334e-12
57424.3   -2.492e+00   2.678e-01   4.273e-11   6.548e-12
57429.2   -2.714e+00   2.019e-01   3.353e-11   3.402e-12
57429.2   -2.334e+00   2.091e-01   3.615e-11   3.634e-12
57429.2   -2.675e+00   2.005e-01   3.381e-11   3.502e-12
57430.2   -2.600e+00   2.126e-01   3.404e-11   3.907e-12
57448.2   -2.790e+00   2.089e-01   3.985e-11   3.938e-12
57457.3   -3.193e+00   2.714e+00   4.538e-11   1.375e-10
57474.1   -2.055e+00   8.159e-01   2.131e-11   5.424e-12
57475.2   -3.754e+00   1.127e+00   4.622e-11   2.256e-11
57478.2   -4.252e+00   2.077e+00   7.947e-11   4.709e-11
57480.2   -3.293e+00   1.012e+00   6.141e-11   3.922e-11
57481.2   -2.735e+00   5.273e-01   3.944e-11   1.653e-11
57665.4   -2.694e+00   2.204e-01   3.775e-11   4.137e-12
57666.5   -2.401e+00   1.719e-01   4.715e-11   4.548e-12
57666.5   -2.315e+00   1.848e-01   4.440e-11   4.166e-12
57670.5   -2.074e+00   1.832e-01   4.377e-11   4.712e-12
57673.5   -2.654e+00   1.992e-01   4.207e-11   4.207e-12
57673.5   -2.481e+00   1.923e-01   4.409e-11   4.204e-12
57674.5   -2.651e+00   2.378e-01   3.829e-11   4.176e-12
57697.4   -2.435e+00   2.272e-01   3.619e-11   3.848e-12
57723.4   -2.034e+00   1.728e-01   3.371e-11   3.908e-12
57726.4   -2.207e+00   1.739e-01   3.439e-11   3.810e-12
57728.3   -2.371e+00   2.719e-01   3.397e-11   3.948e-12
57730.5   -2.569e+00   2.065e-01   3.742e-11   4.392e-12
57730.5   -2.594e+00   2.655e-01   5.094e-11   8.420e-12
57732.4   -2.241e+00   2.308e-01   3.349e-11   4.140e-12
57732.5   -2.428e+00   1.934e-01   4.317e-11   5.064e-12
57740.2   -2.326e+00   1.979e-01   3.566e-11   4.212e-12
57741.1   -4.267e+00   9.132e-01   2.006e-11   5.594e-12
57749.4   -2.213e+00   2.810e-01   3.668e-11   7.712e-12
57749.5   -1.933e+00   5.261e-01   2.306e-11   1.115e-11
57758.3   -2.356e+00   1.772e-01   5.019e-11   4.862e-12
57776.2   -2.645e+00   2.082e-01   4.259e-11   4.405e-12
57781.2   -3.047e+00   2.697e-01   3.685e-11   4.042e-12
57781.2   -2.768e+00   2.648e-01   3.592e-11   3.926e-12
57781.3   -2.495e+00   1.908e-01   4.389e-11   5.019e-12
57781.4   -2.245e+00   3.969e-01   4.338e-11   1.410e-11
57782.4   -4.428e+00   1.865e+00   9.721e-11   1.346e-10
57785.2   -2.174e+00   2.259e-01   3.157e-11   3.787e-12
57785.2   -2.352e+00   2.196e-01   3.450e-11   4.104e-12
57805.2   -2.586e+00   1.892e-01   4.731e-11   4.600e-12
57808.3   -2.183e+00   2.527e-01   3.738e-11   6.955e-12
57808.3   -2.066e+00   4.616e-01   1.747e-11   7.963e-12
57809.2   -2.570e+00   2.187e-01   3.659e-11   3.802e-12
57809.3   -2.532e+00   2.123e-01   4.023e-11   4.770e-12
57827.1   -2.519e+00   2.129e-01   3.861e-11   4.121e-12
57829.1   -2.058e+00   3.571e-01   3.422e-11   6.516e-12
57833.1   -2.521e+00   2.572e-01   3.270e-11   3.633e-12
57835.1   -2.735e+00   2.388e-01   3.956e-11   4.085e-12
57835.2   -2.640e+00   2.169e-01   3.183e-11   3.670e-12
57835.2   -2.470e+00   1.942e-01   3.584e-11   4.315e-12
57836.1   -2.632e+00   2.041e-01   2.871e-11   3.356e-12
57836.2   -2.332e+00   2.075e-01   2.944e-11   3.432e-12
57837.1   -2.708e+00   2.424e-01   3.345e-11   3.636e-12
57837.2   -2.503e+00   1.889e-01   3.641e-11   3.736e-12
58014.5   -2.282e+00   2.184e-01   2.849e-11   3.309e-12
58014.5   -2.347e+00   3.836e-01   3.157e-11   5.975e-12
58015.5   -2.685e+00   2.260e-01   3.417e-11   3.691e-12
58015.5   -2.396e+00   2.759e-01   3.280e-11   4.484e-12
58020.5   -2.329e+00   2.961e-01   3.648e-11   4.931e-12
58022.5   -2.343e+00   1.939e-01   3.383e-11   3.808e-12
58022.5   -2.832e+00   3.686e-01   3.497e-11   5.096e-12
58025.5   -2.654e+00   2.512e-01   2.938e-11   3.518e-12
58025.5   -2.784e+00   3.359e-01   3.180e-11   3.881e-12
58026.5   -2.677e+00   2.110e-01   3.796e-11   4.134e-12
58027.5   -2.325e+00   2.065e-01   3.968e-11   4.138e-12
58027.5   -2.004e+00   2.182e-01   2.513e-11   3.309e-12
58028.5   -2.635e+00   2.373e-01   3.779e-11   3.981e-12
58028.5   -2.604e+00   2.314e-01   3.739e-11   4.047e-12
58042.4   -2.559e+00   1.831e-01   4.152e-11   4.249e-12
58043.5   -2.428e+00   2.528e-01   3.587e-11   4.074e-12
58043.5   -2.350e+00   2.311e-01   3.142e-11   3.742e-12
58045.5   -2.307e+00   1.822e-01   4.147e-11   3.864e-12
58048.5   -2.491e+00   1.945e-01   4.765e-11   4.697e-12
58048.5   -2.419e+00   2.023e-01   4.499e-11   4.346e-12
58049.5   -2.306e+00   2.240e-01   4.581e-11   4.509e-12
58049.5   -2.598e+00   2.018e-01   3.971e-11   4.176e-12
58051.4   -2.404e+00   2.064e-01   3.213e-11   3.722e-12
58051.4   -2.606e+00   1.991e-01   3.363e-11   3.717e-12
58052.4   -2.420e+00   2.621e-01   2.930e-11   3.718e-12
58052.5   -2.349e+00   1.929e-01   4.748e-11   4.488e-12
58054.5   -2.416e+00   2.052e-01   3.548e-11   3.912e-12
58056.4   -2.456e+00   1.908e-01   3.809e-11   4.146e-12
58056.5   -2.627e+00   2.133e-01   3.755e-11   3.966e-12
58057.5   -2.290e+00   2.140e-01   3.717e-11   4.025e-12
58077.3   -2.326e+00   1.876e-01   3.827e-11   4.002e-12
58077.3   -2.521e+00   2.186e-01   4.126e-11   4.131e-12
58079.4   -2.736e+00   2.493e-01   3.930e-11   4.181e-12
58082.4   -2.436e+00   2.311e-01   2.852e-11   3.635e-12
58082.4   -1.935e+00   2.403e-01   3.488e-11   3.924e-12
58083.4   -2.625e+00   2.233e-01   3.659e-11   4.027e-12
58083.4   -2.179e+00   1.759e-01   3.980e-11   4.084e-12
58083.5   -2.395e+00   1.799e-01   4.128e-11   4.025e-12
58083.5   -2.640e+00   2.553e-01   4.047e-11   5.295e-12
58083.5   -2.197e+00   2.893e-01   3.777e-11   7.942e-12
58084.4   -2.531e+00   2.442e-01   3.576e-11   3.892e-12
58084.4   -2.582e+00   2.317e-01   3.927e-11   3.962e-12
58084.5   -2.549e+00   2.514e-01   5.030e-11   5.910e-12
58095.2   -2.757e+00   3.791e-01   5.461e-11   1.666e-11
58103.2   -2.301e+00   2.735e-01   2.964e-11   4.236e-12
58107.3   -2.593e+00   2.206e-01   3.643e-11   3.985e-12
58108.2   -2.187e+00   2.141e-01   4.144e-11   4.183e-12
58108.3   -2.573e+00   2.261e-01   3.452e-11   3.865e-12
58109.1   -2.436e+00   5.854e-01   3.172e-11   1.720e-11
58109.1   -3.549e+00   9.215e-01   6.640e-11   3.330e-11
58109.1   -1.600e+00   2.832e-01   2.406e-11   5.378e-12
58109.2   -2.689e+00   2.208e-01   3.775e-11   4.040e-12
58109.2   -2.237e+00   1.836e-01   3.308e-11   3.882e-12
58109.2   -2.676e+00   2.184e-01   3.612e-11   4.097e-12
58110.2   -2.392e+00   1.969e-01   3.685e-11   4.011e-12
58110.2   -2.192e+00   1.966e-01   4.032e-11   4.338e-12
58110.4   -2.622e+00   3.925e-01   4.057e-11   8.777e-12
58110.5   -2.287e+00   6.312e-01   2.049e-11   1.074e-11
58111.2   -2.428e+00   2.282e-01   3.511e-11   3.768e-12
58111.5   -3.019e+00   5.715e-01   4.434e-11   1.554e-11
58112.3   -2.515e+00   2.759e-01   3.924e-11   5.057e-12
58113.3   -2.816e+00   2.385e-01   4.016e-11   4.156e-12
58113.3   -2.705e+00   2.370e-01   3.793e-11   4.691e-12
58113.4   -2.304e+00   3.283e-01   2.368e-11   5.743e-12
58113.5   -2.091e+00   3.569e-01   4.715e-11   1.659e-11
58115.4   -1.848e+00   3.535e-01   3.283e-11   9.981e-12
58124.1   -1.994e+00   2.487e-01   3.400e-11   6.756e-12
58124.2   -2.388e+00   1.708e-01   3.953e-11   3.477e-12
58127.2   -2.569e+00   1.850e-01   3.713e-11   3.438e-12
58130.1   -2.279e+00   2.038e-01   3.209e-11   3.988e-12
58130.1   -2.056e+00   2.350e-01   3.240e-11   3.693e-12
58130.2   -2.000e+00   2.325e-01   3.748e-11   4.143e-12
58130.2   -2.294e+00   2.030e-01   3.340e-11   3.803e-12
58130.2   -2.572e+00   2.002e-01   4.296e-11   4.343e-12
58130.2   -2.430e+00   2.026e-01   4.063e-11   4.281e-12
58130.2   -2.273e+00   2.682e-01   3.522e-11   4.121e-12
58130.3   -2.385e+00   1.957e-01   3.861e-11   4.046e-12
58130.3   -2.276e+00   2.033e-01   3.551e-11   3.979e-12
58130.3   -2.720e+00   5.347e-01   3.985e-11   6.921e-12
58130.3   -2.297e+00   1.857e-01   3.344e-11   3.701e-12
58130.3   -2.185e+00   1.951e-01   3.034e-11   3.612e-12
58130.4   -2.226e+00   1.742e-01   3.934e-11   4.442e-12
