2024/2024PhRvD.110f3034A/VER-Figure_4_UHDM_radius_tt.ecsv
# %ECSV 1.0
# ---
# datatype:
# - {name: mass, unit: GeV, datatype: float64}
# - {name: radius, unit: fm, datatype: float64}
# schema: astropy-2.0
mass radius
[from data line 422]
1464.4200476542464 0.8038424180483728
1473.222246297731 0.8081890266932621
1482.0773523710743 0.8125582731248685
1490.9856838852984 0.8169502803253725
1499.9475607628858 0.8213651719140903
1508.9633048492847 0.8258030721509751
1518.0332399244624 0.8302641059401072
1527.157691714527 0.8347483988332011
1536.3369879034358 0.8392560770331619
1545.571458144758 0.8437872673976268
1554.8614340735087 0.8483420974425431
1564.2072493180685 0.8529206953457455
1573.6092395121602 0.8575231899505871
1583.0677423068953 0.8621497107695525
1592.5830973829193 0.8668003879879125
1602.155646462586 0.8714753524673742
1611.7857333222487 0.8761747357497885
1621.4737038045994 0.8808986700608418
1631.219905831084 0.8856472883137669
1641.0246894144066 0.8904207241131096
1650.8884066710953 0.8952191117584758
1660.811411834142 0.9000425862483031
1670.7940612657342 0.9048912832836827
1680.8367134700475 0.9097653392721645
1690.9397291061157 0.9146648913316033
1701.1034710007934 0.9195900772940058
1711.328304161781 0.9245410357094301
1721.6145957907256 0.9295179058498718
1731.9627152964279 0.9345208277131909
1742.3730343080842 0.9395499420270368
1752.8459266886514 0.9446053902528326
1763.3817685482675 0.9496873145897432
1773.9809382577516 0.9547958579786673
1784.6438164622052 0.9599311641062819
1795.3707860946747 0.9650933774090712
1806.1622323898998 0.970282643077398
1817.018542898158 0.9754991070595745
1827.9401074991779 0.9807429160659918
1838.9273184161332 0.9860142175732328
1849.9805702297488 0.9913131598282299
1861.1002598924451 0.9966398918524195
1872.286786742615 1.0019945634459602
1883.540552518957 1.0073773251919338
1894.861961374896 1.0127883284605703
1906.251419893112 1.0182277254135323
1917.7093371001329 1.0236956690081815
1929.236124481019 1.0291923130018712
1940.8321959941527 1.0347178119562939
1952.4979680860986 1.0402723212418175
1964.233859706553 1.0458559970418597
1976.040292323402 1.051468996357266
1987.917689937851 1.057111477010754
1999.8664790996445 1.0627835976513311
2011.8870889224058 1.06848551775877
2023.9799510990201 1.0742173976480742
2036.1454999171604 1.0799793984740163
2048.3841722748743 1.0857716822356531
2060.6964076962695 1.0915944117808745
2073.0826483473106 1.0974477508110043
2085.5433390516914 1.1033318638853915
2098.078927306804 1.1092469164260454
2110.6898632998223 1.115193074722268
2123.376599923863 1.1211705059353614
2136.1395927942413 1.1271793781033077
2148.979300264858 1.1332198601455055
2161.8961834446313 1.1392921218675
2174.8907062140693 1.1453963339657893
2187.963335241943 1.1515326680326061
2201.114540002016 1.157701296560732
2214.3447927899315 1.163902392948375
2227.6545687401613 1.1701361315040317
2241.0443458430645 1.176402687451373
2254.5146049620676 1.1827022369342028
2268.0658298509243 1.1890349570213878
2281.6985071710847 1.195401025711848
2295.4131265091837 1.2018006219395412
2309.210180394618 1.2082339255785248
2323.0901643172247 1.2147011174479916
2337.0535767451 1.2212023793173639
2351.1009191424705 1.227737893911385
2365.232695987726 1.234307844915286
2379.4494147915266 1.2409124169799346
2393.751586115023 1.24755179572701
2408.139723588208 1.2542261677542546
2422.6143439283514 1.260935720640697
2437.1759669585513 1.267680642951937
2451.8251156264187 1.274461124245425
2466.5623160228474 1.281277355075821
2481.3880974009026 1.2881295270003392
2496.302992194841 1.2950178325841128
2511.3075360392254 1.3019424654056415
2526.4022677881508 1.3089036200622106
2541.5877295346236 1.315901492175372
2556.8644666299933 1.322936278396422
2572.2330277035676 1.3300081764119611
2587.693964682303 1.337117384949433
2603.2478328106185 1.344264103782696
2618.8951906703533 1.3514485337376703
2634.636600200817 1.358670876697961
2650.4726267189644 1.3659313356105434
2666.40383893971 1.3732301144914425
2682.4308089963497 1.3805674184315067
2698.5541124610913 1.3879434536021429
2714.7743283657587 1.3953584272611257
2731.0920392225453 1.4028125477584006
2747.507831044966 1.4103060245419712
2764.022293368892 1.417839068163771
2780.63601927371 1.425411890285562
2797.3496054036445 1.433024703684918
2814.16365198917 1.440677722261182
2831.0787628685634 1.4483711610414887
2848.095545509605 1.4561052361867832
2865.2146110313834 1.4638801649979338
2882.436574226238 1.4716961659218166
2899.7620535818514 1.4795534585574404
2917.191671303455 1.4874522636621517
2934.7260533361614 1.4953928031578143
2952.3658293874746 1.503375300137059
2970.111632949866 1.5113999788695267
2987.964101323556 1.5194670648082083
3005.9238756393884 1.527576784595762
3023.9916008818477 1.53572936607086
3042.16792591224 1.5439250382746352
3060.4535034919863 1.5521640314570833
3078.848990306054 1.5604465770835523
3097.355046986562 1.5687729078412176
3115.9723381364934 1.5771432576456588
3134.701532353552 1.5855578616474075
3153.5433022542097 1.5940169562385686
3172.498324497815 1.6025207790594336
3191.567279810932 1.611069569005198
3210.750853011761 1.6196635662326555
3230.0497330347525 1.628303012166925
3249.4646129553353 1.6369881495082734
3268.9961900148155 1.6457192222389065
3288.6451656454014 1.6544964756298415
3308.4122454954145 1.663320156247767
3328.2981394546205 1.6721905119620144
3348.3035616797138 1.6811077919515007
3368.429230619986 1.690072246711706
3388.6758690431116 1.6990841280617563
3409.0442040611138 1.7081436891514699
3429.5349671564613 1.7172511844684815
3450.1488942083597 1.7264068698453663
3470.8867255191653 1.7356110024668687
3491.749205840977 1.7448638408771058
3512.7370844023703 1.7541656449868128
3533.8511149353226 1.7635166760806815
3555.092055702274 1.7729171968246784
3576.4606695233465 1.7823674712734365
3597.95772380376 1.7918677648776415
3619.5839905613784 1.8014183444915366
3641.340246454442 1.8110194783803952
3663.227272809444 1.8206714362280358
3685.245855649213 1.8303744891444425
3707.39678572113 1.8401289096733493
3729.680858525515 1.8499349717999163
3752.0988743442176 1.8597929509583904
3774.651638269343 1.8697031240398936
3797.3399602321724 1.8796657694001655
3820.164655032234 1.8896811668674025
3843.126542366588 1.8997495977500853
3866.226446859255 1.9098713448449287
3889.4651980908125 1.9200466924448014
3912.8436306282183 1.930275926346689
3936.362584054762 1.9405593338597682
3960.0229030002256 1.950897203813449
3983.8254371712005 1.961289826565499
4007.771041381626 1.9717374940101717
4031.8605755834797 1.9822404995864527
4056.0949048976418 1.992799138286269
4080.4748996449944 2.003413706662793
4105.001435377659 2.0140845028387377
4129.675392910446 2.0248118265147825
4154.497658352475 2.0355959789779656
4179.469123139017 2.04643726311012
4204.5906840635 2.0573359833964346
4229.8632433097 2.068292445933972
4255.287708484168 2.0793069584402812
4280.86499264881 2.0903798302620094
4306.596014353677 2.10151137238364
4332.481697669946 2.112701897436204
4358.522972223126 2.1239517197060356
4384.720773226429 2.135261155143647
4411.0760415143595 2.146630521372574
4437.589723576493 2.158060137698311
4464.262771591486 2.1695503251172465
4491.096143461262 2.1811014063257272
4518.090802845398 2.1927137057291035
4545.24771919576 2.204387549450805
4572.567867791298 2.2161232653415617
4600.052229773084 2.2279211829885694
4627.701792179526 2.239781633724772
4655.517547981842 2.251704950638123
4683.500496119711 2.263691468581004
4711.65164153713 2.2757415241795953
4739.9719952185305 2.287855455843305
4768.462574225075 2.3000336037743296
4797.124401731182 2.3122763099771726
4825.958507061258 2.3245839182682646
4854.965925726691 2.3369567742855883
4884.147699463024 2.3493952254984345
4913.50487626735 2.3618996212171406
4943.038510435979 2.3744703126028672
4972.749662602285 2.3871076526775195
5002.6393997748 2.3998119963336237
5032.7087953755145 2.412583700344312
5062.95892927846 2.425423123373308
5093.39088784847 2.4383306259850515
5124.0057639802 2.451306570654791
5154.80465713736 2.4643513217787807
5185.788673392229 2.4774652456844772
5216.95892546536 2.4906487106408837
5248.316532765531 2.503902086868866
5279.862621429967 2.517225746551516
5311.5983243647715 2.530620063844669
5343.524781285619 2.543651012050244
5375.643138758663 2.555577522695688
5407.954550241745 2.5675597438081614
5440.460176125804 2.579597936870835
5473.1611837765295 2.591692364586676
5506.058747576323 2.603843290884229
5539.154048966445 2.616050980923307
5572.44827648946 2.6283157011008162
5605.9426258318945 2.6406377190566017
5639.638299867212 2.6530173036792255
5673.536508698996 2.665454725111883
5707.6384697043895 2.6779502547582736
5741.945407577849 2.6905041652885697
5776.458554375106 2.7031167306453066
5811.179149557418 2.715788226049403
5846.108440036067 2.728518928006146
5881.247680217167 2.7413091143112744
5916.598132046701 2.754159064056973
5952.161065055818 2.767069057638001
5987.937756406465 2.7800393767578413
6023.929490937231 2.7930703044347855
6060.1375612094935 2.806162125008156
6096.56326755382 2.81931512414449
6133.207918116704 2.83252958884382
6170.07282890752 2.8458058074458674
6207.15932384577 2.8591440696363857
6244.468734808668 2.872544666453458
6282.002401678942 2.8860078902938953
6319.76167239297 2.8995340349195495
6357.7479029891565 2.9131233954637605
6395.962457656678 2.92677626843783
6434.406708784444 2.9404929517374283
6473.082037010396 2.9542737446491376
6511.989831271063 2.9681189478569614
6551.131488851486 2.982028863448939
6590.508415435376 2.9960037949236575
6630.122025155574 3.010044047196935
6669.973740644879 3.024149926608442
6710.064993087111 3.0383217409284438
6750.397222268523 3.0525597993644347
6790.971876629478 3.066864412567928
6831.79041331651 3.081235892641278
6872.854298234633 3.0956745531444065
6914.165006099963 3.1101807091017006
6955.724020492725 3.124754677008866
6997.532833910498 3.1393967748398803
7039.592947821838 3.1541073220538522
7081.905872720159 3.1688866396020563
7124.473128178034 3.183735049934899
7167.296242901739 3.198652877009013
7210.376754786132 3.2136404462942485
7253.716210969926 3.2286980847808158
7297.316167891224 3.2438261209864567
7341.17819134343 3.259024884963538
7385.303856531446 3.274294708306307
7429.694748128295 3.289635924158098
7474.352460331992 3.3050488672186553
7519.278596922819 3.320533873751363
7564.474771320885 3.3360912815906305
7609.942606644117 3.351721430149234
7655.683735766527 3.367424660425792
7701.69980137683 3.3832013150121076
7747.992456037481 3.399051738100694
7794.563362243999 3.4149762754923256
7841.41419248468 3.4309752746035005
7888.546629300633 3.4470490844740778
7935.9623653462495 3.4631980557748614
7983.6631034499715 3.479422540815313
8031.650556675418 3.495722893551156
8079.926448382952 3.5120994695921475
8128.492512291544 3.52855262620982
8177.350492541047 3.5450827223453256
8226.5021437548 3.5616901186171885
8275.949231102697 3.5783751773292103
8325.693530364542 3.595138262478425
8375.736827993813 3.611979739762951
8426.080921181852 3.628899976590027
8476.727617922388 3.645899342084005
8527.678737076474 3.662978207094458
8578.93610843778 3.680136944204184
8630.50157279835 3.6973759277373968
8682.37698201469 3.714695533767862
8734.564199074248 3.7320961401271635
8787.065098162362 3.7495781264128554
8839.881564729545 3.7671418739967906
8893.015495559204 3.7847877660334874
8946.46879883573 3.8025161874683997
9000.243394213072 3.8203275250463746
9054.341212883659 3.8382221673200734
9108.764197647724 3.856200504658438
9163.514302983125 3.87426292925527
9218.593495115503 3.8924098351376912
9274.003752088918 3.910641618174788
9329.747063836838 3.928958676086296
9385.825432253667 3.947361408451186
9442.240871266598 3.965850216716439
9498.99540690796 3.9844255042057775
9556.091077387937 4.003087676128527
9613.529933167822 4.021837139588364
9671.314037033631 4.040674303592257
9729.445464170156 4.059599579059358
9787.926302235534 4.078613378830041
9846.7586514362 4.0977161176748
9905.944624602318 4.116908212303352
9965.48634726363 4.136190081373781
10025.385957725844 4.155562145501566
10085.645607147353 4.175024827268831
10146.267459616598 4.194578551233523
10207.253692229657 4.214223743938749
10268.606495168497 4.23396083392198
10330.328071779682 4.2537902517244595
10392.420638653392 4.273712429900572
10454.886425703065 4.293727803027344
10517.727676245571 4.313836807713823
10580.946647081628 4.3340398826106705
10644.545608576918 4.354337468419697
10708.52684474367 4.374730007903547
10772.892653322664 4.3952179458952525
10837.645345865589 4.415801729307993
10902.787247818324 4.436481807144895
10968.3206986043 4.457258630508718
11034.248051708491 4.478132652611779
11100.571674761977 4.499104328785788
11167.29394962704 4.520174116491866
11234.417272482566 4.541342475330409
11301.94405391017 4.562609867051173
11369.876718980839 4.583976755563399
11438.21770734187 4.605443606945827
11506.96947330457 4.6270108894569315
11576.13448593246 4.648679073545105
11645.715229129803 4.670448631858995
11715.714201730882 4.6923200392577
11786.133917589808 4.7142937728212075
11856.976905670665 4.736370311860758
11928.24571013839 4.75855013792938
11999.942890450224 4.780833734832288
12072.07102144748 4.803221588637498
12144.632693448086 4.825714187686405
12217.630512339681 4.848312022604508
12291.06709967306 4.8710155863120015
12364.945092756387 4.893825374034581
12439.267144749956 4.916741883314302
12514.035924761462 4.9397656140203265
12589.254117941662 4.9628970683599025
