2024/2024PhRvD.110f3034A/VER-Figure_4_UHDM_radius_ee.ecsv
# %ECSV 1.0
# ---
# datatype:
# - {name: mass, unit: GeV, datatype: float64}
# - {name: radius, unit: fm, datatype: float64}
# schema: astropy-2.0
mass radius
84.49418608197834 1e-05
84.49418608197834 5.054211024495397e-05
85.00205580918154 0.001372919428330997
85.51297819209717 0.0026944689309906684
86.02697157934175 0.004015233388209205
86.54405442982006 0.005335255516697668
87.06424531338793 0.006654577981291016
87.58756291151902 0.007973243396345628
88.11402601797589 0.009291294327134457
88.64365353948496 0.01060877329123921
89.1764644964153 0.011925722759940326
89.712478023462 0.013242185159604463
90.25171337033296 0.01455820287306946
90.79418990244064 0.015873818241028133
91.33992710159716 0.017189073563406432
91.88894456671406 0.018504011100744875
92.44126201450638 0.01981867307557315
92.9968992802003 0.021133101673784127
93.55587631824591 0.02244733904600645
94.11821320303346 0.023761427308974004
94.68393012961467 0.025075408546894332
95.2530474144276 0.026389324812814932
95.82558549602649 0.027703218129985364
96.40156493581577 0.029017130493222923
96.9810064187885 0.03033110387027084
97.56393075426898 0.03164518020315749
98.15035887666032 0.03295940140955358
98.74031184619626 0.03427380938412751
99.33381084969731 0.035588445999898924
99.93087720133173 0.036903353109590975
100.53153234338106 0.0382185725469809
101.13579784701004 0.039534146128249154
101.74369541304151 0.040850115653327704
102.35524687273518 0.04216652290724355
102.97047418857241 0.043483409661467645
103.5893994550446 0.04480081767525597
104.2120448994463 0.04611878869699195
104.8384328826741 0.047437364465528195
105.46858590002941 0.04875658671152605
106.10252658202593 0.05007649715879395
106.74027769520309 0.05139713752562581
107.38186214294326 0.05271854952613764
108.02730296629402 0.05404077487160059
108.6766233447962 0.05536385527177964
109.32984659731599 0.05668783243626446
109.98699618288238 0.05801274807580289
110.64809570152984 0.0593386439036329
111.31316889514537 0.06066556163681334
111.98223964832177 0.061993542997555016
112.65533198921517 0.06332262971455048
113.33247009040753 0.06465286352430041
114.0136782697754 0.06598428617244602
114.698980991363 0.06731693941509445
115.38840286626036 0.06865086502014604
116.08196865348788 0.06998610476862165
116.77970326088506 0.07132270045598871
117.48163174600506 0.07266069389348703
118.18777931701483 0.07400012690945458
118.89817133359976 0.07534104135065202
119.61283330787528 0.07668347908358837
120.33179090530263 0.07802748199584598
121.0550699456102 0.079373091997402
121.78269640372162 0.0807203510219572
122.51469641068807 0.08206930102825724
123.2510962546265 0.08341998400141717
123.99192238166435 0.08477244195424599
124.73720139688896 0.08612671692857055
125.48696006530267 0.08748285099655924
126.24122531278474 0.08884088626204707
127.00002422705785 0.09020086486185995
127.76338405866107 0.09156282896713695
128.53133222192855 0.09292682078465911
129.30389629597354 0.09429288255817134
130.08110402567968 0.09566105656970912
130.8629833226969 0.09703138514092387
131.64956226644347 0.09840391063440874
132.44086910511524 0.0997786754550257
133.23693225669962 0.10115572205123287
134.03778030999575 0.10253509291640925
134.8434420256422 0.10391683059018719
135.65394633714894 0.10530097765977808
136.46932235193694 0.1066875767613025
137.28959935238342 0.10807667058112029
138.11480679687287 0.1094683018571608
138.94497432085598 0.11086251338025517
139.78013173791342 0.11225934799546819
140.62030904082604 0.11365884860343124
141.46553640265304 0.11506105816167708
142.31584417781485 0.11646601968597496
143.1712629031831 0.11787377625166388
144.03182329917797 0.11928437099499405
144.89755627087106 0.12069784711446223
145.76849290909482 0.12211424787215101
146.64466449156004 0.12353361659506995
147.52610248397846 0.12495599667649651
148.41283854119297 0.12638143157731913
149.30490450831462 0.12780996482738197
150.20233242186552 0.12924164002682684
151.10515451093042 0.13067650084744512
152.01340319831365 0.1321145910340226
152.92711110170296 0.13355595440568924
153.84631103484196 0.13500063485727112
154.77103600870802 0.13644867636064242
155.7013192326973 0.13790012296607962
156.63719411581837 0.13935501880361745
157.57869426789156 0.1408134080844071
158.52585350075543 0.1422753351020716
159.4787058294821 0.1437408442340723
160.43728547359805 0.14520997994306756
161.40162685831342 0.14668278677827867
162.37176461575817 0.14815930937685545
163.34773358622547 0.14963959246524489
164.32956881942366 0.15112368086056135
165.31730557573462 0.15261161947195875
166.31097932747952 0.15410345330200426
167.3106257601937 0.1555992274480563
168.31628077390778 0.1570989871036387
169.32798048443647 0.15848527442714228
170.34576122467647 0.1598013860183644
171.3696595459107 0.16111974033493187
172.3997122191211 0.1624403691093295
173.4359562363094 0.16376330408599876
174.47842881182476 0.16508857702216653
175.52716738370142 0.1664162196886723
176.58220961500274 0.1677462638707957
177.64359339517304 0.16907874136908152
178.71135684139952 0.17041368400016585
179.78553829998066 0.1717511235975995
180.8661763477026 0.1730910920126715
181.95330979322588 0.17443362111523208
183.0469776784784 0.17577874279451447
184.14721928005721 0.17712648895995553
185.2540741106398 0.17847689154201668
186.36758192040273 0.1798299824930033
187.4877826984491 0.18118579378788396
188.61471667424502 0.18254435742510855
189.74842431906345 0.183905705427426
190.8889463474389 0.18526986984270172
192.036323718629 0.1866368827447348
193.19059763808488 0.18800677623407014
194.35180955893202 0.18937958243881875
195.52000118345853 0.19075533351547405
196.69521446461212 0.19213406164971666
197.87749160750795 0.19351579905723887
199.06687507094347 0.19490057798455318
200.26340756892358 0.19628843070980584
201.46713207219463 0.19767938954359016
202.67809180978693 0.19907348682975826
203.89633027056843 0.20047075494623331
205.1218912048058 0.2018712263058212
206.3548186257352 0.2032749333570215
207.59515681114394 0.20468190858483867
208.84295030496014 0.20609218451159284
210.09824391885184 0.2075057936977299
211.36108273383735 0.2089227687426322
212.63151210190378 0.2103431422854282
213.90957764763513 0.21176694700580265
215.19532526985193 0.2131942156248059
216.48880114325885 0.21462498090566384
217.79005172010318 0.21605927565458705
219.09912373184318 0.21749713272158028
220.41606419082555 0.21893858500125146
221.74092039197504 0.22038366543362134
223.07373991449234 0.22183240700493226
224.41457062356196 0.22328484274845742
225.7634606720728 0.22474100574531022
227.12045850234648 0.22620092912525333
228.4856128478766 0.2276646460675079
229.8589727350801 0.229132189801563
231.24058748505735 0.23060359360798524
232.63050671536263 0.23207889081922778
234.02878034178747 0.23355811482044056
235.43545858015236 0.23504129905027998
236.85059194811026 0.236528477001719
238.2742312669612 0.23801968222285858
239.7064276634764 0.239514948317733
241.14723257173577 0.24101430894712866
242.59669773497433 0.24251779782938915
244.05487520743984 0.24402544874122867
245.52181735626348 0.24553729551854328
246.99757686334 0.24705337205722283
248.48220672721865 0.24857371231396283
249.97576026500826 0.2500983503070781
251.47829111429078 0.25162732011731503
252.98985323504803 0.2531606558886651
254.51050091159956 0.25469839182917936
256.0402887545513 0.25624056221178193
257.57927170275826 0.25778720137508565
259.1275050252968 0.2593383437242071
260.6850443234486 0.2608940237315825
262.25194553269915 0.2624542759377838
263.8282649247457 0.2640191349523364
265.4140591095173 0.2655886354545362
267.0093850372096 0.2671628121942677
268.6143000003289 0.2687416999928231
270.2288616357493 0.2703253337437217
271.85312792678394 0.2719137484135298
273.48715720526644 0.2735069790426816
275.1310081536459 0.27510506074630114
276.7847398070945 0.27670802871502376
278.4484115556269 0.27831591821581975
280.1220831462344 0.27992876459281785
281.8058146850299 0.28154660326812986
283.49966663940563 0.2831694697426759
285.2036998402066 0.284797399597011
286.9179754839138 0.28643042849215317
288.6425551348417 0.28806859217040615
290.3775007273506 0.2897119264561946
292.1228745680697 0.2913604672568945
293.878739338135 0.29301425056365676
295.64515809544076 0.2946733124522456
297.42219427690287 0.2963376890838645
299.20991170073864 0.29800741670599795
301.0083745687581 0.299682531653241
302.8176474686684 0.30136307034813536
304.63779537639545 0.30304906930200776
306.4688836584164 0.30474056511580633
308.31097807410606 0.30643759448094016
310.16414477810054 0.3081401941801198
312.028450322672 0.30984840108819756
313.9039616601177 0.31156225217301053
315.7907461451666 0.3132817844962245
317.6888715373972 0.3150070352141777
319.5984060036693 0.31673804157872776
321.5194181205763 0.3184748409380989
323.4519768769029 0.32021747073772966
325.3961516761064 0.3219659685211237
327.35201233880804 0.32372037193070063
329.31962910529904 0.3254807187086481
331.2990726380657 0.32724704669777643
333.2904140243255 0.3290193938423727
335.2937247785795 0.33079779818905847
337.3090768451822 0.33258229788764726
339.33654260092464 0.3343729311920039
341.3761948576321 0.3361697364609057
343.42810686478265 0.33797275215890477
345.4923523121332 0.3397820168571918
347.56900533236944 0.34159756923446144
349.6581405037668 0.3434194480777795
351.7598328528678 0.3452476922834512
353.87415785717855 0.34708234085789114
356.00119144787834 0.3489234329184971
358.14101001254517 0.3507710076945165
360.2936903979017 0.3526251045279294
362.45930991257336 0.35448576287432676
364.6379463298641 0.35635302230377436
366.8296778905516 0.35822692250170896
369.03458330569543 0.3601075032698119
371.25274175946316 0.3619948045268938
373.48423291197753 0.3638888663097806
375.72913690217223 0.36578972877419974
377.98753435067414 0.36769743219566986
380.2595063626969 0.36961201697039076
382.5451345309529 0.3715335236161363
384.84450093858516 0.3734619927731488
387.1576881621146 0.3753974652050351
389.484779274404 0.3773399817996651
391.825857847644 0.3792895835700717
394.18100795635314 0.38124631165535294
396.5503141803955 0.38321020732157596
398.93386160802277 0.3851813119626836
401.3317358389242 0.38715966710140187
403.7440229873054 0.38914531439015015
406.170809684979 0.39113829561195407
408.61218308447485 0.393138652681359
411.06823086217236 0.395146427645347
413.5390412214477 0.3971616626842551
416.02470289584056 0.39918440011269607
418.52530515224305 0.4012146823804809
421.0409377941043 0.4032525520735444
423.5716911646544 0.40529805191487217
426.1176561501513 0.4073512247654301
428.67892418314347 0.4094121136250978
431.2555872457519 0.4114807616335939
433.8477378729782 0.41355721207142976
436.4554691560215 0.41564150836083075
439.0788747456266 0.41773369406668603
441.7180488554454 0.41983381289749166
444.37308626541903 0.4219419087062894
447.0440823251844 0.4240580254916251
449.7311329574969 0.4261822073984926
452.4343346616744 0.42831449871928845
455.1537845170648 0.4304549438947672
457.8895801865317 0.432603587514999
460.6418199199595 0.4347604743203311
463.4106025577871 0.4369256492023494
466.19602753455143 0.43909915720484544
468.9981948824612 0.44128104352478353
471.81720523499206 0.4434713535132719
474.6531598304949 0.44567013267653605
477.50616051583603 0.44787742667689445
480.37630975005385 0.45009328133373766
483.26371060803615 0.4523177426245093
486.16846678422513 0.4545508566856903
489.0906825963399 0.45679266981378547
492.03046298912113 0.4590432284663135
494.9879135381031 0.46130257926279894
497.96314045340347 0.46357076898576727
500.9562505835358 0.4658478445817428
503.96735141925217 0.46813385316225015
506.9965510973965 0.47042884200481666
510.0439584047934 0.4727328585539803
513.1096827821533 0.4750459504222981
516.193834328001 0.4773681653913588
519.2965238026325 0.4796995514127986
522.4178626320918 0.4820401566093188
525.5579629121702 0.48439002927570785
528.7169374124356 0.4867492178798649
531.8948995802807 0.4891177710638299
535.0919635449953 0.49149573764480375
538.3082441218688 0.4938831666162017
541.5438568163113 0.4962801071486725
544.7989178279997 0.49868660859113706
548.0735440550574 0.5011027204718533
551.3678530982435 0.5035284924994323
554.6819632651833 0.5059639745639111
558.0159935746146 0.5084092167377945
561.3700637606602 0.510864269277113
564.7442942771306 0.5133291826224824
568.1388063018495 0.5158040074001655
571.553721741003 0.5182887944231382
574.9891632335208 0.5207835946921586
578.4452541554797 0.5232884593968394
581.9221186245312 0.5258034399167235
585.4198815043657 0.5283285878223636
588.9386684091885 0.5308639548764046
592.4786057082373 0.53340959303467
596.0398205303183 0.5359655544472514
599.6224407683693 0.5385318914596016
603.2265950840575 0.5411086566136311
606.8524129123971 0.5436959026488091
610.5000244663966 0.5462936825032664
614.169560741738 0.5489020493149029
617.8611535214803 0.5515210564225002
621.57493538079 0.5541507573668335
625.3110396917053 0.5567912058917924
629.0696006279251 0.5594424559455025
632.850753169624 0.56210456168145
636.6546331083074 0.5647775774596125
640.4813770516793 0.5674615578475921
644.3311224285545 0.5701565576217524
648.2040074937928 0.5728626317683594
652.1001713332605 0.5755798354847259
656.0197538688309 0.5783082241803617
659.9628958634062 0.5810478534781265
663.9297389259709 0.5837987792153785
667.920425516682 0.5865610574451483
671.9350989519822 0.5893347444372942
675.9739034097448 0.5921198966796704
680.0369839344585 0.5949165708793114
684.1244864424278 0.597724823963585
688.2365577270172 0.6005447130813955
692.3733454639272 0.6033762956043581
696.5349982164886 0.6062196291279895
700.7216654410056 0.6090747714728999
704.9334974921204 0.6119417806859914
709.1706456282103 0.6148207150416585
713.4332620168249 0.6177116330429936
717.7214997401478 0.6206145934229979
722.0355128004927 0.6235296551457936
726.3754561258381 0.6264568774078442
730.7414855753892 0.6293963196391759
735.1337579451717 0.6323480415046043
739.5524309736719 0.6353121029049684
743.9976633474902 0.6382885639783626
748.4696147070484 0.6412774851013802
752.9684456523206 0.6442789268903565
757.4943177485973 0.6472929502026178
762.0473935322927 0.6503196161377369
766.6278365167805 0.6533589860387893
771.2358111982617 0.656411121493617
775.871483061679 0.659476084336096
780.5350185866558 0.6625539366474081
785.2265852534737 0.6656447407573175
789.9463515490911 0.6687485592454523
794.6944869731923 0.6718654549425908
799.4711620442708 0.6749954909319513
804.2765483057628 0.6781387305504893
809.1108183321957 0.6812952373901962
813.9741457353948 0.6844650752994049
818.8667051707156 0.6876483083841034
823.7886723433126 0.6908450010092371
828.7402240144552 0.6940552178000432
833.7215380078726 0.6972790236433792
838.732793216138 0.700516483689024
843.7741696070975 0.7037676633510446
848.8458482303312 0.7070326283091184
853.9480112236516 0.7103114445098824
859.0808418196541 0.7136041781682823
864.2445243522853 0.7169108957689266
869.4392442634727 0.7202316640674479
874.6651881097803 0.723566550091866
879.9225435691066 0.7269156211439599
885.211499447429 0.730278944800642
890.5322456855827 0.7336565889153388
895.8849733660783 0.7370486216193771
901.2698747199702 0.740455111323375
906.6871431337571 0.7438761267186385
912.1369731563243 0.7473117367785627
917.6195605059363 0.7507620107600396
923.1351020772624 0.7542270182048699
928.6837959484441 0.7577068289411827
934.2658413882192 0.7612015130848564
939.8814388630644 0.7647111410409503
945.5307900444058 0.7682357835051365
951.2140978158566 0.7716856655014764
956.9315662805013 0.7750371853265445
962.683400768231 0.7784021715989046
968.4698078431142 0.7817806847318619
974.2909953108124 0.7851727853703026
980.1471722260491 0.7885785343918128
986.0385489001142 0.7919979929078009
991.9653369084126 0.7954312222645904
997.9277490980746 0.7988782840445664
1003.9259995955853 0.8023392400672782
1009.9603038144814 0.8058141523905766
1016.0308784630935 0.8093030833117557
1022.1379415523147 0.8128060953686692
1028.2817124034418 0.8163232513408811
1034.4624116560476 0.81985461425082
1040.6802612759013 0.823400247364906
1046.9354845629464 0.826960214194715
1053.2283061593164 0.8305345784981435
