2024/2024PhRvD.110f3034A/VER-Figure_4_UHDM_radius_ttbar.ecsv
# %ECSV 1.0
# ---
# datatype:
# - {name: mass, unit: GeV, datatype: float64}
# - {name: radius, unit: fm, datatype: float64}
# schema: astropy-2.0
mass radius
163.34773358622547 1e-05
163.34773358622547 0.00045926033078150393
164.32956881942366 0.0010346061433886343
165.31730557573462 0.0016085514938644525
166.31097932747952 0.002181111928181681
167.3106257601937 0.00275230292472525
168.31628077390778 0.003322139894785949
169.32798048443647 0.0039005235855936386
170.34576122467647 0.004483798145460126
171.3696595459107 0.005065882009738344
172.3997122191211 0.005646790970068542
173.4359562363094 0.006226540756559861
174.47842881182476 0.00680514703828184
175.52716738370142 0.0073826254237540755
176.58220961500274 0.007958991461433194
177.64359339517304 0.008534260640196027
178.71135684139952 0.009108448389823522
179.78553829998066 0.009681570081479107
180.8661763477026 0.010253641028185993
181.95330979322588 0.010824676485302383
183.0469776784784 0.01139469165099369
184.14721928005721 0.011963701666702952
185.2540741106398 0.01253172161761772
186.36758192040273 0.013098766533137044
187.4877826984491 0.013664851387333683
188.61471667424502 0.014229991099415397
189.74842431906345 0.01479420053418331
190.8889463474389 0.01535749450248873
192.036323718629 0.015919887761687526
193.19059763808488 0.016481395016090774
194.35180955893202 0.01704203091741651
195.52000118345853 0.017601810065236183
196.69521446461212 0.01816074700742005
197.87749160750795 0.01871885624058092
199.06687507094347 0.019276152210515023
200.26340756892358 0.019832649312641046
201.46713207219463 0.020388361892437437
202.67809180978693 0.02094330424587582
203.89633027056843 0.021497490619855727
205.1218912048058 0.02205093521263405
206.3548186257352 0.02260365217425369
207.59515681114394 0.02315565560697044
208.84295030496014 0.0237069595656777
210.09824391885184 0.024257578058327678
211.36108273383735 0.024807525046353973
212.63151210190378 0.02535681444508877
213.90957764763513 0.02590546012417968
215.19532526985193 0.026453475908004457
216.48880114325885 0.027000875576083768
217.79005172010318 0.027547672863491742
219.09912373184318 0.028093881461265305
220.41606419082555 0.02863951501680968
221.74092039197504 0.029184587134305537
223.07373991449234 0.029729111375110882
224.41457062356196 0.030273101258162412
225.7634606720728 0.030816570260375396
227.12045850234648 0.031359531817041465
228.4856128478766 0.031901999322222936
229.8589727350801 0.03244398612914911
231.24058748505735 0.03298550555060702
232.63050671536263 0.03352657085933203
234.02878034178747 0.03406719528839681
235.43545858015236 0.034607392031598024
236.85059194811026 0.03514717424384157
238.2742312669612 0.03568655504152631
239.7064276634764 0.03622554750292442
241.14723257173577 0.036764164668563436
242.59669773497433 0.037302419541603266
244.05487520743984 0.037840325088212966
245.52181735626348 0.03837789423794588
246.99757686334 0.03891513988411329
248.48220672721865 0.03945207488415449
249.97576026500826 0.03998871206000902
251.47829111429078 0.04052506419848372
252.98985323504803 0.0410611440516197
254.51050091159956 0.041596964337057674
256.0402887545513 0.04213253773840139
257.57927170275826 0.04266787690557988
259.1275050252968 0.0432029944552081
260.6850443234486 0.04373790297094445
262.25194553269915 0.044272615003850324
263.8282649247457 0.044807143072744554
265.4140591095173 0.04534149966455791
267.0093850372096 0.045875697234686146
268.6143000003289 0.046409748207341624
270.2288616357493 0.04694366497590152
271.85312792678394 0.04747745990325868
273.48715720526644 0.04801114532216685
275.1310081536459 0.048544733535586554
276.7847398070945 0.04907823681702919
278.4484115556269 0.049611667410899486
280.1220831462344 0.05014503753283679
281.8058146850299 0.05067835937005524
283.49966663940563 0.051211645081680454
285.2036998402066 0.05174490679908904
286.9179754839138 0.052278156626242515
288.6425551348417 0.05281140664002194
290.3775007273506 0.05334466889056097
292.1228745680697 0.053877955401577284
293.878739338135 0.05441127817070323
295.64515809544076 0.05494464916981328
297.42219427690287 0.055478080345353724
299.20991170073864 0.0560115836186677
301.0083745687581 0.05654517088632042
302.8176474686684 0.05707885402042286
304.63779537639545 0.057612644868954385
306.4688836584164 0.0581465552560842
308.31097807410606 0.05868059698248978
310.16414477810054 0.05921478182567795
312.028450322672 0.0597491215403008
313.9039616601177 0.060283627858472175
315.7907461451666 0.06081831249008304
317.6888715373972 0.06135318712311549
319.5984060036693 0.06188826342395378
321.5194181205763 0.06242355303769853
323.4519768769029 0.06295906758847492
325.3961516761064 0.06349481867974271
327.35201233880804 0.06403081789460403
329.31962910529904 0.06456707679611012
331.2990726380657 0.06510360692756731
333.2904140243255 0.06564041981284188
335.2937247785795 0.06617752695666186
337.3090768451822 0.06671493984492194
339.33654260092464 0.06725266994498316
341.3761948576321 0.06779072870597333
343.42810686478265 0.06832912755908645
345.4923523121332 0.06886787791788039
347.56900533236944 0.06940699117857461
349.6581405037668 0.06994647872034443
351.7598328528678 0.07048635190561801
353.87415785717855 0.07102662208036914
356.00119144787834 0.0715673005744102
358.14101001254517 0.07210839870168384
360.2936903979017 0.07264992776055425
362.45930991257336 0.07319189903409695
364.6379463298641 0.07373432379038629
366.8296778905516 0.07427721328278561
369.03458330569543 0.07482057875023271
371.25274175946316 0.07536443141752583
373.48423291197753 0.07590878249560908
375.72913690217223 0.07645364318185603
377.98753435067414 0.07699902466035363
380.2595063626969 0.07754493810218246
382.5451345309529 0.07809139466570052
384.84450093858516 0.07863840549682198
387.1576881621146 0.07918598172929708
389.484779274404 0.07973413448499048
391.825857847644 0.08028287487415907
394.18100795635314 0.0808322139957293
396.5503141803955 0.08138216293757104
398.93386160802277 0.08193273277677558
401.3317358389242 0.08248393457992784
403.7440229873054 0.08303577940338036
406.170809684979 0.08358827829352565
408.61218308447485 0.084141442287068
411.06823086217236 0.08469528241129472
413.5390412214477 0.08524980968434448
416.02470289584056 0.0858050351154792
418.52530515224305 0.08636096970535073
421.0409377941043 0.08691762444626902
423.5716911646544 0.08747501032246885
426.1176561501513 0.08803313831037615
428.67892418314347 0.08859201937887361
431.2555872457519 0.08915166448956358
433.8477378729782 0.08971208459703464
436.4554691560215 0.09027329064912268
439.0788747456266 0.09083529358717404
441.7180488554454 0.09139810434630685
444.37308626541903 0.0919617338556721
447.0440823251844 0.09252619303871416
449.7311329574969 0.09309149281342871
452.4343346616744 0.09365764409262388
455.1537845170648 0.09422465778417694
457.8895801865317 0.09479254479129193
460.6418199199595 0.09536131601275634
463.4106025577871 0.09593098234319751
466.19602753455143 0.09650155467333815
468.9981948824612 0.09707304389024947
471.81720523499206 0.09764546087760806
474.6531598304949 0.0982188165159473
477.50616051583603 0.09879312168291102
480.37630975005385 0.09936838725350546
483.26371060803615 0.09994462410035083
486.16846678422513 0.10052184309393307
489.0906825963399 0.10110005510285194
492.03046298912113 0.10167927099407402
494.9879135381031 0.1022595016331798
497.96314045340347 0.10284075788461274
500.9562505835358 0.10342305061192746
503.96735141925217 0.10400639067803716
506.9965510973965 0.10459078894546088
510.0439584047934 0.10517625627656799
513.1096827821533 0.10576280353382707
516.193834328001 0.10635044158004886
519.2965238026325 0.10693918127863185
522.4178626320918 0.10752903349380627
525.5579629121702 0.10812000909087767
528.7169374124356 0.10871211893647086
531.8948995802807 0.10930537389877032
535.0919635449953 0.10989978484776533
538.3082441218688 0.11049536265548986
541.5438568163113 0.11109211819626401
544.7989178279997 0.11169006234693471
548.0735440550574 0.11228920598711604
551.3678530982435 0.11288955999942935
554.6819632651833 0.11349113526974051
558.0159935746146 0.11409394268740189
561.3700637606602 0.11469799314548851
564.7442942771306 0.11530329754103659
568.1388063018495 0.11590986677528096
571.553721741003 0.11651771175389224
574.9891632335208 0.11712684338721377
578.4452541554797 0.11773727259049588
581.9221186245312 0.11834901028413485
585.4198815043657 0.11896206739390612
588.9386684091885 0.11957645485119969
592.4786057082373 0.12019218359325502
596.0398205303183 0.12080926456339505
599.6224407683693 0.1214277087112604
603.2265950840575 0.12204752699304094
606.8524129123971 0.12266873037171212
610.5000244663966 0.12329132981726519
614.169560741738 0.12391533630694057
617.8611535214803 0.12454076082545938
621.57493538079 0.12516761436525545
625.3110396917053 0.1257959079267072
629.0696006279251 0.12642565251836607
632.850753169624 0.12705685915719084
636.6546331083074 0.1276895388687758
640.4813770516793 0.12832370268758103
644.3311224285545 0.12895936165716235
648.2040074937928 0.1295965268304007
652.1001713332605 0.1302352092697318
656.0197538688309 0.13087542004737265
659.9628958634062 0.13151717024555362
663.9297389259709 0.13216047095674438
667.920425516682 0.13280533328388228
671.9350989519822 0.1334517683406005
675.9739034097448 0.13409978725145494
680.0369839344585 0.1347494011521526
684.1244864424278 0.13540062118977567
688.2365577270172 0.136053458523012
692.3733454639272 0.1367079243223793
696.5349982164886 0.13736402977045176
700.7216654410056 0.1380217860620861
704.9334974921204 0.13868120440464754
709.1706456282103 0.1393422960182356
713.4332620168249 0.14000507213590743
717.7214997401478 0.1406695440039062
722.0355128004927 0.14133572288188392
726.3754561258381 0.1420036200431267
730.7414855753892 0.14267324677477922
735.1337579451717 0.14334461437806914
739.5524309736719 0.14401773416853214
743.9976633474902 0.144692617476233
748.4696147070484 0.14536927564599347
752.9684456523206 0.14604772003761368
757.4943177485973 0.14672796202609578
762.0473935322927 0.14741001300186773
766.6278365167805 0.14809388437100643
771.2358111982617 0.14877958755546128
775.871483061679 0.14946713399327483
780.5350185866558 0.1501565351388093
785.2265852534737 0.15084780246296683
789.9463515490911 0.1515409474534125
794.6944869731923 0.15223598161479718
799.4711620442708 0.1529329164689793
804.2765483057628 0.1536317635552485
809.1108183321957 0.1543325344305444
813.9741457353948 0.1550352406696832
818.8667051707156 0.15573989386557674
823.7886723433126 0.15644650562945528
828.7402240144552 0.15715508759108884
833.7215380078726 0.1578656513990095
838.732793216138 0.1585782087207335
843.7741696070975 0.15929277124298005
848.8458482303312 0.1600093506718972
853.9480112236516 0.16072795873328025
859.0808418196541 0.1614486071727946
864.2445243522853 0.1621713077561962
869.4392442634727 0.16289607226955388
874.6651881097803 0.16362291251947053
879.9225435691066 0.16435184033330244
885.211499447429 0.16508286755938417
890.5322456855827 0.16581600606724745
895.8849733660783 0.1665512677478428
901.2698747199702 0.16728866451376118
906.6871431337571 0.16802820829945497
912.1369731563243 0.16876991106146014
917.6195605059363 0.1695137847786145
923.1351020772624 0.17025984145228337
928.6837959484441 0.17100809310657808
934.2658413882192 0.17175855178857802
939.8814388630644 0.17251122956855192
945.5307900444058 0.17326613854017925
951.2140978158566 0.17402329082077253
956.9315662805013 0.17478269855149572
962.683400768231 0.17554437389759034
968.4698078431142 0.1763083290485939
974.2909953108124 0.1770745762185623
980.1471722260491 0.17784312764629176
986.0385489001142 0.17861399559554048
991.9653369084126 0.17938719235525016
997.9277490980746 0.18016273023976945
1003.9259995955853 0.18094062158907206
1009.9603038144814 0.18172087876898388
1016.0308784630935 0.18250351417140215
1022.1379415523147 0.18328854021451832
1028.2817124034418 0.1840759693430405
1034.4624116560476 0.18486581402841684
1040.6802612759013 0.1856580867690549
1046.9354845629464 0.1864528000905489
1053.2283061593164 0.18724996654589973
1059.5589520574 0.18804959871573868
1065.9276496079622 0.1888517092085503
1072.3346275283077 0.1896563106608957
1078.7801159104883 0.19046341573763617
1085.2643462295803 0.19127303713215726
1091.7875513519796 0.1920851875665891
1098.3499655437793 0.19289987979203546
1104.9518244791764 0.19371712658879423
1111.593365248933 0.19453694076658234
1118.274826368898 0.19535933516476023
1124.9964477885683 0.1961843226525571
1131.7584708997035 0.19701191612929211
1138.5611385450018 0.19784212852460442
1145.4046950268175 0.19867497279867485
1152.289386115931 0.19951046194245178
1159.2154590603818 0.20034860897787685
1166.1831625943455 0.20118942695811023
1173.1927469470604 0.20203292896775676
1180.2444638518275 0.2028791281230927
1187.3385665550347 0.2037280375722885
1194.4753098252645 0.20457967049564052
1201.654949962438 0.20543404010579436
1208.8777448070161 0.20629115964797237
1216.1439537492674 0.2071510424002011
1223.4538377385784 0.20801370167353925
1230.8076592928223 0.20887915081230235
1238.2056825077939 0.2097474031942953
1245.64817306669 0.2106184722310373
1253.1353982496464 0.2114923713679911
1260.6676269433497 0.2123691140847917
1268.2451296506765 0.2132487138954751
1275.8681785004221 0.21413118434870768
1283.537047257068 0.21501653902801648
1291.2520113306095 0.21590479155201533
1299.0133477864545 0.21679595557464038
1306.8213353553695 0.2176900447853765
1314.676254443486 0.2185870729094893
1322.5783871423782 0.21948705370825575
1330.52801723919 0.22039000097919617
1338.5254302268222 0.22129592855630242
1346.5709133141938 0.22220485031027493
1354.6647554365522 0.22311678014875136
1362.8072472658441 0.22403173201653998
1370.9986812211696 0.22494971989585222
1379.2393514792643 0.22587075780653626
1387.5295539850797 0.22679485980630998
1395.8695864624046 0.22772203999099605
1404.2597484245548 0.22865231249475218
1412.700341185136 0.22958569149031108
1421.1916678688622 0.2305221911892119
1429.7340334224361 0.23146182584203612
1438.3277446255104 0.23240460973864305
1446.9731101016991 0.23335055720840703
1455.6704403296576 0.23429968262044937
1464.4200476542464 0.23525200038388128
1473.222246297731 0.23620752494803682
1482.0773523710743 0.2371662708027113
1490.9856838852984 0.23812825247839922
1499.9475607628858 0.23909348454653231
1508.9633048492847 0.2400619816197183
1518.0332399244624 0.2410337583519808
1527.157691714527 0.24200882943899477
1536.3369879034358 0.24298720961833234
1545.571458144758 0.24396891366969925
1554.8614340735087 0.244953956415176
1564.2072493180685 0.24594235271945958
1573.6092395121602 0.24693411749010552
1583.0677423068953 0.2479292656777659
1592.5830973829193 0.2489278122764381
1602.155646462586 0.24992977232370311
1611.7857333222487 0.2509351609009702
1621.4737038045994 0.25194399313372046
1631.219905831084 0.25295628419175115
1641.0246894144066 0.25397204928942
1650.8884066710953 0.25499130368589196
1660.811411834142 0.2560140626853798
1670.7940612657342 0.25704034163739725
1680.8367134700475 0.2580701559370007
1690.9397291061157 0.25910352102503786
1701.1034710007934 0.2601404523883947
1711.328304161781 0.2611809655602449
1721.6145957907256 0.2622250761202937
1731.9627152964279 0.26327279969503375
1742.3730343080842 0.2643241519579902
1752.8459266886514 0.26537914862997153
1763.3817685482675 0.2664378054793203
1773.9809382577516 0.2675001383221641
1784.6438164622052 0.2685661630226673
1795.3707860946747 0.26963589549328393
1806.1622323898998 0.2707093516950062
1817.018542898158 0.27178654763762417
1827.9401074991779 0.2728674993799749
1838.9273184161332 0.27395222303019806
1849.9805702297488 0.2750407347459907
1861.1002598924451 0.2761330507348635
1872.286786742615 0.2772291872543924
1883.540552518957 0.2783291606124817
1894.861961374896 0.27943298716761705
1906.251419893112 0.2805406833291235
1917.7093371001329 0.28165226555742406
1929.236124481019 0.2827677503642987
1940.8321959941527 0.2838871543131434
1952.4979680860986 0.28501049401923145
1964.233859706553 0.2861377861499692
