2024/2024PhRvD.110f3034A/VER-Figure_4_UHDM_radius_uu.ecsv
# %ECSV 1.0
# ---
# datatype:
# - {name: mass, unit: GeV, datatype: float64}
# - {name: radius, unit: fm, datatype: float64}
# schema: astropy-2.0
mass radius
[from data line 424]
974.2909953108124 0.8360494346227062
980.1471722260491 0.8395487030207639
986.0385489001142 0.8430615846577899
991.9653369084126 0.8465881384854543
997.9277490980746 0.8501284236733421
1003.9259995955853 0.8536824996099182
1009.9603038144814 0.8572504259035857
1016.0308784630935 0.8608322623836896
1022.1379415523147 0.8644280691015455
1028.2817124034418 0.8680379063314679
1034.4624116560476 0.8716618345718019
1040.6802612759013 0.8752999145459642
1046.9354845629464 0.8789522072034643
1053.2283061593164 0.882618773720971
1059.5589520574 0.8862996755033429
1065.9276496079622 0.8899949741846814
1072.3346275283077 0.8937047316293841
1078.7801159104883 0.8974290099332002
1085.2643462295803 0.9011678714242919
1091.7875513519796 0.9049213786643004
1098.3499655437793 0.9086895944493993
1104.9518244791764 0.9124725818113869
1111.593365248933 0.9162704040187474
1118.274826368898 0.9200831245777301
1124.9964477885683 0.9239108072334338
1131.7584708997035 0.9277535159708917
1138.5611385450018 0.9316113150161592
1145.4046950268175 0.9354842688374134
1152.289386115931 0.9393724421460323
1159.2154590603818 0.9432758998977198
1166.1831625943455 0.9471947072935932
1173.1927469470604 0.9511289297812976
1180.2444638518275 0.9550786330561156
1187.3385665550347 0.9590438830620844
1194.4753098252645 0.9630247459931162
1201.654949962438 0.9670212882941235
1208.8777448070161 0.9710335766621337
1216.1439537492674 0.975061678047443
1223.4538377385784 0.9791056596547358
1230.8076592928223 0.9831655889442282
1238.2056825077939 0.9872415336328133
1245.64817306669 0.9913335616952058
1253.1353982496464 0.9954417413650956
1260.6676269433497 0.9995661411363067
1268.2451296506765 1.003706829763941
1275.8681785004221 1.007863876265567
1283.537047257068 1.012037349922369
1291.2520113306095 1.0162273202803263
1299.0133477864545 1.0204338571513878
1306.8213353553695 1.0246570306146527
1314.676254443486 1.028896911017555
1322.5783871423782 1.0331535689770563
1330.52801723919 1.0374270753808228
1338.5254302268222 1.041717501388447
1346.5709133141938 1.0460249184326331
1354.6647554365522 1.0503493982204073
1362.8072472658441 1.0546910127343263
1370.9986812211696 1.0590498342336951
1379.2393514792643 1.0634259352557829
1387.5295539850797 1.0678193886170522
1395.8695864624046 1.0722302674143689
1404.2597484245548 1.076658645026261
1412.700341185136 1.0811045951141374
1421.1916678688622 1.0855681916235334
1429.7340334224361 1.0900495087853563
1438.3277446255104 1.0945486211171362
1446.9731101016991 1.0990656034242843
1455.6704403296576 1.1036005308013297
1464.4200476542464 1.1081534786332339
1473.222246297731 1.1127245225965938
1482.0773523710743 1.117313738660968
1490.9856838852984 1.121921203090128
1499.9475607628858 1.1265469924433476
1508.9633048492847 1.1311911835766895
1518.0332399244624 1.1358538536443008
1527.157691714527 1.1405350800996927
1536.3369879034358 1.145234940697068
1545.571458144758 1.1499535134926095
1554.8614340735087 1.1546908768457944
1564.2072493180685 1.1594471094207124
1573.6092395121602 1.1642222901873833
1583.0677423068953 1.1690164984230842
1592.5830973829193 1.1738298137136804
1602.155646462586 1.1786623159549627
1611.7857333222487 1.183514085353972
1621.4737038045994 1.1883852024303703
1631.219905831084 1.193275748017773
1641.0246894144066 1.1981858032651087
1650.8884066710953 1.2031154496379792
1660.811411834142 1.2080647689200252
1670.7940612657342 1.2130338432142957
1680.8367134700475 1.2180227549446287
1690.9397291061157 1.2230315868570132
1701.1034710007934 1.2280604220210016
1711.328304161781 1.2331093438310856
1721.6145957907256 1.238178436008092
1731.9627152964279 1.243267782600586
1742.3730343080842 1.2483774679862802
1752.8459266886514 1.2535075768734425
1763.3817685482675 1.2586581943023214
1773.9809382577516 1.263829405646545
1784.6438164622052 1.2690212966145828
1795.3707860946747 1.2742339532511553
1806.1622323898998 1.2794674619386799
1817.018542898158 1.2847219093987132
1827.9401074991779 1.2899973826934017
1838.9273184161332 1.2952939692269358
1849.9805702297488 1.3006117567470152
1861.1002598924451 1.3059508333462955
1872.286786742615 1.3113112874638881
1883.540552518957 1.3166932078868192
1894.861961374896 1.322096683751515
1906.251419893112 1.3275218045452917
1917.7093371001329 1.3329686601078485
1929.236124481019 1.3384373406327674
1940.8321959941527 1.3439279366690238
1952.4979680860986 1.3494405391224746
1964.233859706553 1.3549752392574088
1976.040292323402 1.3605321286980474
1987.917689937851 1.3661112994300775
1999.8664790996445 1.3717128438021853
2011.8870889224058 1.3773368545275972
2023.9799510990201 1.3829834246856245
2036.1454999171604 1.3886526477232217
2048.3841722748743 1.3943446174565193
2060.6964076962695 1.4000594280724248
2073.0826483473106 1.4057971741301662
2085.5433390516914 1.411557950562874
2098.078927306804 1.4173418526791632
2110.6898632998223 1.4231489761647216
2123.376599923863 1.4289794170839067
2136.1395927942413 1.4348332718813261
2148.979300264858 1.4407106373834737
2161.8961834446313 1.4466116108003209
2174.8907062140693 1.4525362897269418
2187.963335241943 1.4584847721451353
2201.114540002016 1.4644571564250577
2214.3447927899315 1.4704535413268578
2227.6545687401613 1.4764740260023277
2241.0443458430645 1.4825187099965276
2254.5146049620676 1.488587693249478
2268.0658298509243 1.494681076097799
2281.6985071710847 1.5007989592763828
2295.4131265091837 1.5069414439200708
2309.210180394618 1.513108631565335
2323.0901643172247 1.519300624151965
2337.0535767451 1.5255175240247707
2351.1009191424705 1.531759433935257
2365.232695987726 1.5380264570433697
2379.4494147915266 1.5443186969191862
2393.751586115023 1.5506362575446409
2408.139723588208 1.556979243315252
2422.6143439283514 1.5633477590418605
2437.1759669585513 1.5697419099523668
2451.8251156264187 1.5761618016934809
2466.5623160228474 1.5826075403324826
2481.3880974009026 1.589079232358958
2496.302992194841 1.5955769846866064
2511.3075360392254 1.6021009046549894
2526.4022677881508 1.6086511000313193
2541.5877295346236 1.6152276790122486
2556.8644666299933 1.6218307502256677
2572.2330277035676 1.6284604227325044
2587.693964682303 1.6351168060285424
2603.2478328106185 1.6418000100462147
2618.8951906703533 1.6485101451564612
2634.636600200817 1.6552473221705408
2650.4726267189644 1.6620116523418704
2666.40383893971 1.6688032473678749
2682.4308089963497 1.6756222193918366
2698.5541124610913 1.6824686810047589
2714.7743283657587 1.6893427452472383
2731.0920392225453 1.6962445256113106
2747.507831044966 1.7031741360423773
2764.022293368892 1.7101316909410644
2780.63601927371 1.7171173051651292
2797.3496054036445 1.724131094031361
2814.16365198917 1.7311731733174958
2831.0787628685634 1.7382436592641393
2848.095545509605 1.7453426685766709
2865.2146110313834 1.7524703184272126
2882.436574226238 1.7596267264565497
2899.7620535818514 1.766812010776083
2917.191671303455 1.774026289969787
2934.7260533361614 1.7812696830961772
2952.3658293874746 1.788542309690277
2970.111632949866 1.7958442897656117
2987.964101323556 1.8031757438161622
3005.9238756393884 1.810536792818408
3023.9916008818477 1.8179275582333
3042.16792591224 1.8253481620082803
3060.4535034919863 1.8327987265793018
3078.848990306054 1.840279374872854
3097.355046986562 1.8477902303080012
3115.9723381364934 1.8553314167984312
3134.701532353552 1.862903058754478
3153.5433022542097 1.870505281085226
3172.498324497815 1.8781382092005487
3191.567279810932 1.8858019690131904
3210.750853011761 1.8934966869408516
3230.0497330347525 1.901222489908282
3249.4646129553353 1.9089795053493788
3268.9961900148155 1.9167678612093053
3288.6451656454014 1.924587685946576
3308.4122454954145 1.932439108535231
3328.2981394546205 1.9403222584669353
3348.3035616797138 1.9482372657531326
3368.429230619986 1.9561842609271922
3388.6758690431116 1.9641633750465746
3409.0442040611138 1.972174739694992
3429.5349671564613 1.9802184869845982
3450.1488942083597 1.9882947495581411
3470.8867255191653 1.9964036605912023
3491.749205840977 2.0045453537943687
3512.7370844023703 2.0127199634154542
3533.8511149353226 2.0209276242417142
3555.092055702274 2.0291684716020804
3576.4606695233465 2.037442641369395
3597.95772380376 2.045750269962667
3619.5839905613784 2.054091494349292
3641.340246454442 2.062466452047369
3663.227272809444 2.0708752811279414
3685.245855649213 2.079318120217285
3707.39678572113 2.0877951084991997
3729.680858525515 2.096306385717312
3752.0988743442176 2.104852092177384
3774.651638269343 2.1134323687496326
3797.3399602321724 2.122047356871063
3820.164655032234 2.130697198547777
3843.126542366588 2.1393820363573686
3866.226446859255 2.1481020134512434
3889.4651980908125 2.1568572735569975
3912.8436306282183 2.165647960980788
3936.362584054762 2.1744742206097194
3960.0229030002256 2.183336197914247
3983.8254371712005 2.19223403895054
4007.771041381626 2.201167890362954
4031.8605755834797 2.2101378993864143
4056.0949048976418 2.2191442138488577
4080.4748996449944 2.228186982173673
4105.001435377659 2.237266353382156
4129.675392910446 2.246382477095974
4154.497658352475 2.2555355035396074
4179.469123139017 2.264725583542881
4204.5906840635 2.273952868543419
4229.8632433097 2.2832175105891563
4255.287708484168 2.2925196623408466
4280.86499264881 2.301859477074587
4306.596014353677 2.3112371086843457
4332.481697669946 2.320652711684505
4358.522972223126 2.33010644121242
4384.720773226429 2.339598453030945
4411.0760415143595 2.3491289035310565
4437.589723576493 2.3586979497344047
4464.262771591486 2.3683057492959088
4491.096143461262 2.377952460506361
4518.090802845398 2.387638242295042
4545.24771919576 2.3973632542323413
4572.567867791298 2.4071276565323934
4600.052229773084 2.4169316100557285
4627.701792179526 2.4267752763118935
4655.517547981842 2.436658817462171
4683.500496119711 2.4465823963222193
4711.65164153713 2.45654617636477
4739.9719952185305 2.466550321722324
4768.462574225075 2.4765949971898573
4797.124401731182 2.4866803682275576
4825.958507061258 2.4968066009635077
4854.965925726691 2.5069738621964905
4884.147699463024 2.517182319398698
4913.50487626735 2.5274321407185094
4943.038510435979 2.5377234949832603
4972.749662602285 2.5480565517020297
5002.6393997748 2.55843148106845
5032.7087953755145 2.5688484539634673
5062.95892927846 2.579307641958228
5093.39088784847 2.5898092173168634
5124.0057639802 2.6003533529993472
5154.80465713736 2.610940222664342
5185.788673392229 2.621570000672068
5216.95892546536 2.6322428620871787
5248.316532765531 2.642958982681647
5279.862621429967 2.653718538937675
5311.5983243647715 2.6645217080505637
5343.524781285619 2.6756906906944637
5375.643138758663 2.687774228238807
5407.954550241745 2.699912132501628
5440.460176125804 2.712104649303153
5473.1611837765295 2.7243520255677955
5506.058747576323 2.736654509329241
5539.154048966445 2.7490123497353913
5572.44827648946 2.7614257970534952
5605.9426258318945 2.7738951026751355
5639.638299867212 2.7864205191214095
5673.536508698996 2.7990023000479645
5707.6384697043895 2.81164070025018
5741.945407577849 2.824335975668352
5776.458554375106 2.8370883833928087
5811.179149557418 2.849898181669206
5846.108440036067 2.8627656299036683
5881.247680217167 2.8756909886681385
5916.598132046701 2.888674519705562
5952.161065055818 2.9017164859352844
5987.937756406465 2.914817151458283
6023.929490937231 2.9279767815626143
6060.1375612094935 2.9411956427286996
6096.56326755382 2.954474002634769
6133.207918116704 2.9678121301623093
6170.07282890752 2.9812102954014357
6207.15932384577 2.994668769656455
6244.468734808668 3.008187825451265
6282.002401678942 3.021767736534977
6319.76167239297 3.0354087778873575
6357.7479029891565 3.049111225724501
6395.962457656678 3.0628753575043244
6434.406708784444 3.076701451932287
6473.082037010396 3.0905897889669522
6511.989831271063 3.104540649825691
6551.131488851486 3.1185543169904193
6590.508415435376 3.1326310742132306
6630.122025155574 3.146771206522244
6669.973740644879 3.160975000227282
6710.064993087111 3.1752427429257617
6750.397222268523 3.189574723508427
6790.971876629478 3.2039712321652973
6831.79041331651 3.2184325603914448
6872.854298234633 3.2329590009930027
6914.165006099963 3.2475508480930038
6955.724020492725 3.2622083971373756
6997.532833910498 3.276931944900967
7039.592947821838 3.2917217894934656
7081.905872720159 3.306578230365537
7124.473128178034 3.321501568314794
7167.296242901739 3.3364921054919865
7210.376754786132 3.3515501454070304
7253.716210969926 3.366675992935194
7297.316167891224 3.3818699543233026
7341.17819134343 3.3971323371959126
7385.303856531446 3.412463450561511
7429.694748128295 3.427863604818806
7474.352460331992 3.4433331117630512
7519.278596922819 3.4588722845922684
7564.474771320885 3.4744814379136955
7609.942606644117 3.4901608877500476
7655.683735766527 3.5059109515460363
7701.69980137683 3.521731948174688
7747.992456037481 3.5376241979438556
7794.563362243999 3.55358802260274
7841.41419248468 3.5696237453483115
7888.546629300633 3.585731690831965
7935.9623653462495 3.601912185165981
7983.6631034499715 3.6181655559302492
8031.650556675418 3.6344921321787798
8079.926448382952 3.650892244446489
8128.492512291544 3.6673662247557717
8177.350492541047 3.6839144066233454
8226.5021437548 3.7005371250668992
8275.949231102697 3.717234716611922
8325.693530364542 3.7340075192985673
8375.736827993813 3.750855872688383
8426.080921181852 3.7677801178713177
8476.727617922388 3.784780597472503
8527.678737076474 3.8018576556593136
8578.93610843778 3.8190116381482118
8630.50157279835 3.836242892211876
8682.37698201469 3.853551766686121
8734.564199074248 3.870938611977007
8787.065098162362 3.888403780067987
8839.881564729545 3.9059476245269202
8893.015495559204 3.9235705005133568
8946.46879883573 3.9412727647856065
9000.243394213072 3.9590547757080854
9054.341212883659 3.9769168932584504
9108.764197647724 3.9948594790350076
9163.514302983125 4.012882896263916
9218.593495115503 4.030987509806662
9274.003752088918 4.0491736861673395
9329.747063836838 4.067441793500117
9385.825432253667 4.0857922016167425
9442.240871266598 4.104225281993914
9498.99540690796 4.122741407780938
9556.091077387937 4.141340953807145
9613.529933167822 4.160024296589619
9671.314037033631 4.178791814340683
9729.445464170156 4.197643886975691
9787.926302235534 4.2165808961205915
9846.7586514362 4.235603225119781
9905.944624602318 4.25471125904375
9965.48634726363 4.273905384696936
10025.385957725844 4.293185990625594
10085.645607147353 4.312553467125558
10146.267459616598 4.332008206250269
10207.253692229657 4.351550601818602
10268.606495168497 4.371181049422879
10330.328071779682 4.390899946436941
10392.420638653392 4.410707692024068
10454.886425703065 4.430604687145201
10517.727676245571 4.450591334566916
10580.946647081628 4.470668038869725
10644.545608576918 4.490835206456119
10708.52684474367 4.511093245558945
10772.892653322664 4.5314425662495434
10837.645345865589 4.5518835804460975
10902.787247818324 4.572416701922025
10968.3206986043 4.593042346314297
11034.248051708491 4.613760931131841
11100.571674761977 4.634572875764005
11167.29394962704 4.655478601489125
11234.417272482566 4.67647853148291
11301.94405391017 4.697573090827165
11369.876718980839 4.7187627065182465
11438.21770734187 4.740047807475854
11506.96947330457 4.761428824551565
11576.13448593246 4.782906190537713
11645.715229129803 4.804480340176007
11715.714201730882 4.826151710166397
11786.133917589808 4.8479207391759696
11856.976905670665 4.869787867847698
11928.24571013839 4.8917535388095095
11999.942890450224 4.913818196683101
12072.07102144748 4.935982288093082
12144.632693448086 4.958246261675877
12217.630512339681 4.980610568088953
12291.06709967306 5.003075660019807
12364.945092756387 5.0256419921951885
12439.267144749956 5.048310021390353
12514.035924761462 5.071080206438258
12589.254117941662 5.093953008238816
