2024/2024PhRvD.110f3034A/VER-Figure_4_UHDM_radius_ZZ.ecsv
# %ECSV 1.0
# ---
# datatype:
# - {name: mass, unit: GeV, datatype: float64}
# - {name: radius, unit: fm, datatype: float64}
# schema: astropy-2.0
mass radius
[from data line 419]
1894.861961374896 0.34915925449208407
1906.251419893112 0.35087451239240536
1917.7093371001329 0.35259758843603944
1929.236124481019 0.35432852177317653
1940.8321959941527 0.35606735172815723
1952.4979680860986 0.3578141178003724
1964.233859706553 0.3595688596651606
1976.040292323402 0.3613316171747232
1987.917689937851 0.36310243035902817
1999.8664790996445 0.36488133942672746
2011.8870889224058 0.3666683847660756
2023.9799510990201 0.36846360694584607
2036.1454999171604 0.3702670467162671
2048.3841722748743 0.37207874500994526
2060.6964076962695 0.37389874294280273
2073.0826483473106 0.3757270818150102
2085.5433390516914 0.37756380311193705
2098.078927306804 0.379408948505093
2110.6898632998223 0.3812625598530791
2123.376599923863 0.38312467920254467
2136.1395927942413 0.384995348789139
2148.979300264858 0.3868746110384843
2161.8961834446313 0.3887625085671364
2174.8907062140693 0.3906590841835579
2187.963335241943 0.3925643808890945
2201.114540002016 0.3944784418789494
2214.3447927899315 0.39640131054317657
2227.6545687401613 0.3983330304676642
2241.0443458430645 0.4002736454351227
2254.5146049620676 0.40222319942609186
2268.0658298509243 0.4041817366199355
2281.6985071710847 0.40614930139584854
2295.4131265091837 0.40812593833386795
2309.210180394618 0.4101116922158891
2323.0901643172247 0.4121066080266772
2337.0535767451 0.4141107309549026
2351.1009191424705 0.41612410639416064
2365.232695987726 0.41814677994400745
2379.4494147915266 0.4201787974109979
2393.751586115023 0.42222020480972056
2408.139723588208 0.42427104836385576
2422.6143439283514 0.4263313745072177
2437.1759669585513 0.4284012298848153
2451.8251156264187 0.4304806613539051
2466.5623160228474 0.4325697159850666
2481.3880974009026 0.43466844106326497
2496.302992194841 0.4367768840889301
2511.3075360392254 0.4388950927790274
2526.4022677881508 0.44102311506815367
2541.5877295346236 0.44316099910961887
2556.8644666299933 0.44530879327654116
2572.2330277035676 0.4474665461629459
2587.693964682303 0.4496343065848714
2603.2478328106185 0.4518121235814692
2618.8951906703533 0.4540000464161296
2634.636600200817 0.456198124577594
2650.4726267189644 0.4584064077810725
2666.40383893971 0.46062494596938425
2682.4308089963497 0.46285378931408283
2698.5541124610913 0.4650929882165974
2714.7743283657587 0.4673425933093772
2731.0920392225453 0.46960265545703406
2747.507831044966 0.47187322575750684
2764.022293368892 0.47415435554321356
2780.63601927371 0.47644609638221713
2797.3496054036445 0.47874850007939723
2814.16365198917 0.48106161867761743
2831.0787628685634 0.48338550445891726
2848.095545509605 0.485720209945689
2865.2146110313834 0.48806578790187294
2882.436574226238 0.4904222913341465
2899.7620535818514 0.49278977349313585
2917.191671303455 0.49516828787461675
2934.7260533361614 0.49755788822072766
2952.3658293874746 0.49995862852119105
2970.111632949866 0.5023705630145272
2987.964101323556 0.5047937461892962
3005.9238756393884 0.5072282327853248
3023.9916008818477 0.5096740777949476
3042.16792591224 0.5121313364642553
3060.4535034919863 0.514600064294338
3078.848990306054 0.5170803170425543
3097.355046986562 0.5195721507237862
3115.9723381364934 0.5220756216117114
3134.701532353552 0.5245907862400697
3153.5433022542097 0.5271177014039548
3172.498324497815 0.5296564241610924
3191.567279810932 0.5322070118331346
3210.750853011761 0.534769522006958
3230.0497330347525 0.5373440125359601
3249.4646129553353 0.5399305415413813
3268.9961900148155 0.5425291674136111
3288.6451656454014 0.5451399488135128
3308.4122454954145 0.5477629446737518
3328.2981394546205 0.5503982142001217
3348.3035616797138 0.5530458168728957
3368.429230619986 0.5557058124481649
3388.6758690431116 0.5583782609591909
3409.0442040611138 0.5610632227177679
3429.5349671564613 0.5637607583155757
3450.1488942083597 0.5664709286255661
3470.8867255191653 0.5691937948033285
3491.749205840977 0.5719294182884795
3512.7370844023703 0.5746778608060413
3533.8511149353226 0.5774391843678522
3555.092055702274 0.58021345127396
3576.4606695233465 0.5830007241140314
3597.95772380376 0.5858010657687714
3619.5839905613784 0.5886145394113341
3641.340246454442 0.5914412085087647
3663.227272809444 0.594281136823426
3685.245855649213 0.5971343884144408
3707.39678572113 0.6000010276391426
3729.680858525515 0.6028811191545211
3752.0988743442176 0.6057747279186965
3774.651638269343 0.6086819191923788
3797.3399602321724 0.6116027585403473
3820.164655032234 0.6145373118329219
3843.126542366588 0.6174856452474666
3866.226446859255 0.620447825269874
3889.4651980908125 0.6234239186960732
3912.8436306282183 0.6264139926335283
3936.362584054762 0.6294181145027694
3960.0229030002256 0.6324363520389059
3983.8254371712005 0.6354687732931583
4007.771041381626 0.6385154466343954
4031.8605755834797 0.6415764407506815
4056.0949048976418 0.6446518246508168
4080.4748996449944 0.6477416676659116
4105.001435377659 0.6508460394509412
4129.675392910446 0.6539650099863243
4154.497658352475 0.6570986495794929
4179.469123139017 0.6602470288664946
4204.5906840635 0.663410218813578
4229.8632433097 0.666588290718796
4255.287708484168 0.6697813162136202
4280.86499264881 0.6729893672645452
4306.596014353677 0.6762125161747301
4332.481697669946 0.67945083558562
4358.522972223126 0.6827043984785908
4384.720773226429 0.6859732781765852
4411.0760415143595 0.6892575483457845
4437.589723576493 0.6925572829972597
4464.262771591486 0.6958725564886454
4491.096143461262 0.6992034435258192
4518.090802845398 0.7025500191645776
4545.24771919576 0.7059123588123454
4572.567867791298 0.7092905382298668
4600.052229773084 0.7126846335329202
4627.701792179526 0.716094721194024
4655.517547981842 0.7195208780441786
4683.500496119711 0.72296318127459
4711.65164153713 0.7264217084384119
4739.9719952185305 0.7298965374524993
4768.462574225075 0.7333877465991541
4797.124401731182 0.7368954145279092
4825.958507061258 0.74041962025729
4854.965925726691 0.7439604431766
4884.147699463024 0.7475179630477139
4913.50487626735 0.7510922600068658
4943.038510435979 0.7546834145664728
4972.749662602285 0.7582915076169396
5002.6393997748 0.7619166204284901
5032.7087953755145 0.7655588346529848
5062.95892927846 0.7692182323257833
5093.39088784847 0.7728948958675806
5124.0057639802 0.7765889080862686
5154.80465713736 0.7803003521788067
5185.788673392229 0.7840293117330844
5216.95892546536 0.7877758707298266
5248.316532765531 0.7915401135444721
5279.862621429967 0.7953221249490802
5311.5983243647715 0.7991219901142453
5343.524781285619 0.8030764530679417
5375.643138758663 0.8074188957163061
5407.954550241745 0.8117845804221622
5440.460176125804 0.8161736330030221
5473.1611837765295 0.8205861799489591
5506.058747576323 0.8250223484262726
5539.154048966445 0.8294822662811443
5572.44827648946 0.8339660620433126
5605.9426258318945 0.8384738649297976
5639.638299867212 0.8430058048486162
5673.536508698996 0.8475620124025135
5707.6384697043895 0.8521426188927518
5741.945407577849 0.8567477563228804
5776.458554375106 0.8613775574025323
5811.179149557418 0.8660321555512697
5846.108440036067 0.8707116849024185
5881.247680217167 0.8754162803069231
5916.598132046701 0.8801460773372594
5952.161065055818 0.8849012122913111
5987.937756406465 0.8896818221963255
6023.929490937231 0.8944880448128465
6060.1375612094935 0.8993200186386936
6096.56326755382 0.9041778829129364
6133.207918116704 0.9090617776199329
6170.07282890752 0.9139718434933496
6207.15932384577 0.9189082220202074
6244.468734808668 0.9238710554449863
6282.002401678942 0.9288604867736926
6319.76167239297 0.9338766597780083
6357.7479029891565 0.9389197189994228
6395.962457656678 0.9439898097533851
6434.406708784444 0.9490870781335177
6473.082037010396 0.9542116710158118
6511.989831271063 0.9593637360628512
6551.131488851486 0.9645434217280886
6590.508415435376 0.9697508772601141
6630.122025155574 0.9749862527069426
6669.973740644879 0.9802496989203614
6710.064993087111 0.9855413675602676
6750.397222268523 0.9908614110990235
6790.971876629478 0.9962099828258767
6831.79041331651 1.0015872368513645
6872.854298234633 1.0069933281117414
6914.165006099963 1.0124284123734706
6955.724020492725 1.0178926462376985
6997.532833910498 1.023386187144755
7039.592947821838 1.028909193378716
7081.905872720159 1.0344618240719512
7124.473128178034 1.0400442392096978
7167.296242901739 1.0456565996346983
7210.376754786132 1.0512990670518036
7253.716210969926 1.05697180403266
7297.316167891224 1.0626749740203785
7341.17819134343 1.068408741334252
7385.303856531446 1.0741732711744723
7429.694748128295 1.0799687296269171
7474.352460331992 1.0857952836679232
7519.278596922819 1.091653101169082
7564.474771320885 1.0975423509021107
7609.942606644117 1.1034632025436764
7655.683735766527 1.10941582668032
7701.69980137683 1.1154003948133544
7747.992456037481 1.1214170793637954
7794.563362243999 1.1274660536773542
7841.41419248468 1.133547492029421
7888.546629300633 1.13966156963007
7935.9623653462495 1.145808462629138
7983.6631034499715 1.1519883481212843
8031.650556675418 1.1582014041510786
8079.926448382952 1.1644478097181614
8128.492512291544 1.1707277447823845
8177.350492541047 1.1770413902689838
8226.5021437548 1.1833889280738201
8275.949231102697 1.1897705410686052
8325.693530364542 1.1961864131061566
8375.736827993813 1.2026367290257234
8426.080921181852 1.2091216746582987
8476.727617922388 1.2156414368319557
8527.678737076474 1.2221962033772638
8578.93610843778 1.2287861631326833
8630.50157279835 1.2354115059499913
8682.37698201469 1.242072422699786
8734.564199074248 1.2487691052769476
8787.065098162362 1.2555017466062006
8839.881564729545 1.2622705406476524
8893.015495559204 1.2690756824023914
8946.46879883573 1.2759173679180857
9000.243394213072 1.2827957942946595
9054.341212883659 1.289711159689959
9108.764197647724 1.296663663325445
9163.514302983125 1.3036535054919673
9218.593495115503 1.3106808875554963
9274.003752088918 1.3177460119629585
9329.747063836838 1.324849082248054
9385.825432253667 1.331990303037105
9442.240871266598 1.3391698800549814
9498.99540690796 1.3463880201310148
9556.091077387937 1.3536449312049361
9613.529933167822 1.3609408223329025
9671.314037033631 1.3682759036935046
9729.445464170156 1.3756503865938001
9787.926302235534 1.3830644834754393
9846.7586514362 1.3905184079207678
9905.944624602318 1.3980123746589603
9965.48634726363 1.4055465995722436
10025.385957725844 1.413121299702097
10085.645607147353 1.420736693255488
10146.267459616598 1.4283929996111948
10207.253692229657 1.4360904393261065
10268.606495168497 1.4438292341415613
10330.328071779682 1.4516096069897686
10392.420638653392 1.4594317820002143
10454.886425703065 1.4672959845061009
10517.727676245571 1.4752024410508708
10580.946647081628 1.4831513793947197
10644.545608576918 1.4911430285211362
10708.52684474367 1.4991776186435368
10772.892653322664 1.5072553812118772
10837.645345865589 1.515376548919306
10902.787247818324 1.5235413557088986
10968.3206986043 1.5317500367803838
11034.248051708491 1.5400028285968985
11100.571674761977 1.5482999688918355
11167.29394962704 1.5566416966756758
11234.417272482566 1.5650282522428545
11301.94405391017 1.5734598771787192
11369.876718980839 1.5819368143664723
11438.21770734187 1.590459307994148
11506.96947330457 1.5990276035616853
11576.13448593246 1.60764194788798
11645.715229129803 1.6163025891179772
11715.714201730882 1.6250097767298568
11786.133917589808 1.633763761542202
11856.976905670665 1.6425647957212035
11928.24571013839 1.6514131327879709
11999.942890450224 1.6603090276257833
12072.07102144748 1.669252736487483
12144.632693448086 1.6782445170028053
12217.630512339681 1.6872846281858473
12291.06709967306 1.696373330442508
12364.945092756387 1.7055108855779686
12439.267144749956 1.7146975568042777
12514.035924761462 1.7239336087479098
12589.254117941662 1.733219307457371
