2024/2024PhRvD.110f3034A/VER-Figure_4_UHDM_radius_WW.ecsv
# %ECSV 1.0
# ---
# datatype:
# - {name: mass, unit: GeV, datatype: float64}
# - {name: radius, unit: fm, datatype: float64}
# schema: astropy-2.0
mass radius
[from data line 418]
1883.540552518957 0.35482011764327615
1894.861961374896 0.3566343780663462
1906.251419893112 0.35845728050476905
1917.7093371001329 0.3602888697959362
1929.236124481019 0.36212919098705454
1940.8321959941527 0.3639782893362702
1952.4979680860986 0.36583621031377317
1964.233859706553 0.3677029996029321
1976.040292323402 0.36957870310140944
1987.917689937851 0.3714633669223052
1999.8664790996445 0.373357037395283
2011.8870889224058 0.3752597610677252
2023.9799510990201 0.3771715847058683
2036.1454999171604 0.37909255529596675
2048.3841722748743 0.38102272004544785
2060.6964076962695 0.3829621263840701
2073.0826483473106 0.3849108219651037
2085.5433390516914 0.38686885466649434
2098.078927306804 0.38883627259204767
2110.6898632998223 0.3908131240726182
2123.376599923863 0.3927994576672975
2136.1395927942413 0.3947953221646049
2148.979300264858 0.39680076658370156
2161.8961834446313 0.39881584017558636
2174.8907062140693 0.40084059242431397
2187.963335241943 0.4028750730482166
2201.114540002016 0.4049193320011263
2214.3447927899315 0.40697341947359833
2227.6545687401613 0.4090373858941597
2241.0443458430645 0.41111128193053753
2254.5146049620676 0.41319515849091887
2268.0658298509243 0.41528906672519117
2281.6985071710847 0.41739305802621424
2295.4131265091837 0.41950718403107173
2309.210180394618 0.4216314966223558
2323.0901643172247 0.42376604792942874
2337.0535767451 0.42591089032972107
2351.1009191424705 0.4280660764500052
2365.232695987726 0.430231659167704
2379.4494147915266 0.43240769161217796
2393.751586115023 0.43459422716604545
2408.139723588208 0.43679131946648175
2422.6143439283514 0.43899902240655214
2437.1759669585513 0.4412173901365227
2451.8251156264187 0.4434464770652066
2466.5623160228474 0.4456863378612865
2481.3880974009026 0.4479370274546736
2496.302992194841 0.45019860103784315
2511.3075360392254 0.45247111406720547
2526.4022677881508 0.4547546222644544
2541.5877295346236 0.4570491816179518
2556.8644666299933 0.4593548483840876
2572.2330277035676 0.46167167908867623
2587.693964682303 0.4639997305283392
2603.2478328106185 0.46633905977189677
2618.8951906703533 0.46868972416177385
2634.636600200817 0.4710517813154144
2650.4726267189644 0.47342528912668286
2666.40383893971 0.4758103057673
2682.4308089963497 0.4782068896882658
2698.5541124610913 0.4806150996212881
2714.7743283657587 0.48303499458024
2731.0920392225453 0.48546663386259176
2747.507831044966 0.4879100770508837
2764.022293368892 0.490365384014172
2780.63601927371 0.49283261490951535
2797.3496054036445 0.49531183018343494
2814.16365198917 0.4978030905734149
2831.0787628685634 0.5003064571093763
2848.095545509605 0.5028219911151917
2865.2146110313834 0.5053497542101734
2882.436574226238 0.5078898083106028
2899.7620535818514 0.5104422156312319
2917.191671303455 0.5130070386868277
2934.7260533361614 0.5155843402936889
2952.3658293874746 0.5181741835712033
2970.111632949866 0.5207766319433804
2987.964101323556 0.5233917491404233
3005.9238756393884 0.5260195992002756
3023.9916008818477 0.5286602464702088
3042.16792591224 0.531313755608384
3060.4535034919863 0.5339801915854537
3078.848990306054 0.5366596196861396
3097.355046986562 0.5393521055108493
3115.9723381364934 0.5420577149772683
3134.701532353552 0.5447765143219919
3153.5433022542097 0.5475085701021419
3172.498324497815 0.5502539491969944
3191.567279810932 0.5530127188096243
3210.750853011761 0.5557849464685588
3230.0497330347525 0.5585707000294169
3249.4646129553353 0.5613700476765924
3268.9961900148155 0.5641830579249044
3288.6451656454014 0.5670097996212978
3308.4122454954145 0.5698503419465102
3328.2981394546205 0.5727047544167863
3348.3035616797138 0.5755731068855637
3368.429230619986 0.5784554695452009
3388.6758690431116 0.5813519129286885
3409.0442040611138 0.5842625079113757
3429.5349671564613 0.5871873257127093
3450.1488942083597 0.590126437897985
3470.8867255191653 0.5930799163800945
3491.749205840977 0.5960478334212812
3512.7370844023703 0.5990302616349276
3533.8511149353226 0.6020272739873127
3555.092055702274 0.6050389437994221
3576.4606695233465 0.6080653447487212
3597.95772380376 0.6111065508709815
3619.5839905613784 0.6141626365620736
3641.340246454442 0.6172336765798091
3663.227272809444 0.6203197460457516
3685.245855649213 0.6234209204470765
3707.39678572113 0.6265372756383991
3729.680858525515 0.6296688878436528
3752.0988743442176 0.6328158336579361
3774.651638269343 0.6359781900494055
3797.3399602321724 0.6391560343611437
3820.164655032234 0.6423494443130704
3843.126542366588 0.6455584980038263
3866.226446859255 0.6487832739127062
3889.4651980908125 0.6520238509015577
3912.8436306282183 0.655280308216734
3936.362584054762 0.6585527254910131
3960.0229030002256 0.6618411827455666
3983.8254371712005 0.6651457603918995
4007.771041381626 0.6684665392338381
4031.8605755834797 0.6718036004694866
4056.0949048976418 0.6751570256932369
4080.4748996449944 0.6785268968977426
4105.001435377659 0.6819132964759489
4129.675392910446 0.6853163072230858
4154.497658352475 0.6887360123387175
4179.469123139017 0.6921724954287551
4204.5906840635 0.695625840507526
4229.8632433097 0.6990961319998057
4255.287708484168 0.7025834547429055
4280.86499264881 0.7060878939887386
4306.596014353677 0.7096095354058993
4332.481697669946 0.7131484650817673
4358.522972223126 0.7167047695246168
4384.720773226429 0.7202785356657303
4411.0760415143595 0.7238698508615168
4437.589723576493 0.7274788028956566
4464.262771591486 0.7311054799812533
4491.096143461262 0.7347499707629874
4518.090802845398 0.738412364319274
4545.24771919576 0.7420927501644645
4572.567867791298 0.7457912182510108
4600.052229773084 0.7495078589716905
4627.701792179526 0.7532427631617932
4655.517547981842 0.7569960221013668
4683.500496119711 0.7607677275174254
4711.65164153713 0.7645579715862177
4739.9719952185305 0.7683668469354559
4768.462574225075 0.772194446646607
4797.124401731182 0.7760408642571428
4825.958507061258 0.779906193762854
4854.965925726691 0.7837905296201225
4884.147699463024 0.7876939667482566
4913.50487626735 0.7916166005317877
4943.038510435979 0.7955585268228269
4972.749662602285 0.7995198419433843
5002.6393997748 0.8035006426877491
5032.7087953755145 0.807501026324831
5062.95892927846 0.811521090600565
5093.39088784847 0.8155609337402732
5124.0057639802 0.8196206544510948
5154.80465713736 0.823700351924372
5185.788673392229 0.8278001258381021
5216.95892546536 0.8319200763593466
5248.316532765531 0.8360603041467084
5279.862621429967 0.840220910352764
5311.5983243647715 0.8444019966265655
5343.524781285619 0.848603665116096
5375.643138758663 0.8528260184707954
5407.954550241745 0.8570691598440418
5440.460176125804 0.8613331928957011
5473.1611837765295 0.8656182217946319
5506.058747576323 0.8699243512212577
5539.154048966445 0.8742516863701137
5572.44827648946 0.8786003329524127
5605.9426258318945 0.8829703971986335
5639.638299867212 0.8873619858611264
5673.536508698996 0.891775206216715
5707.6384697043895 0.8962101660693071
5741.945407577849 0.9006669737525539
5776.458554375106 0.9051457381324698
5811.179149557418 0.909646568610122
5846.108440036067 0.9141695751242745
5881.247680217167 0.9187148681541043
5916.598132046701 0.9232825587218718
5952.161065055818 0.9278727583956639
5987.937756406465 0.9324855792920903
6023.929490937231 0.9371211340790531
6060.1375612094935 0.9417795359784709
6096.56326755382 0.9464608987690741
6133.207918116704 0.9511653367891564
6170.07282890752 0.9558929649393983
6207.15932384577 0.9606438986856441
6244.468734808668 0.9654182540617547
6282.002401678942 0.9702161476724106
6319.76167239297 0.9750376966959937
6357.7479029891565 0.9798830188874185
6395.962457656678 0.984752232581039
6434.406708784444 0.9896454566935114
6473.082037010396 0.9945628107267293
6511.989831271063 0.9995044147707113
6551.131488851486 1.0044703895065685
6590.508415435376 1.009460856209419
6630.122025155574 1.0144759367513845
6669.973740644879 1.019515753604535
6710.064993087111 1.0245804298439125
6750.397222268523 1.0296700891505064
6790.971876629478 1.0347848558143065
6831.79041331651 1.0399248547373072
6872.854298234633 1.045090211436592
6914.165006099963 1.0502810520473658
6955.724020492725 1.0554975033260658
6997.532833910498 1.0607396926534454
7039.592947821838 1.0660077480376775
7081.905872720159 1.0713017981174893
7124.473128178034 1.0766219721653136
7167.296242901739 1.0819684000904384
7210.376754786132 1.0873412124421709
7253.716210969926 1.0927405404130344
7297.316167891224 1.0981665158419833
7341.17819134343 1.103619271217614
7385.303856531446 1.1090989396813855
7429.694748128295 1.114605655030906
7474.352460331992 1.1201395517231638
7519.278596922819 1.1257007648778459
7564.474771320885 1.1312894302806045
7609.942606644117 1.1369056843864074
7655.683735766527 1.1425496643228366
7701.69980137683 1.148221507893472
7747.992456037481 1.153921353581222
7794.563362243999 1.159649340551742
7841.41419248468 1.1654056086567948
7888.546629300633 1.1711902984377056
7935.9623653462495 1.1770035511287562
7983.6631034499715 1.1828455086606708
8031.650556675418 1.188716313664046
8079.926448382952 1.1946161094728713
8128.492512291544 1.2005450401279905
8177.350492541047 1.2065032503806594
8226.5021437548 1.2124908856960417
8275.949231102697 1.2185080922567997
8325.693530364542 1.2245550169666246
8375.736827993813 1.230631807453865
8426.080921181852 1.2367386120750907
8476.727617922388 1.2428755799187572
8527.678737076474 1.249042860808804
8578.93610843778 1.2552406053083554
8630.50157279835 1.2614689647233563
8682.37698201469 1.2677280911063065
8734.564199074248 1.2740181372599348
8787.065098162362 1.2803392567409642
8839.881564729545 1.286691603863847
8893.015495559204 1.2930753337045229
8946.46879883573 1.2994906021042154
9000.243394213072 1.3059375656732468
9054.341212883659 1.3124163817948549
9108.764197647724 1.3189272086290216
9163.514302983125 1.325470205116347
9218.593495115503 1.3320455309819408
9274.003752088918 1.3386533467393125
9329.747063836838 1.3452938136942731
9385.825432253667 1.3519670939489128
9442.240871266598 1.3586733504055133
9498.99540690796 1.3654127467705717
9556.091077387937 1.3721854475587518
9613.529933167822 1.3789916180969453
9671.314037033631 1.385831424528265
9729.445464170156 1.3927050338161449
9787.926302235534 1.3996126137483718
9846.7586514362 1.4065543329412276
9905.944624602318 1.4135303608435597
9965.48634726363 1.420540867740966
10025.385957725844 1.4275860247599033
10085.645607147353 1.434666003871914
10146.267459616598 1.4417809778977766
10207.253692229657 1.448931120511773
10268.606495168497 1.4561166062458804
10330.328071779682 1.4633376104940807
10392.420638653392 1.4705943095165948
10454.886425703065 1.4778868804442327
10517.727676245571 1.4852155012826704
10580.946647081628 1.492580350916844
10644.545608576918 1.4999816091152691
10708.52684474367 1.50741945653447
10772.892653322664 1.5148940747233743
10837.645345865589 1.5224056461277309
10902.787247818324 1.5299543540945764
10968.3206986043 1.5375403828767307
11034.248051708491 1.5451639176372511
11100.571674761977 1.5528251444539962
11167.29394962704 1.5605242503241494
11234.417272482566 1.5682614231687715
11301.94405391017 1.5760368518374013
11369.876718980839 1.5838507261126764
11438.21770734187 1.5917032367149573
11506.96947330457 1.5995945753069605
11576.13448593246 1.6075249344984825
11645.715229129803 1.6154945078510596
11715.714201730882 1.623503489882708
11786.133917589808 1.6315520760726883
11856.976905670665 1.639640462866264
11928.24571013839 1.6477688476794747
11999.942890450224 1.6559374289040054
12072.07102144748 1.6641464059119795
12144.632693448086 1.6723959790608454
12217.630512339681 1.6806863496982851
12291.06709967306 1.6890177201671106
12364.945092756387 1.697390293810186
12439.267144749956 1.705804274975436
12514.035924761462 1.71425986902079
12589.254117941662 1.7227572823192105
