2024/2024PhRvD.110f3034A/VER-Figure_4_UHDM_radius_nue.ecsv
# %ECSV 1.0
# ---
# datatype:
# - {name: mass, unit: GeV, datatype: float64}
# - {name: radius, unit: fm, datatype: float64}
# schema: astropy-2.0
mass radius
[from data line 423]
785.2265852534737 0.5703172926620621
789.9463515490911 0.5721930158691634
794.6944869731923 0.5740738531298212
799.4711620442708 0.5759598243080879
804.2765483057628 0.5778509493050912
809.1108183321957 0.5797472480592849
813.9741457353948 0.5816487405467218
818.8667051707156 0.5835554467813043
823.7886723433126 0.5854673868150466
828.7402240144552 0.5873845807383329
833.7215380078726 0.5893070486801784
838.732793216138 0.5912348108084895
843.7741696070975 0.593167887330315
848.8458482303312 0.5951062984921184
853.9480112236516 0.5970500645800284
859.0808418196541 0.5989992059201005
864.2445243522853 0.6009537428785758
869.4392442634727 0.60291369586214
874.6651881097803 0.6048790853181845
879.9225435691066 0.6068499317350624
885.211499447429 0.6088262556423507
890.5322456855827 0.6108080776111101
895.8849733660783 0.612795418254135
901.2698747199702 0.6147882982262277
906.6871431337571 0.6167867382244477
912.1369731563243 0.6187907589883732
917.6195605059363 0.6208003813003609
923.1351020772624 0.6228156259858044
928.6837959484441 0.6248365139133948
934.2658413882192 0.6268630659953823
939.8814388630644 0.6288953031878249
945.5307900444058 0.6309332464908638
951.2140978158566 0.6332893261456454
956.9315662805013 0.6360451686593727
962.683400768231 0.6388119153521559
968.4698078431142 0.6415896156224499
974.2909953108124 0.6443783190529676
980.1471722260491 0.6471780754116053
986.0385489001142 0.6499889346523287
991.9653369084126 0.6528109469161057
997.9277490980746 0.6556441625318008
1003.9259995955853 0.6584886320171129
1009.9603038144814 0.6613444060794751
1016.0308784630935 0.6642115356169959
1022.1379415523147 0.6670900717193803
1028.2817124034418 0.6699800656688494
1034.4624116560476 0.6728815689410929
1040.6802612759013 0.6757946332061843
1046.9354845629464 0.6787193103295383
1053.2283061593164 0.6816556523728461
1059.5589520574 0.6846037115950112
1065.9276496079622 0.6875635404531198
1072.3346275283077 0.6905351916033696
1078.7801159104883 0.6935187179020466
1085.2643462295803 0.6965141724064629
1091.7875513519796 0.6995216083759377
1098.3499655437793 0.7025410792727542
1104.9518244791764 0.7055726387631194
1111.593365248933 0.708616340718156
1118.274826368898 0.7116722392148555
1124.9964477885683 0.7147403885370791
1131.7584708997035 0.7178208431765156
1138.5611385450018 0.7209136578336932
1145.4046950268175 0.7240188874189423
1152.289386115931 0.7271365870534089
1159.2154590603818 0.7302668120700425
1166.1831625943455 0.7334096180145862
1173.1927469470604 0.7365650606465993
1180.2444638518275 0.7397331959404414
1187.3385665550347 0.7429140800863047
1194.4753098252645 0.746107769491205
1201.654949962438 0.7493143207800181
1208.8777448070161 0.7525337907964937
1216.1439537492674 0.7557662366042673
1223.4538377385784 0.759011715487913
1230.8076592928223 0.7622702849539476
1238.2056825077939 0.7655420027318924
1245.64817306669 0.7688269267752865
1253.1353982496464 0.7721251152627516
1260.6676269433497 0.7754366265990287
1268.2451296506765 0.7787615194160193
1275.8681785004221 0.7820998525738606
1283.537047257068 0.7854516851619586
1291.2520113306095 0.7888170765000753
1299.0133477864545 0.7921960861393675
1306.8213353553695 0.7955887738634789
1314.676254443486 0.7989951996896046
1322.5783871423782 0.8024154238695563
1330.52801723919 0.8058495068908683
1338.5254302268222 0.8092975094778536
1346.5709133141938 0.8127594925927223
1354.6647554365522 0.8162355174366439
1362.8072472658441 0.8197256454508708
1370.9986812211696 0.8232299383178273
1379.2393514792643 0.8267484579622045
1387.5295539850797 0.8302812665520932
1395.8695864624046 0.8338284265000689
1404.2597484245548 0.8373900004643378
1412.700341185136 0.8409660513498284
1421.1916678688622 0.8445566423093416
1429.7340334224361 0.8481618367446707
1438.3277446255104 0.8517816983077238
1446.9731101016991 0.8554162909016858
1455.6704403296576 0.8590656786821323
1464.4200476542464 0.8627299260582054
1473.222246297731 0.8664090976937339
1482.0773523710743 0.8701032585084149
1490.9856838852984 0.8738124736789604
1499.9475607628858 0.8775368086402514
1508.9633048492847 0.8812763290865301
1518.0332399244624 0.8850311009725437
1527.157691714527 0.8888011905147489
1536.3369879034358 0.8925866641924649
1545.571458144758 0.8963875887490841
1554.8614340735087 0.9002040311932497
1564.2072493180685 0.904036058800041
1573.6092395121602 0.9078837391121963
1583.0677423068953 0.911747139941287
1592.5830973829193 0.9156263293689563
1602.155646462586 0.9195213757480996
1611.7857333222487 0.9234323477041099
1621.4737038045994 0.9273593141360872
1631.219905831084 0.9313023442180524
1641.0246894144066 0.9352615074002064
1650.8884066710953 0.9392368734101343
1660.811411834142 0.9432285122540766
1670.7940612657342 0.9472364942181428
1680.8367134700475 0.9512608898695882
1690.9397291061157 0.9553017700580582
1701.1034710007934 0.9593592059168333
1711.328304161781 0.9634332688641232
1721.6145957907256 0.9675240306043017
1731.9627152964279 0.9716315631292142
1742.3730343080842 0.975755938719423
1752.8459266886514 0.9798972299455199
1763.3817685482675 0.9840555096694019
1773.9809382577516 0.9882308510455527
1784.6438164622052 0.9924233275223694
1795.3707860946747 0.9966330128434325
1806.1622323898998 1.0008599810488488
1817.018542898158 1.0051043064765306
1827.9401074991779 1.009366063763547
1838.9273184161332 1.0136453278474151
1849.9805702297488 1.017942173967457
1861.1002598924451 1.022256677666122
1872.286786742615 1.026588914790312
1883.540552518957 1.0309389614927564
1894.861961374896 1.0353068942333254
1906.251419893112 1.0396927897804171
1917.7093371001329 1.0440967252123023
1929.236124481019 1.0485187779184784
1940.8321959941527 1.0529590256010681
1952.4979680860986 1.0574175462761624
1964.233859706553 1.0618944182752352
1976.040292323402 1.0663897202464963
1987.917689937851 1.0709035311563169
1999.8664790996445 1.0754359302905911
2011.8870889224058 1.0799869972561733
2023.9799510990201 1.084556811982268
2036.1454999171604 1.0891454547218347
2048.3841722748743 1.0937530060530358
2060.6964076962695 1.0983795468806266
2073.0826483473106 1.1030251584374162
2085.5433390516914 1.1076899222856929
2098.078927306804 1.1123739203186478
2110.6898632998223 1.1170772347618574
2123.376599923863 1.1217999481746996
2136.1395927942413 1.1265421434518432
2148.979300264858 1.1313039038247
2161.8961834446313 1.1360853128628838
2174.8907062140693 1.1408864544756985
2187.963335241943 1.145707412913627
2201.114540002016 1.150548272769811
2214.3447927899315 1.1554091189815285
2227.6545687401613 1.1602900368317288
2241.0443458430645 1.1651911119504974
2254.5146049620676 1.1701124303166033
2268.0658298509243 1.1750540782589998
2281.6985071710847 1.180016142458334
2295.4131265091837 1.18499870994851
2309.210180394618 1.190001868118186
2323.0901643172247 1.1950257047123491
2337.0535767451 1.2000703078338488
2351.1009191424705 1.2051357659449349
2365.232695987726 1.2102221678688536
2379.4494147915266 1.2153296027913725
2393.751586115023 1.220458160262393
2408.139723588208 1.2256079301974905
2422.6143439283514 1.2307790028795362
2437.1759669585513 1.2359714689602512
2451.8251156264187 1.241185419461837
2466.5623160228474 1.2464209457785658
2481.3880974009026 1.251678139678374
2496.302992194841 1.256957093304517
2511.3075360392254 1.2622578991771471
2526.4022677881508 1.2675806501949838
2541.5877295346236 1.2729254396369318
2556.8644666299933 1.2782923611637078
2572.2330277035676 1.2836815088195281
2587.693964682303 1.2890929770337212
2603.2478328106185 1.2945268606224316
2618.8951906703533 1.2999832547902488
2634.636600200817 1.305462255131923
2650.4726267189644 1.310963957634007
2666.40383893971 1.316488458676582
2682.4308089963497 1.3220358550349385
2698.5541124610913 1.3276062438812595
2714.7743283657587 1.3331997227863732
2731.0920392225453 1.3388163897214223
2747.507831044966 1.3444563430596328
2764.022293368892 1.350119681577999
2780.63601927371 1.3558065044590601
2797.3496054036445 1.3615169112926298
2814.16365198917 1.367251002077527
2831.0787628685634 1.3730088772233766
2848.095545509605 1.378790637552329
2865.2146110313834 1.3845963843008757
2882.436574226238 1.3904262191215886
2899.7620535818514 1.3962802440849413
2917.191671303455 1.402158561681089
2934.7260533361614 1.408061274821652
2952.3658293874746 1.413988486841565
2970.111632949866 1.4199403015008463
2987.964101323556 1.4259168229864663
3005.9238756393884 1.4319181559141336
3023.9916008818477 1.4379444053301738
3042.16792591224 1.443995676713355
3060.4535034919863 1.4500720759767254
3078.848990306054 1.4561737094695129
3097.355046986562 1.4623006839789487
3115.9723381364934 1.4684531067321867
3134.701532353552 1.4746310853981428
3153.5433022542097 1.4808347280894227
3172.498324497815 1.4870641433642073
3191.567279810932 1.4933194402281367
3210.750853011761 1.4996007281362689
3230.0497330347525 1.5059081169949509
3249.4646129553353 1.5122417171637983
3268.9961900148155 1.5186016394575832
3288.6451656454014 1.524987995148221
3308.4122454954145 1.5314008959667071
3328.2981394546205 1.5378404541050577
3348.3035616797138 1.5443067822183227
3368.429230619986 1.5507999934265106
3388.6758690431116 1.557320201316628
3409.0442040611138 1.5638675199446186
3429.5349671564613 1.570442063837409
3450.1488942083597 1.5770439479949003
3470.8867255191653 1.5836732878919644
3491.749205840977 1.5903301994805177
3512.7370844023703 1.5970147991914996
3533.8511149353226 1.603727203936969
3555.092055702274 1.610467531112102
3576.4606695233465 1.6172358985972963
3597.95772380376 1.6240324247602203
3619.5839905613784 1.6308572284578653
3641.340246454442 1.6377104290386817
3663.227272809444 1.644592146344613
3685.245855649213 1.6515025007132533
3707.39678572113 1.6584416129799027
3729.680858525515 1.6654096044797337
3752.0988743442176 1.672406597049897
3774.651638269343 1.679432713031637
3797.3399602321724 1.6864880752724838
3820.164655032234 1.693572807128354
3843.126542366588 1.700687032465763
3866.226446859255 1.7078308756639464
3889.4651980908125 1.7150044616170839
3912.8436306282183 1.7222079157364687
3936.362584054762 1.7294413639526856
3960.0229030002256 1.7367049327178643
3983.8254371712005 1.7439987490078392
4007.771041381626 1.7513229403244337
4031.8605755834797 1.7586776346976334
4056.0949048976418 1.7660629606878806
4080.4748996449944 1.7734790473883064
4105.001435377659 1.780926024426969
4129.675392910446 1.7884040219691741
4154.497658352475 1.7959131707197002
4179.469123139017 1.8034536019251433
4204.5906840635 1.8110254473761576
4229.8632433097 1.8186288394098185
4255.287708484168 1.8262639109119128
4280.86499264881 1.8339307953192472
4306.596014353677 1.8416296266220367
4332.481697669946 1.8493605393661914
4358.522972223126 1.8571236686557309
4384.720773226429 1.864919150155092
4411.0760415143595 1.8727471200915558
4437.589723576493 1.88060771525761
4464.262771591486 1.8885010730133216
4491.096143461262 1.896427331288795
4518.090802845398 1.9043866285865259
4545.24771919576 1.9123791039838864
4572.567867791298 1.9204048971354992
4600.052229773084 1.9284641482757352
4627.701792179526 1.9365569982211461
4655.517547981842 1.9446835883729048
4683.500496119711 1.9528440607193365
4711.65164153713 1.9610385578383394
4739.9719952185305 1.9692672228999444
4768.462574225075 1.9775301996687566
4797.124401731182 1.9858276325065354
4825.958507061258 1.9941596663746575
4854.965925726691 2.0025264468367086
4884.147699463024 2.010928120061007
4913.50487626735 2.0193648328231384
4943.038510435979 2.0278367325085775
4972.749662602285 2.0363439671152066
5002.6393997748 2.0448866852559573
5032.7087953755145 2.05346503616139
5062.95892927846 2.0620791696822787
5093.39088784847 2.070729236292289
5124.0057639802 2.079415387090546
5154.80465713736 2.0881377738043456
5185.788673392229 2.0968965487917384
5216.95892546536 2.105691865044264
5248.316532765531 2.114523876189561
5279.862621429967 2.123392736494111
5311.5983243647715 2.1322986008659126
5343.524781285619 2.141241624857167
5375.643138758663 2.150221964667054
5407.954550241745 2.159239777144403
5440.460176125804 2.168295219790496
5473.1611837765295 2.177388450761759
5506.058747576323 2.18651962887259
5539.154048966445 2.1956889135981035
5572.44827648946 2.204896465076899
5605.9426258318945 2.214142444113921
5639.638299867212 2.2234270121832007
5673.536508698996 2.2327503314307497
5707.6384697043895 2.2421125646773263
5741.945407577849 2.2515138754213404
5776.458554375106 2.260954427841693
5811.179149557418 2.27043438680061
5846.108440036067 2.279953917846598
5881.247680217167 2.289513187217258
5916.598132046701 2.2991123618422717
5952.161065055818 2.3087516093462406
5987.937756406465 2.3184310980516822
6023.929490937231 2.3281509969819525
6060.1375612094935 2.3379114758641593
6096.56326755382 2.3477127051322064
6133.207918116704 2.357554855929695
6170.07282890752 2.3674381001129854
6207.15932384577 2.3773626102541323
6244.468734808668 2.3873285596439646
6282.002401678942 2.3973361222950857
6319.76167239297 2.407385472944888
6357.7479029891565 2.417476787058673
6395.962457656678 2.427610240832642
6434.406708784444 2.4377860111970415
6473.082037010396 2.4480042758192297
6511.989831271063 2.45826521310675
6551.131488851486 2.4685690022105167
6590.508415435376 2.4789158230278723
6630.122025155574 2.489305856205802
6669.973740644879 2.4997392831440215
6710.064993087111 2.5102162859982085
6750.397222268523 2.52073704768316
6790.971876629478 2.531301751875959
6831.79041331651 2.541910583019251
6872.854298234633 2.55256372632439
6914.165006099963 2.563261367774756
6955.724020492725 2.5740036941289217
6997.532833910498 2.5847908929239853
7039.592947821838 2.595623152478823
7081.905872720159 2.6065006618973423
7124.473128178034 2.6174236110718625
7167.296242901739 2.6283921906863466
7210.376754786132 2.6394065922198187
7253.716210969926 2.6504670079496244
7297.316167891224 2.6615736309548645
7341.17819134343 2.6727266551197375
7385.303856531446 2.6839262751368906
7429.694748128295 2.695172686510902
7474.352460331992 2.706466085561607
7519.278596922819 2.7178066694276146
7564.474771320885 2.7291946360696633
7609.942606644117 2.7406301842741607
7655.683735766527 2.7521135136566155
7701.69980137683 2.7636448246650995
7747.992456037481 2.775224318583823
7794.563362243999 2.7868521975365583
7841.41419248468 2.798528664490267
7888.546629300633 2.810253923258551
7935.9623653462495 2.8220281785052905
7983.6631034499715 2.8338516357481938
8031.650556675418 2.8457245013623385
8079.926448382952 2.857646982583869
8128.492512291544 2.8696192875135167
8177.350492541047 2.881641625120334
8226.5021437548 2.8937142052452427
8275.949231102697 2.9058372386047866
8325.693530364542 2.918010936794778
8375.736827993813 2.930235512293954
8426.080921181852 2.94251117846777
8476.727617922388 2.954838149572035
8527.678737076474 2.9672166407567464
8578.93610843778 2.979646868069752
8630.50157279835 2.9921290484606065
8682.37698201469 3.0046633997843286
8734.564199074248 3.017250140805161
8787.065098162362 3.0298894912004846
8839.881564729545 3.0425816715645517
8893.015495559204 3.055326903412439
8946.46879883573 3.0681254091838155
9000.243394213072 3.0809774122469147
9054.341212883659 3.0938831369024005
9108.764197647724 3.1068428083872397
9163.514302983125 3.1198566528787315
9218.593495115503 3.1329248974983486
9274.003752088918 3.146047770315811
9329.747063836838 3.1592255003529597
9385.825432253667 3.172458317587854
9442.240871266598 3.1857464529587407
9498.99540690796 3.1990901383680503
9556.091077387937 3.212489606686542
9613.529933167822 3.225945091757258
9671.314037033631 3.239456828399716
9729.445464170156 3.253025052413901
9787.926302235534 3.2666500005844794
9846.7586514362 3.2803319106848896
9905.944624602318 3.294071021481455
9965.48634726363 3.307867572737645
10025.385957725844 3.3217218052181576
10085.645607147353 3.335633960693224
10146.267459616598 3.3496042819427325
10207.253692229657 3.3636330127605625
10268.606495168497 3.377720397958742
10330.328071779682 3.3918666833718123
