2024/2024PhRvD.110f3034A/VER-Figure_4_UHDM_radius_ttbar.ecsv
# %ECSV 1.0
# ---
# datatype:
# - {name: mass, unit: GeV, datatype: float64}
# - {name: radius, unit: fm, datatype: float64}
# schema: astropy-2.0
mass radius
[from data line 418]
1987.917689937851 0.28840429461728345
1999.8664790996445 0.28954354455171416
2011.8870889224058 0.29068681410702996
2023.9799510990201 0.29183412021525373
2036.1454999171604 0.29298547986211754
2048.3841722748743 0.294140910087335
2060.6964076962695 0.29530042798486167
2073.0826483473106 0.2964640507031621
2085.5433390516914 0.2976317954454776
2098.078927306804 0.29880367947009256
2110.6898632998223 0.29997972009060286
2123.376599923863 0.30115993467618674
2136.1395927942413 0.30234434065186777
2148.979300264858 0.30353295549879333
2161.8961834446313 0.3047257967545001
2174.8907062140693 0.30592288201318685
2187.963335241943 0.3071242289259861
2201.114540002016 0.3083298552012389
2214.3447927899315 0.3095397786047624
2227.6545687401613 0.31075401696013216
2241.0443458430645 0.31197258814895173
2254.5146049620676 0.31319551011112956
2268.0658298509243 0.31442280084515506
2281.6985071710847 0.31565447840837574
2295.4131265091837 0.3168905609172752
2309.210180394618 0.31813106654775203
2323.0901643172247 0.3193760135353944
2337.0535767451 0.3206254201757675
2351.1009191424705 0.32187930482468924
2365.232695987726 0.3231376858985124
2379.4494147915266 0.32440058187440696
2393.751586115023 0.3256680112906444
2408.139723588208 0.3269399927468755
2422.6143439283514 0.3282165449044234
2437.1759669585513 0.3294976864865631
2451.8251156264187 0.33078343627880796
2466.5623160228474 0.33207381312919737
2481.3880974009026 0.3333688359485837
2496.302992194841 0.33466852371092065
2511.3075360392254 0.33597289545355347
2526.4022677881508 0.33728197027750334
2541.5877295346236 0.3385957673477662
2556.8644666299933 0.33991430589359883
2572.2330277035676 0.341237605208812
2587.693964682303 0.342565684652064
2603.2478328106185 0.3438985636471555
2618.8951906703533 0.3452362616833186
2634.636600200817 0.34657879831552113
2650.4726267189644 0.3479261931647565
2666.40383893971 0.34927846591834333
2682.4308089963497 0.35063563633022254
2698.5541124610913 0.3519977242212568
2714.7743283657587 0.3533647494795311
2731.0920392225453 0.354736732060648
2747.507831044966 0.3561136919880373
2764.022293368892 0.35749564935325284
2780.63601927371 0.35888262431627693
2797.3496054036445 0.36027463710582436
2814.16365198917 0.36167170801964704
2831.0787628685634 0.3630738574248417
2848.095545509605 0.3644811057581507
2865.2146110313834 0.3658934735262775
2882.436574226238 0.3673109813061904
2899.7620535818514 0.3687336497454328
2917.191671303455 0.37016149956243327
2934.7260533361614 0.37159455154681725
2952.3658293874746 0.37303282655972025
2970.111632949866 0.3744763455340949
2987.964101323556 0.37592512947503437
3005.9238756393884 0.3773791994600805
3023.9916008818477 0.37883857663954174
3042.16792591224 0.38030328223680976
3060.4535034919863 0.381773337548677
3078.848990306054 0.3832487639456571
3097.355046986562 0.3847295828722983
3115.9723381364934 0.3862158158475133
3134.701532353552 0.3877074844648946
3153.5433022542097 0.38920461039303894
3172.498324497815 0.39070721537587
3191.567279810932 0.3922153212329638
3210.750853011761 0.3937289498598757
3230.0497330347525 0.39524812322845976
3249.4646129553353 0.39677286338720674
3268.9961900148155 0.39830319246156565
3288.6451656454014 0.3998391326542752
3308.4122454954145 0.40138070624569394
3328.2981394546205 0.40292793559413237
3348.3035616797138 0.40448084313618654
3368.429230619986 0.40603945138706593
3388.6758690431116 0.4076037829409369
3409.0442040611138 0.40917386047125254
3429.5349671564613 0.4107497067310913
3450.1488942083597 0.4123313445534939
3470.8867255191653 0.4139187968518029
3491.749205840977 0.4155120866200042
3512.7370844023703 0.417111236933061
3533.8511149353226 0.41871627094726616
3555.092055702274 0.42032721190057887
3576.4606695233465 0.42194408311297005
3597.95772380376 0.4235669079867682
3619.5839905613784 0.4251957100070053
3641.340246454442 0.4268305127417665
3663.227272809444 0.4284713398425317
3685.245855649213 0.4301182150445354
3707.39678572113 0.43177116216711126
3729.680858525515 0.433430205114045
3752.0988743442176 0.43509536787392844
3774.651638269343 0.43676667452051277
3797.3399602321724 0.43844414921306635
3820.164655032234 0.44012781619672414
3843.126542366588 0.44181769980285573
3866.226446859255 0.44351382444941717
3889.4651980908125 0.4452162146413133
3912.8436306282183 0.4469248949707574
3936.362584054762 0.4486398901176357
3960.0229030002256 0.4503612248498707
3983.8254371712005 0.45208892402378004
4007.771041381626 0.4538230125844524
4031.8605755834797 0.45556351556610786
4056.0949048976418 0.45731045809246773
4080.4748996449944 0.45906386537712385
4105.001435377659 0.4608237627239101
4129.675392910446 0.46259017552727544
4154.497658352475 0.46436312927264956
4179.469123139017 0.46614264953682905
4204.5906840635 0.46792876198834504
4229.8632433097 0.4697214923878423
4255.287708484168 0.47152086658845704
4280.86499264881 0.47332691053619613
4306.596014353677 0.4751396502703204
4332.481697669946 0.476959111923718
4358.522972223126 0.4787853217232993
4384.720773226429 0.48061830599037414
4411.0760415143595 0.4824580911410385
4437.589723576493 0.4843047036865626
4464.262771591486 0.48615817023377805
4491.096143461262 0.48801851748547076
4518.090802845398 0.48988577224076246
4545.24771919576 0.49175996139551575
4572.567867791298 0.49364111194271937
4600.052229773084 0.49552925097288514
4627.701792179526 0.49742440567444435
4655.517547981842 0.49932660333414436
4683.500496119711 0.5012358713374508
4711.65164153713 0.5031522371689388
4739.9719952185305 0.5050757284127061
4768.462574225075 0.5070063727527702
4797.124401731182 0.5089441979734712
4825.958507061258 0.5108892319598815
4854.965925726691 0.5128415026982087
4884.147699463024 0.5148010382762092
4913.50487626735 0.5167678668835881
4943.038510435979 0.5187420168124237
4972.749662602285 0.5207235164575711
5002.6393997748 0.5227123943170786
5032.7087953755145 0.5247086789926033
5062.95892927846 0.5267123991898274
5093.39088784847 0.5287235837188774
5124.0057639802 0.5307422614947449
5154.80465713736 0.5327684615376999
5185.788673392229 0.5348022129737255
5216.95892546536 0.5368435450349348
5248.316532765531 0.5388924870599966
5279.862621429967 0.5409490684945644
5311.5983243647715 0.5430133188917028
5343.524781285619 0.5452214989538854
5375.643138758663 0.5478056789985764
5407.954550241745 0.5504018959986673
5440.460176125804 0.55301020727414
5473.1611837765295 0.5556306704103683
5506.058747576323 0.5582633432594089
5539.154048966445 0.5609082839412632
5572.44827648946 0.56356555084518
5605.9426258318945 0.5662352026309285
5639.638299867212 0.5689172982301114
5673.536508698996 0.5716118968474612
5707.6384697043895 0.5743190579621414
5741.945407577849 0.5770388413290788
5776.458554375106 0.5797713069802641
5811.179149557418 0.5825165152260999
5846.108440036067 0.5852745266567128
5881.247680217167 0.5880454021433111
5916.598132046701 0.5908292028395217
5952.161065055818 0.5936259901827348
5987.937756406465 0.5964358258954802
6023.929490937231 0.5992587719867687
6060.1375612094935 0.6020948907534852
6096.56326755382 0.6049442447817445
6133.207918116704 0.6078068969482933
6170.07282890752 0.6106829104218804
6207.15932384577 0.6135723486646728
6244.468734808668 0.6164752754336377
6282.002401678942 0.6193917547819678
6319.76167239297 0.6223218510604906
6357.7479029891565 0.6252656289190808
6395.962457656678 0.6282231533081072
6434.406708784444 0.6311944894798472
6473.082037010396 0.6341797029899487
6511.989831271063 0.6371788596988569
6551.131488851486 0.6401920257732885
6590.508415435376 0.6432192676876838
6630.122025155574 0.646260652225669
6669.973740644879 0.6493162464815477
6710.064993087111 0.6523861178617636
6750.397222268523 0.6554703340864079
6790.971876629478 0.6585689631906965
6831.79041331651 0.6616820735264887
6872.854298234633 0.6648097337637904
6914.165006099963 0.6679520128922609
6955.724020492725 0.6711089802227569
6997.532833910498 0.6742807053888394
7039.592947821838 0.6774672583483349
7081.905872720159 0.680668709384857
7124.473128178034 0.6838851291093802
7167.296242901739 0.6871165884617776
7210.376754786132 0.6903631587124088
7253.716210969926 0.6936249114636706
7297.316167891224 0.6969019186515987
7341.17819134343 0.7001942525474458
7385.303856531446 0.70350198575927
7429.694748128295 0.7068251912335562
7474.352460331992 0.7101639422568041
7519.278596922819 0.7135183124571695
7564.474771320885 0.7168883758060652
7609.942606644117 0.7202742066198151
7655.683735766527 0.7236758795612851
7701.69980137683 0.7270934696415228
7747.992456037481 0.7305270522214332
7794.563362243999 0.7339767030134186
7841.41419248468 0.7374424980830727
7888.546629300633 0.7409245138508372
7935.9623653462495 0.7444228270937101
7983.6631034499715 0.7479375149469173
8031.650556675418 0.7514686549056356
8079.926448382952 0.7550163248266935
8128.492512291544 0.758580602930281
8177.350492541047 0.7621615678016956
8226.5021437548 0.7657592983930535
8275.949231102697 0.7693738740250547
8325.693530364542 0.7730053743887099
8375.736827993813 0.7766538795471223
8426.080921181852 0.7803194699372302
8476.727617922388 0.7840022263716038
8527.678737076474 0.7877022300402177
8578.93610843778 0.7914195625122332
8630.50157279835 0.7951543057378205
8682.37698201469 0.7989065420499408
8734.564199074248 0.8026763541661877
8787.065098162362 0.8064638251905875
8839.881564729545 0.8102690386154544
8893.015495559204 0.8140920783232227
8946.46879883573 0.8179330285882865
9000.243394213072 0.8217919740788842
9054.341212883659 0.8256689998589369
9108.764197647724 0.8295641913899531
9163.514302983125 0.833477634532886
9218.593495115503 0.837409415550056
9274.003752088918 0.8413596211070234
9329.747063836838 0.8453283382745304
9385.825432253667 0.8493156545303916
9442.240871266598 0.8533216577614497
9498.99540690796 0.8573464362655013
9556.091077387937 0.8613900787532356
9613.529933167822 0.8654526743502143
9671.314037033631 0.8695343125988095
9729.445464170156 0.8736350834602072
9787.926302235534 0.8777550773163622
9846.7586514362 0.8818943849720158
9905.944624602318 0.8860530976566892
9965.48634726363 0.8902313070266832
10025.385957725844 0.8944291051671248
10085.645607147353 0.8986465845939697
10146.267459616598 0.9028838382560702
10207.253692229657 0.907140959537197
10268.606495168497 0.911418042258123
10330.328071779682 0.9157151806786819
10392.420638653392 0.9200324694998382
10454.886425703065 0.9243700038657842
10517.727676245571 0.9287278793660435
10580.946647081628 0.9331061920375731
10644.545608576918 0.9375050383668682
10708.52684474367 0.941924515292113
10772.892653322664 0.9463647202053063
10837.645345865589 0.9508257509544015
10902.787247818324 0.9553077058454708
10968.3206986043 0.9598106836448816
11034.248051708491 0.9643347835814651
11100.571674761977 0.9688801053486927
11167.29394962704 0.9734467491069017
11234.417272482566 0.9780348154854707
11301.94405391017 0.9826444055850677
11369.876718980839 0.9872756209798651
11438.21770734187 0.9919285637197724
11506.96947330457 0.996603336332693
11576.13448593246 1.0013000418267928
11645.715229129803 1.0060187836927625
11715.714201730882 1.0107596659060885
11786.133917589808 1.0155227929293702
11856.976905670665 1.020308269714593
11928.24571013839 1.0251162017054742
11999.942890450224 1.0299466948397529
12072.07102144748 1.0347998555515583
12144.632693448086 1.0396757907737255
12217.630512339681 1.044574607940178
12291.06709967306 1.0494964149882862
12364.945092756387 1.054441320361231
12439.267144749956 1.0594094330104222
12514.035924761462 1.064400862397887
12589.254117941662 1.0694157184986703
