2024/2024PhRvD.110f3034A/VER-Figure_4_UHDM_radius_ZZ.ecsv
# %ECSV 1.0
# ---
# datatype:
# - {name: mass, unit: GeV, datatype: float64}
# - {name: radius, unit: fm, datatype: float64}
# schema: astropy-2.0
mass radius
154.77103600870802 1e-05
154.77103600870802 0.0004928170391627364
155.7013192326973 0.001120542127337456
156.63719411581837 0.0017469400188553845
157.57869426789156 0.0023720279550282545
158.52585350075543 0.002995823109933054
159.4787058294821 0.003618342590953167
160.43728547359805 0.004239603439313871
161.40162685831342 0.004859622630615404
162.37176461575817 0.005478417075365741
163.34773358622547 0.006096003619507893
164.32956881942366 0.006712399044946658
165.31730557573462 0.007327620070070654
166.31097932747952 0.007941683350274512
167.3106257601937 0.008554605478476236
168.31628077390778 0.009166402985633239
169.32798048443647 0.009777092341254102
170.34576122467647 0.010386689953911052
171.3696595459107 0.010995212171747084
172.3997122191211 0.011602675282980613
173.4359562363094 0.012209095516410374
174.47842881182476 0.012814489041914697
175.52716738370142 0.013418871970950638
176.58220961500274 0.014022260357048505
177.64359339517304 0.014624670196306703
178.71135684139952 0.015226117427882099
179.78553829998066 0.015826617934478954
180.8661763477026 0.01642618754283393
181.95330979322588 0.017024842024202222
183.0469776784784 0.017622597094838044
184.14721928005721 0.018219468416473105
185.2540741106398 0.018815471596795613
186.36758192040273 0.019410622189923725
187.4877826984491 0.02000493569687879
188.61471667424502 0.020598427566054553
189.74842431906345 0.02119111319368667
190.8889463474389 0.021783007924318143
192.036323718629 0.022374127051261936
193.19059763808488 0.022964485817064107
194.35180955893202 0.02355409941396226
195.52000118345853 0.024142982984343288
196.69521446461212 0.02473115162119695
197.87749160750795 0.025318620368571118
199.06687507094347 0.025905404222021446
200.26340756892358 0.026491518129059248
201.46713207219463 0.027076976989600186
202.67809180978693 0.027661795656407452
203.89633027056843 0.028245988935535316
205.1218912048058 0.02882957158676828
206.3548186257352 0.02941255832406142
207.59515681114394 0.029994963815976033
208.84295030496014 0.030576802686114637
210.09824391885184 0.031158089513552246
211.36108273383735 0.031738838833269264
212.63151210190378 0.032319065136578985
213.90957764763513 0.032898782871553504
215.19532526985193 0.03347800644345062
216.48880114325885 0.03405675021513545
217.79005172010318 0.034635028507502275
219.09912373184318 0.035212855599892415
220.41606419082555 0.03579024573051346
221.74092039197504 0.03636721309685376
223.07373991449234 0.03694377185609664
224.41457062356196 0.03751993612553082
225.7634606720728 0.03809571998296281
227.12045850234648 0.038671137467124014
228.4856128478766 0.039246202578076136
229.8589727350801 0.03982092927761825
231.24058748505735 0.04039533148968857
232.63050671536263 0.040969423100764714
234.02878034178747 0.04154321796026536
235.43545858015236 0.042116729880946724
236.85059194811026 0.04268997263929925
238.2742312669612 0.043262959975940866
239.7064276634764 0.043835705596011555
241.14723257173577 0.044408223169563374
242.59669773497433 0.04498052633195051
244.05487520743984 0.04555262868421549
245.52181735626348 0.04612454379347783
246.99757686334 0.04669628519331742
248.48220672721865 0.0472678663841563
249.97576026500826 0.04783930083364249
251.47829111429078 0.04841060197702814
252.98985323504803 0.04898178321754869
254.51050091159956 0.04955285792679805
256.0402887545513 0.05012383944510589
257.57927170275826 0.05069474108191004
259.1275050252968 0.05126557611612924
260.6850443234486 0.05183635779653218
262.25194553269915 0.05240709934210904
263.8282649247457 0.0529778139424381
265.4140591095173 0.053548514758050524
267.0093850372096 0.054119214920797666
268.6143000003289 0.054689927534213055
270.2288616357493 0.05526066567387312
271.85312792678394 0.05583144238776002
273.48715720526644 0.05640227069661909
275.1310081536459 0.05697316359431686
276.7847398070945 0.05754413404819765
278.4484115556269 0.05811519499943691
280.1220831462344 0.05868635936339712
281.8058146850299 0.05925764002997867
283.49966663940563 0.05982904986396952
285.2036998402066 0.060400601705397086
286.9179754839138 0.060972308369875154
288.6425551348417 0.061544182648949425
290.3775007273506 0.06211623731044572
292.1228745680697 0.06268848509881236
293.878739338135 0.0632609387354641
295.64515809544076 0.06383361091912212
297.42219427690287 0.06440651432615689
299.20991170073864 0.0649796616109259
301.0083745687581 0.06555306540611236
302.8176474686684 0.06612673832306007
304.63779537639545 0.06670069295211178
306.4688836584164 0.0672749418629421
308.31097807410606 0.06784949760488922
310.16414477810054 0.06842437270728965
312.028450322672 0.06899957967980713
313.9039616601177 0.06957513101276294
315.7907461451666 0.07015103917746299
317.6888715373972 0.0707273166265274
319.5984060036693 0.07130397579421491
321.5194181205763 0.07188102909674912
323.4519768769029 0.07245848893264036
325.3961516761064 0.07303636768301107
327.35201233880804 0.07361467771191663
329.31962910529904 0.0741934313666642
331.2990726380657 0.07477264097813525
333.2904140243255 0.07535231886110262
335.2937247785795 0.07593247731454653
337.3090768451822 0.07651312862197386
339.33654260092464 0.07709428505173158
341.3761948576321 0.07767595885732138
343.42810686478265 0.078258162277714
345.4923523121332 0.0788409075376589
347.56900533236944 0.079424206847999
349.6581405037668 0.08000807240597918
351.7598328528678 0.08059251639555451
353.87415785717855 0.0811775509877012
356.00119144787834 0.08176318834072263
358.14101001254517 0.08234944060055446
360.2936903979017 0.08293631990107302
362.45930991257336 0.08352383836439774
364.6379463298641 0.08411200810119587
366.8296778905516 0.08470084121098345
369.03458330569543 0.08529034978242976
371.25274175946316 0.08588054589365629
373.48423291197753 0.08647144161253804
375.72913690217223 0.08706304899700038
377.98753435067414 0.08765538009532033
380.2595063626969 0.08824844694642266
382.5451345309529 0.08884226158017478
384.84450093858516 0.08943683601768543
387.1576881621146 0.09003218227159765
389.484779274404 0.09062831234638365
391.825857847644 0.09122523823863618
394.18100795635314 0.09182297193736391
396.5503141803955 0.09242152542428084
398.93386160802277 0.09302091067409839
401.3317358389242 0.0936211396548131
403.7440229873054 0.09422222432799911
406.170809684979 0.09482417664909498
408.61218308447485 0.09542700856768997
411.06823086217236 0.09603073202781386
413.5390412214477 0.09663535896822177
416.02470289584056 0.09724090132267808
418.52530515224305 0.09784737102024416
421.0409377941043 0.09845477998556033
423.5716911646544 0.09906314013913019
426.1176561501513 0.09967246339760125
428.67892418314347 0.10028276167404974
431.2555872457519 0.10089404687825987
433.8477378729782 0.10150633091700534
436.4554691560215 0.10211962569432713
439.0788747456266 0.1027339431118158
441.7180488554454 0.10334929506888782
444.37308626541903 0.10396569346306465
447.0440823251844 0.10458315019024783
449.7311329574969 0.10520167714499863
452.4343346616744 0.10582128622081251
455.1537845170648 0.10644198931039289
457.8895801865317 0.10706379830592912
460.6418199199595 0.10768672509936826
463.4106025577871 0.10831078158268999
466.19602753455143 0.10893597964817722
468.9981948824612 0.10956233118869164
471.81720523499206 0.11018984809794415
474.6531598304949 0.11081854227076411
477.50616051583603 0.11144842560337354
480.37630975005385 0.11207950999365505
483.26371060803615 0.11271180734142218
486.16846678422513 0.11334532954868666
489.0906825963399 0.11398008851993006
492.03046298912113 0.11461609616236997
494.9879135381031 0.11525336438622596
497.96314045340347 0.11589190510498995
500.9562505835358 0.11653173023569016
503.96735141925217 0.11717285169915855
506.9965510973965 0.11781528142029374
510.0439584047934 0.11845903132832955
513.1096827821533 0.11910411335709738
516.193834328001 0.11975053944529114
519.2965238026325 0.12039832153672875
522.4178626320918 0.12104747158061878
525.5579629121702 0.12169800153182124
528.7169374124356 0.12234992335110834
531.8948995802807 0.12300324900542975
535.0919635449953 0.12365799046817162
538.3082441218688 0.12431415971941878
541.5438568163113 0.12497176874621317
544.7989178279997 0.12563082954281737
548.0735440550574 0.12629135411097203
551.3678530982435 0.12695335446015665
554.6819632651833 0.12761684260784614
558.0159935746146 0.12828183057977297
561.3700637606602 0.12894833041018386
564.7442942771306 0.1296163541420957
568.1388063018495 0.130285913827557
571.553721741003 0.1309570215279024
574.9891632335208 0.13162968931401095
578.4452541554797 0.13230392926656026
581.9221186245312 0.1329797534762863
585.4198815043657 0.13365717404423752
588.9386684091885 0.1343362030820285
592.4786057082373 0.13501685271209907
596.0398205303183 0.13569913506796674
599.6224407683693 0.13638306229448258
603.2265950840575 0.1370686465480832
606.8524129123971 0.13775589999704874
610.5000244663966 0.13844483482175435
614.169560741738 0.13913546321492254
617.8611535214803 0.1398277973818797
621.57493538079 0.1405218495408069
625.3110396917053 0.141217631922994
629.0696006279251 0.1419151567730895
632.850753169624 0.14261443634935667
636.6546331083074 0.1433154829239232
640.4813770516793 0.14401830878303443
644.3311224285545 0.144722926227302
648.2040074937928 0.14542934757195977
652.1001713332605 0.14613758514711248
656.0197538688309 0.14684765129798533
659.9628958634062 0.14755955838517834
663.9297389259709 0.1482733187849145
667.920425516682 0.14898894488929193
671.9350989519822 0.14970644910653078
675.9739034097448 0.15042584386122776
680.0369839344585 0.1511471415946036
684.1244864424278 0.15187035476475386
688.2365577270172 0.15259549584689588
692.3733454639272 0.15332257733362264
696.5349982164886 0.15405161173514972
700.7216654410056 0.15478261157956277
704.9334974921204 0.15551558941307056
709.1706456282103 0.15625055780025118
713.4332620168249 0.1569875293243025
717.7214997401478 0.1577265165872878
722.0355128004927 0.15846753221038906
726.3754561258381 0.15921058883415298
730.7414855753892 0.15995569911873758
735.1337579451717 0.16070287574416472
739.5524309736719 0.1614521314105657
743.9976633474902 0.16220347883843073
748.4696147070484 0.16295693076885423
752.9684456523206 0.16371249996378756
757.4943177485973 0.16447019920628445
762.0473935322927 0.16523004130074703
766.6278365167805 0.16599203907317828
771.2358111982617 0.1667562053714266
775.871483061679 0.1675225530654358
780.5350185866558 0.16829109504748935
785.2265852534737 0.16906184423246293
789.9463515490911 0.16983481355806937
794.6944869731923 0.17061001598510778
799.4711620442708 0.17138746449770845
804.2765483057628 0.17216717210358506
809.1108183321957 0.17294915183427953
813.9741457353948 0.1737334167454114
818.8667051707156 0.1745199799169225
823.7886723433126 0.17530885445332958
828.7402240144552 0.17610005348396973
833.7215380078726 0.17689359016324605
838.732793216138 0.17768947767088028
843.7741696070975 0.1784877292121577
848.8458482303312 0.17928835801817675
853.9480112236516 0.18009137734609415
859.0808418196541 0.18089680047937748
864.2445243522853 0.18170464072805148
869.4392442634727 0.18251491142894372
874.6651881097803 0.1833276259459377
879.9225435691066 0.18414279767021882
885.211499447429 0.1849604400205235
890.5322456855827 0.18578056644338575
895.8849733660783 0.18660319041338982
901.2698747199702 0.1874283254334175
906.6871431337571 0.18825598503489416
912.1369731563243 0.18908618277804295
917.6195605059363 0.18991893225213083
923.1351020772624 0.19075424707571942
928.6837959484441 0.19159214089691146
934.2658413882192 0.1924326273936053
939.8814388630644 0.1932757202737413
945.5307900444058 0.1941214332755536
951.2140978158566 0.1950525214255485
956.9315662805013 0.19609078916661904
962.683400768231 0.1971333265371373
968.4698078431142 0.19818015780085935
974.2909953108124 0.19923130731312175
980.1471722260491 0.2002867995214231
986.0385489001142 0.20134665896600024
991.9653369084126 0.2024109102804093
997.9277490980746 0.20347957819210982
1003.9259995955853 0.2045526875230459
1009.9603038144814 0.20563026319023775
1016.0308784630935 0.20671233020636734
1022.1379415523147 0.20779891368036962
1028.2817124034418 0.2088900388180259
1034.4624116560476 0.20998573092255526
1040.6802612759013 0.21108601539521601
1046.9354845629464 0.2121909177359014
1053.2283061593164 0.21330046354374177
1059.5589520574 0.21441467851770363
1065.9276496079622 0.21553358845720044
1072.3346275283077 0.21665721926269543
1078.7801159104883 0.21778559693631194
1085.2643462295803 0.2189187475824454
1091.7875513519796 0.22005669740837314
1098.3499655437793 0.22119947272487497
1104.9518244791764 0.22234709994684793
1111.593365248933 0.2234996055939263
1118.274826368898 0.224657016291105
1124.9964477885683 0.22581935876936024
1131.7584708997035 0.2269866598662811
1138.5611385450018 0.22815894652669516
1145.4046950268175 0.22933624580330084
1152.289386115931 0.23051858485729723
1159.2154590603818 0.2317059909590251
1166.1831625943455 0.23289849148860145
1173.1927469470604 0.23409611393655977
1180.2444638518275 0.2352988859044945
1187.3385665550347 0.23650683510570128
1194.4753098252645 0.2377199893658304
1201.654949962438 0.2389383766235325
1208.8777448070161 0.24016202493111138
1216.1439537492674 0.2413909624551796
1223.4538377385784 0.24262521747731106
1230.8076592928223 0.24386481839470678
1238.2056825077939 0.24510979372085226
1245.64817306669 0.24636017208618377
1253.1353982496464 0.2476159822387511
1260.6676269433497 0.24887725304489275
1268.2451296506765 0.25014401348990384
1275.8681785004221 0.25141629267871135
1283.537047257068 0.25269411983655166
1291.2520113306095 0.25397752430964615
1299.0133477864545 0.2552665355658895
1306.8213353553695 0.2565611831955298
1314.676254443486 0.257861496911857
1322.5783871423782 0.25916750655189386
1330.52801723919 0.2604792420770839
1338.5254302268222 0.2617967335739934
1346.5709133141938 0.2631200112550048
1354.6647554365522 0.2644491054590191
1362.8072472658441 0.26578404665215527
1370.9986812211696 0.26712486542846237
1379.2393514792643 0.2684715925106243
1387.5295539850797 0.26982425875067206
1395.8695864624046 0.2711828951306993
1404.2597484245548 0.27254753276357513
1412.700341185136 0.2739182028936704
1421.1916678688622 0.27529493689757634
1429.7340334224361 0.276677766284832
1438.3277446255104 0.27806672269864857
1446.9731101016991 0.27946183791664736
1455.6704403296576 0.2808631438515893
1464.4200476542464 0.28227067255211374
1473.222246297731 0.2836844562034794
1482.0773523710743 0.2851045271283027
1490.9856838852984 0.2865309177873108
1499.9475607628858 0.2879636607800865
1508.9633048492847 0.2894027888458205
1518.0332399244624 0.2908483348640684
1527.157691714527 0.2923003318555037
1536.3369879034358 0.29375881298268613
1545.571458144758 0.2952238115508212
1554.8614340735087 0.29669536100852995
1564.2072493180685 0.2981734949486142
1573.6092395121602 0.2996582471088379
1583.0677423068953 0.30114965137269856
1592.5830973829193 0.3026477417702087
1602.155646462586 0.30415255247868
1611.7857333222487 0.3056641178235041
1621.4737038045994 0.30718247227895085
1631.219905831084 0.3087076504689547
1641.0246894144066 0.3102396871679125
1650.8884066710953 0.3117786173014844
1660.811411834142 0.3133244759473904
1670.7940612657342 0.3148772983362249
1680.8367134700475 0.3164371198522601
1690.9397291061157 0.3180039760342614
1701.1034710007934 0.31957790257629826
1711.328304161781 0.32115893532857087
1721.6145957907256 0.32274711029822817
1731.9627152964279 0.3243424636501951
1742.3730343080842 0.3259450317080035
1752.8459266886514 0.32755485095462
1763.3817685482675 0.3291719580332904
1773.9809382577516 0.3307963897483744
1784.6438164622052 0.33242818306619076
1795.3707860946747 0.3340673751158655
1806.1622323898998 0.3357140031901774
1817.018542898158 0.3373681047464202
1827.9401074991779 0.33902971740725535
1838.9273184161332 0.34069887896157425
1849.9805702297488 0.34237562736536586
1861.1002598924451 0.34406000074257875
1872.286786742615 0.3457520373860027
