2024/2024PhRvD.110f3034A/VER-Figure_4_UHDM_radius_gamma.ecsv
# %ECSV 1.0
# ---
# datatype:
# - {name: mass, unit: GeV, datatype: float64}
# - {name: radius, unit: fm, datatype: float64}
# schema: astropy-2.0
mass radius
131.64956226644347 1e-05
131.64956226644347 0.0007096032414453745
132.44086910511524 0.001650283062480053
133.23693225669962 0.002591498932474765
134.03778030999575 0.0035332877594329184
134.8434420256422 0.004475686492173438
135.65394633714894 0.005418732121789357
136.46932235193694 0.0063624616831089754
137.28959935238342 0.007306912256159685
138.11480679687287 0.008252120967633548
138.94497432085598 0.009198124992356631
139.78013173791342 0.010144961554759904
140.62030904082604 0.011092667930352955
141.46553640265304 0.012041281447200874
142.31584417781485 0.012990839487404959
143.1712629031831 0.013941379488581318
144.03182329917797 0.014892938945351035
144.89755627087106 0.015845555410824476
145.76849290909482 0.016799266498093993
146.64466449156004 0.01775410988172818
147.52610248397846 0.018710123299269077
148.41283854119297 0.019667344552732762
149.30490450831462 0.020625811510113463
150.20233242186552 0.021585562106890274
151.10515451093042 0.022546634347538286
152.01340319831365 0.023509066307042383
152.92711110170296 0.024472896132414504
153.84631103484196 0.0254381620442152
154.77103600870802 0.02640490233807816
155.7013192326973 0.02737315538623834
156.63719411581837 0.02834295963906462
157.57869426789156 0.029314353626595454
158.52585350075543 0.03028737596007862
159.4787058294821 0.031262065333514916
160.43728547359805 0.03223846052520726
161.40162685831342 0.03321660039931022
162.37176461575817 0.03419652390738759
163.34773358622547 0.03517827008997187
164.32956881942366 0.03616187807812902
165.31730557573462 0.037147387095026956
166.31097932747952 0.0381348364575084
167.3106257601937 0.039124265577668745
168.31628077390778 0.04011571396443784
169.32798048443647 0.04110922122516647
170.34576122467647 0.0421048270672177
171.3696595459107 0.0431025712995627
172.3997122191211 0.04410249383438128
173.4359562363094 0.04510463468866743
174.47842881182476 0.04610903398583954
175.52716738370142 0.047115731957355446
176.58220961500274 0.04812476894433467
177.64359339517304 0.049136185399179175
178.71135684139952 0.05015002188720991
179.78553829998066 0.05116631908829784
180.8661763477026 0.05218511779850695
181.95330979322588 0.0532064589317404
183.0469776784784 0.05423038352139222
184.14721928005721 0.05525693272200451
185.2540741106398 0.05628614781093032
186.36758192040273 0.057318070190002
187.4877826984491 0.058352741387205385
188.61471667424502 0.059390203058359625
189.74842431906345 0.06043049698880275
190.8889463474389 0.06147366509508335
192.036323718629 0.06251974942665814
193.19059763808488 0.06356879216759527
194.35180955893202 0.06462083563828418
195.52000118345853 0.06567592229715143
196.69521446461212 0.06673409474238234
197.87749160750795 0.06779539571364938
199.06687507094347 0.06885986809384853
200.26340756892358 0.06981890566695503
201.46713207219463 0.07071164945120659
202.67809180978693 0.07160564127343406
203.89633027056843 0.07250090675021958
205.1218912048058 0.07339747151127869
206.3548186257352 0.07429536120021717
207.59515681114394 0.0751946014752877
208.84295030496014 0.07609521801014554
210.09824391885184 0.0769972364946043
211.36108273383735 0.07790068263539128
212.63151210190378 0.07880558215690298
213.90957764763513 0.07971196080195958
215.19532526985193 0.08061984433256018
216.48880114325885 0.08152925853063732
217.79005172010318 0.0824402291988113
219.09912373184318 0.08335278216114492
220.41606419082555 0.08426694326389726
221.74092039197504 0.08518273837627836
223.07373991449234 0.08610019339120328
224.41457062356196 0.0870193342260458
225.7634606720728 0.08794018682339323
227.12045850234648 0.08886277715180019
228.4856128478766 0.08978713120654261
229.8589727350801 0.09071327501037238
231.24058748505735 0.09164123461427151
232.63050671536263 0.09257103609820642
234.02878034178747 0.09350270557188278
235.43545858015236 0.09443626917550017
236.85059194811026 0.09537175308050676
238.2742312669612 0.09630918349035483
239.7064276634764 0.09724858664125559
241.14723257173577 0.09818998880293514
242.59669773497433 0.09913341627939022
244.05487520743984 0.10007889540964415
245.52181735626348 0.10102645256850344
246.99757686334 0.10197611416731464
248.48220672721865 0.10292790665472101
249.97576026500826 0.10388185651742068
251.47829111429078 0.10483799028092396
252.98985323504803 0.10579633451031205
254.51050091159956 0.1067569158109955
256.0402887545513 0.1077197608294737
257.57927170275826 0.10868489625409446
259.1275050252968 0.10965234881581495
260.6850443234486 0.11062214528895924
262.25194553269915 0.1115943124919859
263.8282649247457 0.11256887728824444
265.4140591095173 0.1135458665867381
267.0093850372096 0.1145253073428905
268.6143000003289 0.11550722655930667
270.2288616357493 0.11649165128653809
271.85312792678394 0.11747860862384797
273.48715720526644 0.11846812571997702
275.1310081536459 0.11946022977390997
276.7847398070945 0.12045494803564308
278.4484115556269 0.12145230780695201
280.1220831462344 0.12245233644216094
281.8058146850299 0.12345506134891235
283.49966663940563 0.12446050998893719
285.2036998402066 0.12546870987882694
286.9179754839138 0.12647968859080558
288.6425551348417 0.1274934737535028
290.3775007273506 0.12851009305272862
292.1228745680697 0.1295295742322479
293.878739338135 0.13055194509455714
295.64515809544076 0.1315772335016611
297.42219427690287 0.13260546737585122
299.20991170073864 0.13363667470048482
301.0083745687581 0.13467088352076534
302.8176474686684 0.13570812194452364
304.63779537639545 0.13674841814300057
306.4688836584164 0.13779180035163072
308.31097807410606 0.13883829687082674
310.16414477810054 0.13988793606676594
312.028450322672 0.14094074637217707
313.9039616601177 0.1419967562871287
315.7907461451666 0.14305599437981892
317.6888715373972 0.14411848928736645
319.5984060036693 0.14518426971660242
321.5194181205763 0.1462533644448645
323.4519768769029 0.14732580232079118
325.3961516761064 0.14840161226511825
327.35201233880804 0.14948082327147658
329.31962910529904 0.15056346440719073
331.2990726380657 0.15164956481407973
333.2904140243255 0.15273915370925897
335.2937247785795 0.15383226038594325
337.3090768451822 0.15492891421425212
339.33654260092464 0.15602914464201667
341.3761948576321 0.15713298119558367
343.42810686478265 0.1582404534806339
345.4923523121332 0.15935159118298103
347.56900533236944 0.16046642406939648
349.6581405037668 0.16158498198841592
351.7598328528678 0.16270729487115548
353.87415785717855 0.16383339273213424
356.00119144787834 0.16496330567008963
358.14101001254517 0.16609706386879972
360.2936903979017 0.1672346975979062
362.45930991257336 0.16837623721373868
364.6379463298641 0.16952171316014106
366.8296778905516 0.17067115596930024
369.03458330569543 0.17182459626257576
371.25274175946316 0.17298206475133154
373.48423291197753 0.17414359223777065
375.72913690217223 0.17530920961576976
377.98753435067414 0.1764789478717178
380.2595063626969 0.17765283808535523
382.5451345309529 0.17883091143061539
384.84450093858516 0.18001319917646852
387.1576881621146 0.1811997326877673
389.484779274404 0.1823905434260942
391.825857847644 0.18358566295061168
394.18100795635314 0.18478512291891383
396.5503141803955 0.1859889550878802
398.93386160802277 0.18719719131453216
401.3317358389242 0.18840986355689107
403.7440229873054 0.18962700387483883
406.170809684979 0.1908486444309804
408.61218308447485 0.19207481749150876
411.06823086217236 0.19330555542707242
413.5390412214477 0.19454089071364447
416.02470289584056 0.19578085593339448
418.52530515224305 0.19702548377556284
421.0409377941043 0.19827480703733685
423.5716911646544 0.19952885862473002
426.1176561501513 0.2007876715534629
428.67892418314347 0.20205127894984728
431.2555872457519 0.20331971405167162
433.8477378729782 0.2045930102090906
436.4554691560215 0.20587120088551528
439.0788747456266 0.20715431965850742
441.7180488554454 0.2084424002206757
444.37308626541903 0.20973547638057385
447.0440823251844 0.21103358206360281
449.7311329574969 0.21233675131291527
452.4343346616744 0.21364501829031854
455.1537845170648 0.2149584172771888
457.8895801865317 0.21627698267538398
460.6418199199595 0.21760074900814882
463.4106025577871 0.21892975092104724
466.19602753455143 0.22026402318286736
468.9981948824612 0.22160360068655505
471.81720523499206 0.22294851845013947
474.6531598304949 0.22429881161765294
477.50616051583603 0.22565451546007245
480.37630975005385 0.22701566537624934
483.26371060803615 0.22838229689384762
486.16846678422513 0.22975444567028433
489.0906825963399 0.23113214749367314
492.03046298912113 0.23251543828377022
494.9879135381031 0.23390435409292426
497.96314045340347 0.23529893110702832
500.9562505835358 0.23669920564647554
503.96735141925217 0.2377599405464868
506.9965510973965 0.2387945834432944
510.0439584047934 0.2398317999101646
513.1096827821533 0.24087160579237035
516.193834328001 0.24191401695184886
519.2965238026325 0.24295904926750422
522.4178626320918 0.24400671863549706
525.5579629121702 0.24505704096954636
528.7169374124356 0.2461100322012244
531.8948995802807 0.2471657082802518
535.0919635449953 0.2482240851747977
538.3082441218688 0.24928517887176832
541.5438568163113 0.2503490053771069
544.7989178279997 0.25141558071608694
548.0735440550574 0.2524849209336058
551.3678530982435 0.2535570420944832
554.6819632651833 0.2546319602837483
558.0159935746146 0.2557096916069381
561.3700637606602 0.2567902521903894
564.7442942771306 0.25787365818153063
568.1388063018495 0.25895992574917953
571.553721741003 0.2600490710838283
574.9891632335208 0.26114111039794113
578.4452541554797 0.2622360599262444
581.9221186245312 0.2633339359260178
585.4198815043657 0.26443475467739036
588.9386684091885 0.265538532483625
592.4786057082373 0.266645285671414
596.0398205303183 0.267755030591169
599.6224407683693 0.2688677836173106
603.2265950840575 0.26998356114856337
606.8524129123971 0.27110237960823935
610.5000244663966 0.2722242554445328
614.169560741738 0.2733492051308089
617.8611535214803 0.2744772451658941
621.57493538079 0.27560839207436383
625.3110396917053 0.2767426624068371
629.0696006279251 0.27788007274025917
632.850753169624 0.27902063967819457
636.6546331083074 0.2801643798511159
640.4813770516793 0.281311309916691
644.3311224285545 0.2824614465600768
648.2040074937928 0.2836148064942006
652.1001713332605 0.2847714064600543
656.0197538688309 0.28593126322697887
659.9628958634062 0.28709439359295924
663.9297389259709 0.28826081438490453
667.920425516682 0.28943054245894106
671.9350989519822 0.2906035947006998
675.9739034097448 0.2917799880256024
680.0369839344585 0.292959739379155
684.1244864424278 0.29414286573722825
688.2365577270172 0.29532938410635035
692.3733454639272 0.29651931152399325
696.5349982164886 0.29771266505886135
700.7216654410056 0.29890946181117695
704.9334974921204 0.30010971891297406
709.1706456282103 0.30131345352837735
713.4332620168249 0.30252068285389627
717.7214997401478 0.30373142411871057
722.0355128004927 0.3049456945849569
726.3754561258381 0.3061635115480219
730.7414855753892 0.30738489233682187
735.1337579451717 0.30860985431409577
739.5524309736719 0.30983841487669184
743.9976633474902 0.31107059145585364
748.4696147070484 0.3123064015175139
752.9684456523206 0.3135458625625735
757.4943177485973 0.31478899212719524
762.0473935322927 0.3160358077830904
766.6278365167805 0.31728632713780525
771.2358111982617 0.3185405678350148
775.871483061679 0.319798547554802
780.5350185866558 0.32106028401395276
785.2265852534737 0.32232579496624175
789.9463515490911 0.32359509820271964
794.6944869731923 0.3248779420273132
799.4711620442708 0.326281890962577
804.2765483057628 0.32769063928210707
809.1108183321957 0.32910421030271686
813.9741457353948 0.33052262740688026
818.8667051707156 0.3319459140431572
823.7886723433126 0.3333740937265999
828.7402240144552 0.33480719003917525
833.7215380078726 0.3362452266301861
838.732793216138 0.3376882272166801
843.7741696070975 0.3391362155838809
848.8458482303312 0.34058921558559657
853.9480112236516 0.3420472511446517
859.0808418196541 0.34351034625329796
864.2445243522853 0.3449785249736479
869.4392442634727 0.3464518114380864
874.6651881097803 0.3479302298497065
879.9225435691066 0.34941380448272213
885.211499447429 0.3509025596829061
890.5322456855827 0.35239651986800363
895.8849733660783 0.3538957095281727
901.2698747199702 0.35540015322639845
906.6871431337571 0.3569098755989359
912.1369731563243 0.35842490135572785
917.6195605059363 0.35994525528084037
923.1351020772624 0.36147096223289876
928.6837959484441 0.36300204714550893
934.2658413882192 0.3645385350277035
939.8814388630644 0.3660804509643624
945.5307900444058 0.3676278201166614
951.2140978158566 0.3691806677224946
956.9315662805013 0.3707390190969239
962.683400768231 0.37230289963260504
968.4698078431142 0.37387233480023707
974.2909953108124 0.37544735014899056
980.1471722260491 0.3770279713069605
986.0385489001142 0.3786142239815948
991.9653369084126 0.3802061339601494
997.9277490980746 0.38180372711011945
1003.9259995955853 0.38340702937969545
1009.9603038144814 0.3850160667981969
1016.0308784630935 0.38663086547653036
1022.1379415523147 0.3882514516076249
1028.2817124034418 0.3898778514668925
1034.4624116560476 0.39151009141266707
1040.6802612759013 0.39314819788665845
1046.9354845629464 0.39479219741440824
1053.2283061593164 0.39644211660573875
1059.5589520574 0.3980979821552026
1065.9276496079622 0.39975982084254114
1072.3346275283077 0.4014276595331455
1078.7801159104883 0.40310152517850095
1085.2643462295803 0.40478144481665823
1091.7875513519796 0.40646744557267955
1098.3499655437793 0.4081595546591117
1104.9518244791764 0.4098577993764334
1111.593365248933 0.4115622071135324
1118.274826368898 0.4132728053481537
1124.9964477885683 0.41498962164737857
1131.7584708997035 0.4167126836680769
1138.5611385450018 0.4184420191573869
1145.4046950268175 0.4201776559531701
1152.289386115931 0.42191962198449406
1159.2154590603818 0.4236679452720886
1166.1831625943455 0.4254226539288325
1173.1927469470604 0.42718377616021036
1180.2444638518275 0.42895134026480264
1187.3385665550347 0.430725374634745
1194.4753098252645 0.4325059077562205
1201.654949962438 0.4342929682099236
1208.8777448070161 0.43608658467154504
1216.1439537492674 0.4378867859122572
1223.4538377385784 0.4396936007991831
1230.8076592928223 0.4415070582958933
1238.2056825077939 0.4433271874628756
1245.64817306669 0.4451540174580345
1253.1353982496464 0.44698757753716395
1260.6676269433497 0.4488278970544489
1268.2451296506765 0.4506750054629404
1275.8681785004221 0.4525289323150609
1283.537047257068 0.4543897072630807
1291.2520113306095 0.4562573600596268
1299.0133477864545 0.4581319205581617
1306.8213353553695 0.4600134187134952
1314.676254443486 0.4619018845822654
1322.5783871423782 0.46379734832345354
1330.52801723919 0.4656998401988706
1338.5254302268222 0.4676093905736637
1346.5709133141938 0.4695260299168251
1354.6647554365522 0.4714497888016835
1362.8072472658441 0.473380697906422
1370.9986812211696 0.47531878801458083
1379.2393514792643 0.4772640900155608
1387.5295539850797 0.47921663490513755
1395.8695864624046 0.48117645378597906
1404.2597484245548 0.4831435778681445
1412.700341185136 0.4851180384696148
1421.1916678688622 0.48709986701679203
1429.7340334224361 0.4890890950450331
1438.3277446255104 0.4910857541991526
1446.9731101016991 0.49308987623395906
1455.6704403296576 0.4951014930147606
1464.4200476542464 0.49712063651790545
1473.222246297731 0.4991473388312911
1482.0773523710743 0.501181632154898
1490.9856838852984 0.5032235488013216
1499.9475607628858 0.5052731211962979
1508.9633048492847 0.5073303818792281
1518.0332399244624 0.509395363503726
1527.157691714527 0.5114680988381383
1536.3369879034358 0.5135486207660859
1545.571458144758 0.5156369622870087
1554.8614340735087 0.51773315651669
1564.2072493180685 0.5198372366878133
1573.6092395121602 0.5219492361504893
1583.0677423068953 0.5240691883728157
1592.5830973829193 0.5261971269414067
1602.155646462586 0.5283330855619579
1611.7857333222487 0.530477098059777
