2024/2024PhRvD.110f3034A/VER-Figure_4_UHDM_radius_ee.ecsv
# %ECSV 1.0
# ---
# datatype:
# - {name: mass, unit: GeV, datatype: float64}
# - {name: radius, unit: fm, datatype: float64}
# schema: astropy-2.0
mass radius
[from data line 424]
1065.9276496079622 0.8377267557959289
1072.3346275283077 0.8413446975480912
1078.7801159104883 0.8449772942918111
1085.2643462295803 0.8486246110340335
1091.7875513519796 0.852286713035029
1098.3499655437793 0.8559636658095908
1104.9518244791764 0.8596555351282352
1111.593365248933 0.8633623870183758
1118.274826368898 0.8670842877655304
1124.9964477885683 0.8708213039145368
1131.7584708997035 0.8745735022707332
1138.5611385450018 0.8783409499012002
1145.4046950268175 0.8821237141359507
1152.289386115931 0.8859218625691614
1159.2154590603818 0.8897354630604085
1166.1831625943455 0.8935645837358754
1173.1927469470604 0.8974092929895983
1180.2444638518275 0.9012696594847136
1187.3385665550347 0.9051457521546806
1194.4753098252645 0.9090376402045405
1201.654949962438 0.9129453931121772
1208.8777448070161 0.9168690806295501
1216.1439537492674 0.9208087727839849
1223.4538377385784 0.9247645398794132
1230.8076592928223 0.9287364524976537
1238.2056825077939 0.9327245814997008
1245.64817306669 0.93672899802698
1253.1353982496464 0.9407497735026451
1260.6676269433497 0.9447869796328803
1268.2451296506765 0.9488406884081652
1275.8681785004221 0.9529109721046073
1283.537047257068 0.9569979032852188
1291.2520113306095 0.9611015548012354
1299.0133477864545 0.9652219997934443
1306.8213353553695 0.9693593116934772
1314.676254443486 0.9735135642251486
1322.5783871423782 0.9776848314057931
1330.52801723919 0.9818731875475782
1338.5254302268222 0.986078707258853
1346.5709133141938 0.990301465445506
1354.6647554365522 0.9945415373122869
1362.8072472658441 0.9987989983641756
1370.9986812211696 1.003073924407752
1379.2393514792643 1.0073663915525317
1387.5295539850797 1.0116764762123682
1395.8695864624046 1.0160042551067983
1404.2597484245548 1.0203498052624362
1412.700341185136 1.024713204014368
1421.1916678688622 1.0290945290075186
1429.7340334224361 1.0334938581980604
1438.3277446255104 1.0379112698548252
1446.9731101016991 1.0423468425606872
1455.6704403296576 1.0468006552139844
1464.4200476542464 1.0512727870299512
1473.222246297731 1.05576331754211
1482.0773523710743 1.0602723266037322
1490.9856838852984 1.0647998943892434
1499.9475607628858 1.0693461013956738
1508.9633048492847 1.0739110284441156
1518.0332399244624 1.0784947566811482
1527.157691714527 1.0830973675803044
1536.3369879034358 1.0877189429435474
1545.571458144758 1.0923595649027091
1554.8614340735087 1.097019315920977
1564.2072493180685 1.1016982787943848
1573.6092395121602 1.106396536653265
1583.0677423068953 1.111114172963775
1592.5830973829193 1.1158512715293611
1602.155646462586 1.1206079164922713
1611.7857333222487 1.1253841923350776
1621.4737038045994 1.1301801838821621
1631.219905831084 1.1349959763012458
1641.0246894144066 1.139831655104932
1650.8884066710953 1.1446873061521998
1660.811411834142 1.1495630156499819
1670.7940612657342 1.1544588701546703
1680.8367134700475 1.1593749565736815
1690.9397291061157 1.164311362167025
1701.1034710007934 1.169268174548834
1711.328304161781 1.174245481688948
1721.6145957907256 1.179243371914498
1731.9627152964279 1.1842619339114595
1742.3730343080842 1.1893012567262493
1752.8459266886514 1.194361429767333
1763.3817685482675 1.1994425428067879
1773.9809382577516 1.2045446859819462
1784.6438164622052 1.2096679497969718
1795.3707860946747 1.2148124251244894
1806.1622323898998 1.2199782032072237
1817.018542898158 1.2251653756595993
1827.9401074991779 1.23037403446939
1838.9273184161332 1.2356042719993772
1849.9805702297488 1.240856180988962
1861.1002598924451 1.2461298545558621
1872.286786742615 1.251425386197738
1883.540552518957 1.256742869793874
1894.861961374896 1.262082399606872
1906.251419893112 1.2674440702843004
1917.7093371001329 1.2728279768603954
1929.236124481019 1.2782342147577763
1940.8321959941527 1.2836628797891068
1952.4979680860986 1.2891140681588462
1964.233859706553 1.2945878764649277
1976.040292323402 1.3000844017004973
1987.917689937851 1.3056037412556545
1999.8664790996445 1.3111459929191618
2011.8870889224058 1.3167112548801982
2023.9799510990201 1.3222996257301278
2036.1454999171604 1.3279112044642165
2048.3841722748743 1.3335460904834404
2060.6964076962695 1.3392043835962164
2073.0826483473106 1.3448861840201978
2085.5433390516914 1.3505915923840743
2098.078927306804 1.356320709729331
2110.6898632998223 1.3620736375120643
2123.376599923863 1.3678504776048033
2136.1395927942413 1.373651332298292
2148.979300264858 1.3794763043033234
2161.8961834446313 1.3853254967525872
2174.8907062140693 1.3911990132024643
2187.963335241943 1.397096957634915
2201.114540002016 1.403019434459288
2214.3447927899315 1.4089665485141958
2227.6545687401613 1.4149384050693974
2241.0443458430645 1.4209351098276346
2254.5146049620676 1.426956768926529
2268.0658298509243 1.4330034889404912
2281.6985071710847 1.4390753768825717
2295.4131265091837 1.4451725402063917
2309.210180394618 1.4512950868080625
2323.0901643172247 1.4574431250280677
2337.0535767451 1.463616763653232
2351.1009191424705 1.4698161119186177
2365.232695987726 1.4760412795094793
2379.4494147915266 1.482292376563233
2393.751586115023 1.4885695136713766
2408.139723588208 1.494872801881474
2422.6143439283514 1.5012023526991451
2437.1759669585513 1.5075582780900085
2451.8251156264187 1.513940690481691
2466.5623160228474 1.5203497027658426
2481.3880974009026 1.526785428300103
2496.302992194841 1.5332479809101336
2511.3075360392254 1.5397374748916588
2526.4022677881508 1.5462540250124486
2541.5877295346236 1.55279774651441
2556.8644666299933 1.559368755115586
2572.2330277035676 1.5659671670122288
2587.693964682303 1.572593098880884
2603.2478328106185 1.5792466678804198
2618.8951906703533 1.585927991654128
2634.636600200817 1.5926371883318273
2650.4726267189644 1.5993743765319208
2666.40383893971 1.6061396753635448
2682.4308089963497 1.6129332044286437
2698.5541124610913 1.6197550838241044
2714.7743283657587 1.6266054341439133
2731.0920392225453 1.6334843764812499
2747.507831044966 1.6403920324306596
2764.022293368892 1.6473285240902251
2780.63601927371 1.6542939740636982
2797.3496054036445 1.6612885054626867
2814.16365198917 1.6683122419088632
2831.0787628685634 1.6753653075361077
2848.095545509605 1.6824478269927636
2865.2146110313834 1.6895599254437978
2882.436574226238 1.6967017285730428
2899.7620535818514 1.7038733625854434
2917.191671303455 1.7110749542092545
2934.7260533361614 1.718306630698305
2952.3658293874746 1.725568519834276
2970.111632949866 1.7328607499289177
2987.964101323556 1.740183449826376
3005.9238756393884 1.7475367489054299
3023.9916008818477 1.7549207770818032
3042.16792591224 1.7623356648104858
3060.4535034919863 1.7697815430880104
3078.848990306054 1.7772585434547818
3097.355046986562 1.7847667979974418
3115.9723381364934 1.7923064393511556
3134.701532353552 1.79987760070199
3153.5433022542097 1.80748041578929
3172.498324497815 1.8151150189079988
3191.567279810932 1.822781544911093
3210.750853011761 1.8304801292119204
3230.0497330347525 1.8382109077866209
3249.4646129553353 1.845974017176555
3268.9961900148155 1.8537695944906778
3288.6451656454014 1.8615977774079884
3308.4122454954145 1.869458704179991
3328.2981394546205 1.8773525136330966
3348.3035616797138 1.8852793451711038
3368.429230619986 1.8932393387776894
3388.6758690431116 1.901232635018832
3409.0442040611138 1.9092593750453626
3429.5349671564613 1.9173197005954092
3450.1488942083597 1.9254137539969278
3470.8867255191653 1.9335416781702446
3491.749205840977 1.9417036166305395
3512.7370844023703 1.9498997134904092
3533.8511149353226 1.9581301134624398
3555.092055702274 1.9663949618617216
3576.4606695233465 1.9746944046084431
3597.95772380376 1.983028588230498
3619.5839905613784 1.9913976598660201
3641.340246454442 1.9998017672660522
3663.227272809444 2.0082410587971027
3685.245855649213 2.0167156834437945
3707.39678572113 2.0252257908115263
3729.680858525515 2.033771531129069
3752.0988743442176 2.0423530552512457
3774.651638269343 2.050970514661629
3797.3399602321724 2.0596240614751675
3820.164655032234 2.0683138484409014
3843.126542366588 2.07704002894469
3866.226446859255 2.085802757011866
3889.4651980908125 2.0946021873100245
3912.8436306282183 2.1034384751517017
3936.362584054762 2.112311776497145
3960.0229030002256 2.121222247957095
3983.8254371712005 2.130170046795508
4007.771041381626 2.1391553309323577
4031.8605755834797 2.148178258946455
4056.0949048976418 2.157238990078201
4080.4748996449944 2.166337684232424
4105.001435377659 2.1754745019812396
4129.675392910446 2.18464960456682
4154.497658352475 2.1938631539043216
4179.469123139017 2.2031153125846807
4204.5906840635 2.2124062438775165
4229.8632433097 2.221736111734043
4255.287708484168 2.231105080789913
4280.86499264881 2.2405133163681548
4306.596014353677 2.249960984482122
4332.481697669946 2.2594482518383634
4358.522972223126 2.268975285839643
4384.720773226429 2.2785422545878316
4411.0760415143595 2.2881493268869084
4437.589723576493 2.2977966722459713
4464.262771591486 2.307484460882173
4491.096143461262 2.3172128637237615
4518.090802845398 2.3269820524131237
4545.24771919576 2.336792199309768
4572.567867791298 2.346643477493391
4600.052229773084 2.3565360607669685
4627.701792179526 2.3664701236597576
4655.517547981842 2.3764458414304586
4683.500496119711 2.3864633900702406
4711.65164153713 2.396522946305884
4739.9719952185305 2.4066246876029265
4768.462574225075 2.416768792168744
4797.124401731182 2.426955438955727
4825.958507061258 2.437184807664468
4854.965925726691 2.4474570787468712
4884.147699463024 2.4577724334094153
4913.50487626735 2.4681310536162866
4943.038510435979 2.478533122092623
4972.749662602285 2.4889788223277707
5002.6393997748 2.4994683385784637
5032.7087953755145 2.5100018558721096
5062.95892927846 2.5205795600100886
5093.39088784847 2.5312016375709705
5124.0057639802 2.541868275913843
5154.80465713736 2.5525796631816506
5185.788673392229 2.563335988304445
5216.95892546536 2.574137441002803
5248.316532765531 2.5849842117911064
5279.862621429967 2.5958764919809307
5311.5983243647715 2.606814473684468
5343.524781285619 2.618043048025902
5375.643138758663 2.629979356058761
5407.954550241745 2.641969879937815
5440.460176125804 2.6540148671378967
5473.1611837765295 2.6661145662561556
5506.058747576323 2.678269227017224
5539.154048966445 2.690479100278296
5572.44827648946 2.702744438034396
5605.9426258318945 2.7150654934234955
5639.638299867212 2.727442520731823
5673.536508698996 2.7398757753990344
5707.6384697043895 2.7523655140235666
5741.945407577849 2.764911994367854
5776.458554375106 2.7775154753637374
5811.179149557418 2.7901762171177293
5846.108440036067 2.802894480916423
5881.247680217167 2.8156705292319044
5916.598132046701 2.8285046257271538
5952.161065055818 2.8413970352614624
5987.937756406465 2.854348023895926
6023.929490937231 2.867357858898972
6060.1375612094935 2.8804268087517935
6096.56326755382 2.893555143153993
6133.207918116704 2.9067431330290483
6170.07282890752 2.919991050530002
6207.15932384577 2.9332991690449894
6244.468734808668 2.9466677632029734
6282.002401678942 2.96009710887932
6319.76167239297 2.973587483201589
6357.7479029891565 2.987139164555172
6395.962457656678 3.000752432589074
6434.406708784444 3.0144275682217097
6473.082037010396 3.0281648536466816
6511.989831271063 3.0419645723385806
6551.131488851486 3.0558270090588557
6590.508415435376 3.0697524498617392
6630.122025155574 3.0837411821000567
6669.973740644879 3.0977934944312633
6710.064993087111 3.1119096768233008
6750.397222268523 3.126090020560683
6790.971876629478 3.1403348182504063
6831.79041331651 3.154644363828094
6872.854298234633 3.1690189525639734
6914.165006099963 3.183458881069005
6955.724020492725 3.197964447301053
6997.532833910498 3.2125359505709326
7039.592947821838 3.227173691548702
7081.905872720159 3.2418779722697595
7124.473128178034 3.2566490961411834
7167.296242901739 3.2714873679478895
7210.376754786132 3.2863930938590262
7253.716210969926 3.3013665814341895
7297.316167891224 3.3164081396298766
7341.17819134343 3.3315180788057552
7385.303856531446 3.3466967107311794
7429.694748128295 3.361944348591513
7474.352460331992 3.377261306994701
7519.278596922819 3.3926479019776763
7564.474771320885 3.4081044510129095
7609.942606644117 3.4236312730150154
7655.683735766527 3.43922868834723
7701.69980137683 3.4548970188281376
7747.992456037481 3.470636587738197
7794.563362243999 3.486447719826532
7841.41419248468 3.5023307413175147
7888.546629300633 3.518285979917615
7935.9623653462495 3.5343137648220466
7983.6631034499715 3.5504144267216797
8031.650556675418 3.5665882978097487
8079.926448382952 3.582835711788821
8128.492512291544 3.59915700387757
8177.350492541047 3.615552510817811
8226.5021437548 3.6320225708813463
8275.949231102697 3.64856752387699
8325.693530364542 3.6651877111576256
8375.736827993813 3.681883475627146
8426.080921181852 3.698655161747648
8476.727617922388 3.715503115546425
8527.678737076474 3.7324276846232243
8578.93610843778 3.7494292181573017
8630.50157279835 3.7665080669147453
8682.37698201469 3.783664583255613
8734.564199074248 3.800899121141241
8787.065098162362 3.8182120361415883
8839.881564729545 3.835603685442539
8893.015495559204 3.85307442785324
8946.46879883573 3.870624623813538
9000.243394213072 3.888254635401467
9054.341212883659 3.9059648263406066
9108.764197647724 3.9237555620077105
9163.514302983125 3.9416272094401323
9218.593495115503 3.959580137343509
9274.003752088918 3.9776147160992528
9329.747063836838 3.9957313177723237
9385.825432253667 4.013930316118768
9442.240871266598 4.032212086593568
9498.99540690796 4.050577006358275
9556.091077387937 4.069025454288836
9613.529933167822 4.087557810983467
9671.314037033631 4.106174458770386
9729.445464170156 4.124875781715837
9787.926302235534 4.143662165631879
9846.7586514362 4.162533998084486
9905.944624602318 4.181491668401406
9965.48634726363 4.200535567680324
10025.385957725844 4.21966608879681
10085.645607147353 4.2388836264125445
10146.267459616598 4.258188576983341
10207.253692229657 4.277581338767452
10268.606495168497 4.297062311833654
10330.328071779682 4.31663189806964
10392.420638653392 4.336290501190188
10454.886425703065 4.356038526745543
10517.727676245571 4.375876382129845
10580.946647081628 4.395804476589399
10644.545608576918 4.415823221231269
10708.52684474367 4.435933029031618
10772.892653322664 4.456134314844365
10837.645345865589 4.4764274954096095
10902.787247818324 4.496812989362369
10968.3206986043 4.517291217241069
11034.248051708491 4.537862601496375
11100.571674761977 4.55852756649975
11167.29394962704 4.579286538552367
11234.417272482566 4.6001399458937735
11301.94405391017 4.621088218710775
11369.876718980839 4.642131789146377
11438.21770734187 4.663271091308562
11506.96947330457 4.684506561279402
11576.13448593246 4.705838637123899
11645.715229129803 4.727267758899182
11715.714201730882 4.748794368663425
11786.133917589808 4.770418910485128
11856.976905670665 4.79214183045214
11928.24571013839 4.81396357668092
11999.942890450224 4.8358845993258255
12072.07102144748 4.857905350588355
12144.632693448086 4.880026284726422
12217.630512339681 4.902247858063868
12291.06709967306 4.924570528999729
12364.945092756387 4.946994758017761
12439.267144749956 4.969521007695975
12514.035924761462 4.992149742716148
12589.254117941662 5.014881429873357
