2024/2024PhRvD.110f3034A/VER-Figure_4_UHDM_radius_gamma.ecsv
# %ECSV 1.0
# ---
# datatype:
# - {name: mass, unit: GeV, datatype: float64}
# - {name: radius, unit: fm, datatype: float64}
# schema: astropy-2.0
mass radius
[from data line 421]
1631.219905831084 0.5347894205898921
1641.0246894144066 0.5369577988758868
1650.8884066710953 0.5391343675476568
1660.811411834142 0.5413191610369231
1670.7940612657342 0.5435122138983507
1680.8367134700475 0.5457135608101261
1690.9397291061157 0.5479232365745039
1701.1034710007934 0.5501412761183885
1711.328304161781 0.552367714493885
1721.6145957907256 0.554602586878874
1731.9627152964279 0.5568459285775895
1742.3730343080842 0.5590977750211736
1752.8459266886514 0.5613581617682686
1763.3817685482675 0.5636271245055754
1773.9809382577516 0.5659046990484475
1784.6438164622052 0.5681909213414527
1795.3707860946747 0.5704858274589727
1806.1622323898998 0.5727894536057669
1817.018542898158 0.5751018361175761
1827.9401074991779 0.5774230114616908
1838.9273184161332 0.5797530162375578
1849.9805702297488 0.5820918871773519
1861.1002598924451 0.5844396611465879
1872.286786742615 0.5867963751446946
1883.540552518957 0.5891620663056317
1894.861961374896 0.5915367718984679
1906.251419893112 0.5939205293279993
1917.7093371001329 0.5963133761353342
1929.236124481019 0.5987153499985148
1940.8321959941527 0.6011264887331051
1952.4979680860986 0.603546830292817
1964.233859706553 0.6059764127701046
1976.040292323402 0.6084152743967824
1987.917689937851 0.6108634535446481
1999.8664790996445 0.6134029116313877
2011.8870889224058 0.616084054785241
2023.9799510990201 0.6187763931969382
2036.1454999171604 0.6214799766836128
2048.3841722748743 0.624194855265233
2060.6964076962695 0.6269210791655326
2073.0826483473106 0.6296586988129534
2085.5433390516914 0.6324077648415938
2098.078927306804 0.6351683280921373
2110.6898632998223 0.6379404396128217
2123.376599923863 0.6407241506603703
2136.1395927942413 0.6435195127009702
2148.979300264858 0.646326577411211
2161.8961834446313 0.6491453966790689
2174.8907062140693 0.6519760226048549
2187.963335241943 0.6548185075022057
2201.114540002016 0.6576729038990383
2214.3447927899315 0.6605392645385508
2227.6545687401613 0.6634176423801827
2241.0443458430645 0.6663080906006243
2254.5146049620676 0.6692106625947851
2268.0658298509243 0.67212541197681
2281.6985071710847 0.6750523925810558
2295.4131265091837 0.677991658463116
2309.210180394618 0.6809432639008041
2323.0901643172247 0.6839072633951868
2337.0535767451 0.6868837116715759
2351.1009191424705 0.6898726636805688
2365.232695987726 0.6928741745990475
2379.4494147915266 0.6958882998312295
2393.751586115023 0.6989150950096729
2408.139723588208 0.701954615996336
2422.6143439283514 0.7050069188835948
2437.1759669585513 0.7080720599952939
2451.8251156264187 0.7111500958878032
2466.5623160228474 0.7142410833510476
2481.3880974009026 0.717345079409586
2496.302992194841 0.7204621413236475
2511.3075360392254 0.7235923265902175
2526.4022677881508 0.7267356929440836
2541.5877295346236 0.7298922983589303
2556.8644666299933 0.7330622010483918
2572.2330277035676 0.7362454594671569
2587.693964682303 0.7394421323120297
2603.2478328106185 0.7426522785230437
2618.8951906703533 0.745875957284531
2634.636600200817 0.7491132280262445
2650.4726267189644 0.7523641504244373
2666.40383893971 0.7556287844029917
2682.4308089963497 0.7589071901345089
2698.5541124610913 0.762199428041448
2714.7743283657587 0.7655055587972224
2731.0920392225453 0.768825643327348
2747.507831044966 0.7721597428105506
2764.022293368892 0.7755079186799215
2780.63601927371 0.7788702326240341
2797.3496054036445 0.7822467465881103
2814.16365198917 0.7856375227751436
2831.0787628685634 0.7890426236470769
2848.095545509605 0.7924621119259347
2865.2146110313834 0.7958960505950097
2882.436574226238 0.7993445029000066
2899.7620535818514 0.802807532350224
2917.191671303455 0.8062852027197391
2934.7260533361614 0.8097775780485668
2952.3658293874746 0.8132847226438702
2970.111632949866 0.8168067010811254
2987.964101323556 0.8203435782053394
3005.9238756393884 0.8238954191322406
3023.9916008818477 0.8274622892494765
3042.16792591224 0.831044254217831
3060.4535034919863 0.8346413799724484
3078.848990306054 0.8382537327240299
3097.355046986562 0.8418813789600862
3115.9723381364934 0.8455243854461375
3134.701532353552 0.849182819226979
3153.5433022542097 0.8528567476278898
3172.498324497815 0.8566900939088986
3191.567279810932 0.8606642018931309
3210.750853011761 0.8646563963332576
3230.0497330347525 0.8686667616104425
3249.4646129553353 0.8726953824870208
3268.9961900148155 0.8767423441083055
3288.6451656454014 0.8808077320044023
3308.4122454954145 0.8848916320919947
3328.2981394546205 0.8889941306761939
3348.3035616797138 0.8931153144523407
3368.429230619986 0.8972552705078524
3388.6758690431116 0.9014140863240775
3409.0442040611138 0.9055918497781275
3429.5349671564613 0.9097886491447473
3450.1488942083597 0.9140045730981953
3470.8867255191653 0.9182397107140959
3491.749205840977 0.9224941514713545
3512.7370844023703 0.926767985254025
3533.8511149353226 0.9310613023532253
3555.092055702274 0.9353741934690576
3576.4606695233465 0.9397067497125081
3597.95772380376 0.9440590626073844
3619.5839905613784 0.9484312240922658
3641.340246454442 0.9528233265224249
3663.227272809444 0.9572354626717942
3685.245855649213 0.961667725734941
3707.39678572113 0.9661202093290154
3729.680858525515 0.9705930074957435
3752.0988743442176 0.9750862147034294
3774.651638269343 0.9795999258489252
3797.3399602321724 0.9841342362596711
3820.164655032234 0.9886892416956842
3843.126542366588 0.9932650383515963
3866.226446859255 0.9978617228587002
3889.4651980908125 1.0024793922869712
3912.8436306282183 1.0071181441471302
3936.362584054762 1.0117780763927202
3960.0229030002256 1.0164592874221527
3983.8254371712005 1.0211618760808008
4007.771041381626 1.0258859416631037
4031.8605755834797 1.0306315839146392
4056.0949048976418 1.0353989030342476
4080.4748996449944 1.040187999676162
4105.001435377659 1.044998974952107
4129.675392910446 1.0498319304334718
4154.497658352475 1.0546869681534268
4179.469123139017 1.0595641906090936
4204.5906840635 1.0644637007637265
4229.8632433097 1.0693856020488612
4255.287708484168 1.074329998366516
4280.86499264881 1.0792969940914006
4306.596014353677 1.0842866940730924
4332.481697669946 1.089299203638287
4358.522972223126 1.0943346285929951
4384.720773226429 1.0993930752247907
4411.0760415143595 1.1044746503050724
4437.589723576493 1.1095794610912915
4464.262771591486 1.114707615329234
4491.096143461262 1.1198592212553111
4518.090802845398 1.125034387598813
4545.24771919576 1.130233223584245
4572.567867791298 1.1354558389336034
4600.052229773084 1.140702343868707
4627.701792179526 1.1459728491135404
4655.517547981842 1.1512674658965658
4683.500496119711 1.1565863059530874
4711.65164153713 1.1619294815276255
4739.9719952185305 1.1672971053762613
4768.462574225075 1.1726892907690303
4797.124401731182 1.1781061514923348
4825.958507061258 1.1835478018513075
4854.965925726691 1.1890143566722704
4884.147699463024 1.194505931305125
4913.50487626735 1.2000226416258015
4943.038510435979 1.2055646040387238
4972.749662602285 1.211131935479238
5002.6393997748 1.2167247534160963
5032.7087953755145 1.2223431758539547
5062.95892927846 1.2279873213358288
5093.39088784847 1.2336573089456393
5124.0057639802 1.2393532583106908
5154.80465713736 1.2450752896042123
5185.788673392229 1.2508235235479144
5216.95892546536 1.256598081414503
5248.316532765531 1.2623990850302602
5279.862621429967 1.2682266567776286
5311.5983243647715 1.2740809195977632
5343.524781285619 1.2799619969931655
5375.643138758663 1.2858700130302585
5407.954550241745 1.2918050923420183
5440.460176125804 1.2977673601306245
5473.1611837765295 1.3037569421700712
5506.058747576323 1.3097739648088378
5539.154048966445 1.3158185549725725
5572.44827648946 1.3218908401667422
5605.9426258318945 1.327990948479338
5639.638299867212 1.3341190085835974
5673.536508698996 1.340275149740687
5707.6384697043895 1.346459501802448
5741.945407577849 1.3526721952141547
5776.458554375106 1.3589133610172293
5811.179149557418 1.365183130852052
5846.108440036067 1.3714816369607004
5881.247680217167 1.3778090121897602
5916.598132046701 1.3841653899931436
5952.161065055818 1.3905509044348738
5987.937756406465 1.3969656901919312
6023.929490937231 1.4034098825571135
6060.1375612094935 1.4098836174418568
6096.56326755382 1.4163870313791214
6133.207918116704 1.4229202615262913
6170.07282890752 1.4294834456680339
6207.15932384577 1.436076722219224
6244.468734808668 1.4427002302278866
6282.002401678942 1.449354109378084
6319.76167239297 1.4560384999929181
6357.7479029891565 1.4627535430374452
6395.962457656678 1.4694993801216694
6434.406708784444 1.4762761535035511
6473.082037010396 1.4830840060919714
6511.989831271063 1.4899230814497657
6551.131488851486 1.4967935237967716
6590.508415435376 1.5036954780128298
6630.122025155574 1.5106290896408905
6669.973740644879 1.5175945048900408
6710.064993087111 1.5245918706386083
6750.397222268523 1.531621334437279
6790.971876629478 1.538683044512174
6831.79041331651 1.5457771497679937
6872.854298234633 1.5529037997911814
6914.165006099963 1.560063144853032
6955.724020492725 1.5672553359129155
6997.532833910498 1.574480524621417
7039.592947821838 1.5817388633235545
7081.905872720159 1.5890305050620133
7124.473128178034 1.596355603580335
7167.296242901739 1.6037143133261802
7210.376754786132 1.6111067894546098
7253.716210969926 1.6185331878313143
7297.316167891224 1.625993665035924
7341.17819134343 1.6334883783653318
7385.303856531446 1.6410174858369648
7429.694748128295 1.6485811461921709
7474.352460331992 1.6561795188995214
7519.278596922819 1.663812764158194
7564.474771320885 1.671481042901372
7609.942606644117 1.6791845167996
7655.683735766527 1.6869233482642139
7701.69980137683 1.6946977004507857
7747.992456037481 1.7025077372625264
7794.563362243999 1.7103536233537615
7841.41419248468 1.7182355241334268
7888.546629300633 1.726153605768506
7935.9623653462495 1.7341080351875942
7983.6631034499715 1.7425075137139785
8031.650556675418 1.7510221796746064
8079.926448382952 1.7595783063947354
8128.492512291544 1.7681760966297329
8177.350492541047 1.7768157541212968
8226.5021437548 1.7854974836022863
8275.949231102697 1.794221490801573
8325.693530364542 1.8029879824489186
8375.736827993813 1.8117971662798718
8426.080921181852 1.820649251040697
8476.727617922388 1.8295444464933086
8527.678737076474 1.8384829634202855
8578.93610843778 1.8474650136297797
8630.50157279835 1.856490809960645
8682.37698201469 1.8655605662873973
8734.564199074248 1.8746744975253207
8787.065098162362 1.8838328196355547
8839.881564729545 1.893035749630212
8893.015495559204 1.9022835055775222
8946.46879883573 1.9115763066069988
9000.243394213072 1.920914372914634
9054.341212883659 1.930297925768117
9108.764197647724 1.9397271875120772
9163.514302983125 1.9492023815733541
9218.593495115503 1.9587237324662936
9274.003752088918 1.9682914657980664
9329.747063836838 1.9779058082740162
9385.825432253667 1.9875669877030322
9442.240871266598 1.9972752330029413
9498.99540690796 2.0070307742059614
9556.091077387937 2.0168338424641084
9613.529933167822 2.0266846700547063
9671.314037033631 2.0365834903858793
9729.445464170156 2.0465305380020884
9787.926302235534 2.056526048589688
9846.7586514362 2.066570258982509
9905.944624602318 2.076663407167474
9965.48634726363 2.0868057322902365
10025.385957725844 2.0969974746608457
10085.645607147353 2.107238875759445
10146.267459616598 2.1175301782419926
10207.253692229657 2.127871625946011
10268.606495168497 2.1382634638963647
10330.328071779682 2.148705938311071
10392.420638653392 2.159199296607129
10454.886425703065 2.1697437874063783
10517.727676245571 2.1803396605414296
10580.946647081628 2.1909871670615026
10644.545608576918 2.201686559238449
10708.52684474367 2.212438090572727
10772.892653322664 2.2232420157993666
10837.645345865589 2.234098590894002
10902.787247818324 2.245008073079017
10968.3206986043 2.2559707208295463
11034.248051708491 2.26698679387965
11100.571674761977 2.2780565532284593
11167.29394962704 2.289180261146355
11234.417272482566 2.300358181181191
11301.94405391017 2.3115905781645285
11369.876718980839 2.322877718217924
11438.21770734187 2.3342198687592246
11506.96947330457 2.345617298508908
11576.13448593246 2.3570702774964523
11645.715229129803 2.3685790770667303
11715.714201730882 2.380143969886432
11786.133917589808 2.391765229950565
11856.976905670665 2.4034431325888943
11928.24571013839 2.4151779544724588
11999.942890450224 2.4269699736202157
12072.07102144748 2.438819469405529
12144.632693448086 2.4507267225628366
12217.630512339681 2.462692015194297
12291.06709967306 2.474715630776467
12364.945092756387 2.4867978541670235
12439.267144749956 2.4989389716115102
12514.035924761462 2.5111392707501223
12589.254117941662 2.523399040624521
