2024/2024PhRvD.110f3034A/VER-Figure_4_UHDM_radius_tt.ecsv
# %ECSV 1.0
# ---
# datatype:
# - {name: mass, unit: GeV, datatype: float64}
# - {name: radius, unit: fm, datatype: float64}
# schema: astropy-2.0
mass radius
117.48163174600506 1e-05
117.48163174600506 3.334976290113852e-05
118.18777931701483 0.0009902037197981259
118.89817133359976 0.001946524653966786
119.61283330787528 0.002902343829706885
120.33179090530263 0.003857692476615144
121.0550699456102 0.004812601790619115
121.78269640372162 0.005767102935004317
122.51469641068807 0.00672122704144454
123.2510962546265 0.007675005211025103
123.99192238166435 0.008628468515270632
124.73720139688896 0.00958164799716508
125.48696006530267 0.01053457467217583
126.24122531278474 0.0114872795292713
127.00002422705785 0.012439793531942054
127.76338405866107 0.013392147619215087
128.53133222192855 0.014344372706672668
129.30389629597354 0.015296499687463272
130.08110402567968 0.016248559433318183
130.8629833226969 0.017200582795560002
131.64956226644347 0.0181526006061159
132.44086910511524 0.019104643678524352
133.23693225669962 0.020056742808946024
134.03778030999575 0.021008928777167358
134.8434420256422 0.021961232347609997
135.65394633714894 0.022913684270332003
136.46932235193694 0.023866315282034783
137.28959935238342 0.02481915610706259
138.11480679687287 0.025772237458406986
138.94497432085598 0.026725590038704863
139.78013173791342 0.027679244541241158
140.62030904082604 0.02863323165094417
141.46553640265304 0.02958758204538738
142.31584417781485 0.03054232639578338
143.1712629031831 0.03149749536798143
144.03182329917797 0.03245311962346463
144.89755627087106 0.033409229820341654
145.76849290909482 0.03436585661434419
146.64466449156004 0.03532303065981735
147.52610248397846 0.03628078261071587
148.41283854119297 0.03723914312159279
149.30490450831462 0.038198142848595004
150.20233242186552 0.039157812450450406
151.10515451093042 0.040118182589462675
152.01340319831365 0.0410792839324977
152.92711110170296 0.04204114715197668
153.84631103484196 0.04300380292686242
154.77103600870802 0.04396728194365163
155.7013192326973 0.04493161489735982
156.63719411581837 0.04589683249251362
157.57869426789156 0.0468629654441352
158.52585350075543 0.047830044478733263
159.4787058294821 0.04879810033528774
160.43728547359805 0.04976716376624036
161.40162685831342 0.05073726553847848
162.37176461575817 0.05170843643432593
163.34773358622547 0.052680707252526326
164.32956881942366 0.053654108809233964
165.31730557573462 0.05462867193899709
166.31097932747952 0.055604427495748524
167.3106257601937 0.05658140635378919
168.31628077390778 0.057559639408779034
169.32798048443647 0.058539157578720226
170.34576122467647 0.05951999180494877
171.3696595459107 0.060502173053117995
172.3997122191211 0.06148573231419026
173.4359562363094 0.06247070060542116
174.47842881182476 0.06345710897135151
175.52716738370142 0.06444498848479227
176.58220961500274 0.06543437024781729
177.64359339517304 0.06642528539274847
178.71135684139952 0.06741776508314974
179.78553829998066 0.06841184051481351
180.8661763477026 0.06940754291675245
181.95330979322588 0.07040490355219212
183.0469776784784 0.07140395371956108
184.14721928005721 0.07240472475348214
185.2540741106398 0.07340724802576608
186.36758192040273 0.07441155494640608
187.4877826984491 0.07541767696457054
188.61471667424502 0.07642564556959688
189.74842431906345 0.07743549229198765
190.8889463474389 0.078447248704408
192.036323718629 0.07946094642268148
193.19059763808488 0.08047661710678634
194.35180955893202 0.08149429246185566
195.52000118345853 0.082514004239178
196.69521446461212 0.08353578423719396
197.87749160750795 0.08455966430250199
199.06687507094347 0.08558567633085598
200.26340756892358 0.08661385226817254
201.46713207219463 0.08764422411153353
202.67809180978693 0.08867682391019001
203.89633027056843 0.08971168376657011
205.1218912048058 0.09074883583728825
206.3548186257352 0.09178831233414941
207.59515681114394 0.09283014552516414
208.84295030496014 0.09387436773555473
210.09824391885184 0.09492101134877227
211.36108273383735 0.09597010880750566
212.63151210190378 0.09702169261470124
213.90957764763513 0.09807579533457447
215.19532526985193 0.09913244959363207
216.48880114325885 0.10019168808168688
217.79005172010318 0.1012535435528827
219.09912373184318 0.10231804882671183
220.41606419082555 0.10338523678904328
221.74092039197504 0.1044551403931431
223.07373991449234 0.10552779266070597
224.41457062356196 0.10660322668287835
225.7634606720728 0.10768147562129364
227.12045850234648 0.10876257270909863
228.4856128478766 0.10984655125199165
229.8589727350801 0.11093344462925284
231.24058748505735 0.11202328629478607
232.63050671536263 0.11311610977815258
234.02878034178747 0.11421194868561393
235.43545858015236 0.11531083670117537
236.85059194811026 0.1164128075876285
238.2742312669612 0.11751789518759664
239.7064276634764 0.11862613342458375
241.14723257173577 0.11973755630402612
242.59669773497433 0.12085219791434314
244.05487520743984 0.12197009242799006
245.52181735626348 0.12309127410251586
246.99757686334 0.12421577728162346
248.48220672721865 0.12534363639622562
249.97576026500826 0.12647488596551332
251.47829111429078 0.12760956059801518
252.98985323504803 0.1287476949926696
254.51050091159956 0.1298893239398922
256.0402887545513 0.1310344823226463
257.57927170275826 0.1321832051175189
259.1275050252968 0.13333552739579901
260.6850443234486 0.134491484324552
262.25194553269915 0.1356511111677069
263.8282649247457 0.13681444328713463
265.4140591095173 0.13798151614374043
267.0093850372096 0.13915236529854705
268.6143000003289 0.14032702641379247
270.2288616357493 0.1415055352540184
271.85312792678394 0.142687927687173
273.48715720526644 0.1438742396857051
275.1310081536459 0.14506450732767215
276.7847398070945 0.1462587667978399
278.4484115556269 0.14745705438879597
280.1220831462344 0.14865940650205514
281.8058146850299 0.149865859649179
283.49966663940563 0.15107645045288626
285.2036998402066 0.1522912156481789
286.9179754839138 0.15351019208345806
288.6425551348417 0.1547334167216562
290.3775007273506 0.15596092664135935
292.1228745680697 0.1571927590379449
293.878739338135 0.15842895122471043
295.64515809544076 0.15966954063401745
297.42219427690287 0.16091456481842673
299.20991170073864 0.16216406145184856
301.0083745687581 0.16341806833068437
302.8176474686684 0.1646766233749835
304.63779537639545 0.1659397646295914
306.4688836584164 0.16720753026531346
308.31097807410606 0.16847995858006937
310.16414477810054 0.1697570880000642
312.028450322672 0.17103895708094963
313.9039616601177 0.17232560450900172
315.7907461451666 0.17361706910228938
317.6888715373972 0.1749133898118593
319.5984060036693 0.17621460572291145
321.5194181205763 0.17752075605599127
323.4519768769029 0.17883188016817264
325.3961516761064 0.18014801755425736
327.35201233880804 0.18146920784796644
329.31962910529904 0.18279549082314278
331.2990726380657 0.18412690639495788
333.2904140243255 0.1854634946211182
335.2937247785795 0.1868052957030754
337.3090768451822 0.18815234998724475
339.33654260092464 0.18950469796622738
341.3761948576321 0.19086238028002872
343.42810686478265 0.1922254377172934
345.4923523121332 0.1935939112165305
347.56900533236944 0.19496784186735622
349.6581405037668 0.19634727091173207
351.7598328528678 0.19773223974520704
353.87415785717855 0.1991227899181691
356.00119144787834 0.20051896313710096
358.14101001254517 0.20192080126583123
360.2936903979017 0.2033283463268037
362.45930991257336 0.20474164050233623
364.6379463298641 0.2061607261358989
366.8296778905516 0.20758564573338179
369.03458330569543 0.2090164419643823
371.25274175946316 0.21045315766348155
373.48423291197753 0.21189583583154123
375.72913690217223 0.21334451963698886
377.98753435067414 0.2147992524171242
380.2595063626969 0.21626007767941374
382.5451345309529 0.2177270391028063
384.84450093858516 0.21920018053903773
387.1576881621146 0.22067954601395556
389.484779274404 0.22216517972883318
391.825857847644 0.22365712606170488
394.18100795635314 0.2251554295686893
396.5503141803955 0.2266601349853347
398.93386160802277 0.22817128722795238
401.3317358389242 0.22968893139497196
403.7440229873054 0.23121311276828474
406.170809684979 0.2327438768146098
408.61218308447485 0.23428126918684705
411.06823086217236 0.23582533572545394
413.5390412214477 0.23737612245980935
416.02470289584056 0.23893367560960024
418.52530515224305 0.24049804158619675
421.0409377941043 0.2420692669940493
423.5716911646544 0.2436473986320743
426.1176561501513 0.24523248349506285
428.67892418314347 0.24682456877507775
431.2555872457519 0.24842370186286797
433.8477378729782 0.25002993034928733
436.4554691560215 0.25164330202671403
439.0788747456266 0.25326386489047487
441.7180488554454 0.2548916671402872
444.37308626541903 0.2565267571816882
447.0440823251844 0.2581691836274897
449.7311329574969 0.25981899529922065
452.4343346616744 0.2614762412285874
455.1537845170648 0.26314097065893866
457.8895801865317 0.2648132330467322
460.6418199199595 0.2664930780630055
463.4106025577871 0.2681805555948652
466.19602753455143 0.26987571574696567
468.9981948824612 0.27157860884300544
471.81720523499206 0.27328928542723013
474.6531598304949 0.27500779626592964
477.50616051583603 0.27673419234895863
480.37630975005385 0.2784685248912505
483.26371060803615 0.2802108453343402
486.16846678422513 0.2819612053478968
489.0906825963399 0.28371965683126577
492.03046298912113 0.285486251915003
494.9879135381031 0.2872610429624366
497.96314045340347 0.28904408257121317
500.9562505835358 0.29083542357487074
503.96735141925217 0.2926351190444057
506.9965510973965 0.2944432222898475
510.0439584047934 0.29625978686184473
513.1096827821533 0.298084866553261
516.193834328001 0.2999185154007631
519.2965238026325 0.30176078768643605
522.4178626320918 0.30361173793938495
525.5579629121702 0.3054714209373642
528.7169374124356 0.3073398917083926
531.8948995802807 0.30921720553239734
535.0919635449953 0.3111034179428435
538.3082441218688 0.31299858472839226
541.5438568163113 0.31490276193454636
544.7989178279997 0.31681600586531616
548.0735440550574 0.31873837308489184
551.3678530982435 0.3206699204193179
554.6819632651833 0.322610704958173
558.0159935746146 0.32456078405627237
561.3700637606602 0.3265202153353551
564.7442942771306 0.32848905668580347
568.1388063018495 0.33046736626834766
571.553721741003 0.3324552025157925
574.9891632335208 0.334452624134751
578.4452541554797 0.33645969010737936
581.9221186245312 0.33847645969311857
585.4198815043657 0.3405029924304597
588.9386684091885 0.3425393481386932
592.4786057082373 0.34458558691969104
596.0398205303183 0.34664176915967493
599.6224407683693 0.34870795553100664
603.2265950840575 0.3507842069939858
606.8524129123971 0.35287058479865013
610.5000244663966 0.3549671504865826
614.169560741738 0.35707396589273466
617.8611535214803 0.3591910931472589
621.57493538079 0.361318594677334
625.3110396917053 0.36345653320902277
629.0696006279251 0.36560497176911244
632.850753169624 0.3677639736869886
636.6546331083074 0.3699336025965005
640.4813770516793 0.3721139224378383
644.3311224285545 0.37430499745942397
648.2040074937928 0.37650689221981365
652.1001713332605 0.3787196715895923
656.0197538688309 0.3809434007533021
659.9628958634062 0.38317814521135385
663.9297389259709 0.38542397078197255
667.920425516682 0.387680943603127
671.9350989519822 0.3899491301344949
675.9739034097448 0.39222859715941005
680.0369839344585 0.3945194117868462
684.1244864424278 0.39682164145338295
688.2365577270172 0.3991353539252079
692.3733454639272 0.4014606173001027
696.5349982164886 0.40379750000946335
700.7216654410056 0.4061460708203051
704.9334974921204 0.40850639883730305
709.1706456282103 0.4108785535048156
713.4332620168249 0.41326260460894476
717.7214997401478 0.4156586222795795
722.0355128004927 0.418066676992476
726.3754561258381 0.42048683957132016
730.7414855753892 0.4229191811898284
735.1337579451717 0.42536377337383
739.5524309736719 0.4278206880033886
743.9976633474902 0.4302899973149045
748.4696147070484 0.43277177390325655
752.9684456523206 0.43526609072392775
757.4943177485973 0.43777302109515737
762.0473935322927 0.440292638700105
766.6278365167805 0.4428250175890146
771.2358111982617 0.44537023218139143
775.871483061679 0.4479283572681954
780.5350185866558 0.4504994680140482
785.2265852534737 0.4530836399594324
789.9463515490911 0.4556809490229284
794.6944869731923 0.4582914715034335
799.4711620442708 0.46091528408241994
804.2765483057628 0.4635524638261848
809.1108183321957 0.466203088188113
813.9741457353948 0.46886723501095906
818.8667051707156 0.47154498252914256
823.7886723433126 0.47423640937103445
828.7402240144552 0.47694159456128565
833.7215380078726 0.47966061752313416
838.732793216138 0.48239355808075574
843.7741696070975 0.4851404964615951
848.8458482303312 0.48790151329873993
853.9480112236516 0.49067668963327443
859.0808418196541 0.49346610691667814
864.2445243522853 0.4962698470132024
869.4392442634727 0.49908799220229305
874.6651881097803 0.5019206251809911
879.9225435691066 0.5047678290663795
885.211499447429 0.5076296873980076
890.5322456855827 0.5105062841403631
895.8849733660783 0.5133977036853203
901.2698747199702 0.5163040308546374
906.6871431337571 0.5192253509024288
912.1369731563243 0.5221617495176881
917.6195605059363 0.5251133128267852
923.1351020772624 0.5280801273960141
928.6837959484441 0.5310622802341166
934.2658413882192 0.5340598587948546
939.8814388630644 0.5370729509795598
945.5307900444058 0.540101645139732
951.2140978158566 0.5431205940763166
956.9315662805013 0.5461231000491854
962.683400768231 0.5491408578706202
968.4698078431142 0.5521739527483402
974.2909953108124 0.5552224703177682
980.1471722260491 0.558286496644465
986.0385489001142 0.5613661182265548
991.9653369084126 0.5644614219971723
997.9277490980746 0.5675724953269229
1003.9259995955853 0.5706994260263425
1009.9603038144814 0.5738423023483951
1016.0308784630935 0.5770012129909587
1022.1379415523147 0.5801762470993252
1028.2817124034418 0.5833674942687348
1034.4624116560476 0.5865750445468991
1040.6802612759013 0.5897989884365398
1046.9354845629464 0.5930394168979589
1053.2283061593164 0.5962964213516024
1059.5589520574 0.5995700936806347
1065.9276496079622 0.602860526233549
1072.3346275283077 0.6061678118267664
1078.7801159104883 0.6094920437472591
1085.2643462295803 0.6128333157551885
1091.7875513519796 0.6161917220865423
1098.3499655437793 0.6195673574558107
1104.9518244791764 0.6229603170586534
1111.593365248933 0.6263706965745806
1118.274826368898 0.629798592169668
1124.9964477885683 0.6332441004992654
1131.7584708997035 0.6367073187107177
1138.5611385450018 0.6401883444461208
1145.4046950268175 0.64368727584507
1152.289386115931 0.6472042115474331
1159.2154590603818 0.6507392506961246
1166.1831625943455 0.6542924929399196
1173.1927469470604 0.6578640384362554
1180.2444638518275 0.6614539878540624
1187.3385665550347 0.6650624423765947
1194.4753098252645 0.6686895037043006
1201.654949962438 0.6723352740576842
1208.8777448070161 0.6759998561801811
1216.1439537492674 0.6796833533410727
1223.4538377385784 0.6833858693383925
1230.8076592928223 0.6871075085018435
1238.2056825077939 0.6908483756957601
1245.64817306669 0.694608576322052
1253.1353982496464 0.6983882163231825
1260.6676269433497 0.7021874021851564
1268.2451296506765 0.7060062409405138
1275.8681785004221 0.7098448401713643
1283.537047257068 0.7137033080124116
1291.2520113306095 0.7175817531539954
1299.0133477864545 0.7214802848451717
1306.8213353553695 0.725399012896785
1314.676254443486 0.729338047684556
1322.5783871423782 0.7332975001522087
1330.52801723919 0.7372774818145886
1338.5254302268222 0.7412781047608106
1346.5709133141938 0.7452994816574068
1354.6647554365522 0.749341725751521
1362.8072472658441 0.7534049508740863
1370.9986812211696 0.7574892714430428
1379.2393514792643 0.761594802466546
1387.5295539850797 0.7657216595462294
1395.8695864624046 0.7698699588804523
1404.2597484245548 0.7740398172675625
1412.700341185136 0.7782313521092097
1421.1916678688622 0.782444681413642
1429.7340334224361 0.7866799237990209
1438.3277446255104 0.7909371984967839
1446.9731101016991 0.7952166253549905
