2024/2024PhRvD.110f3034A/VER-Figure_4_UHDM_radius_WW.ecsv
# %ECSV 1.0
# ---
# datatype:
# - {name: mass, unit: GeV, datatype: float64}
# - {name: radius, unit: fm, datatype: float64}
# schema: astropy-2.0
mass radius
154.77103600870802 1e-05
154.77103600870802 0.00015085688083385287
155.7013192326973 0.0007779706234560005
156.63719411581837 0.0014037575278950704
157.57869426789156 0.002028234847273395
158.52585350075543 0.0026514197675649867
159.4787058294821 0.003273329408135524
160.43728547359805 0.003893980822279136
161.40162685831342 0.0045133909977527415
162.37176461575817 0.0051315768573077705
163.34773358622547 0.005748555259218952
164.32956881942366 0.0063643429978108195
165.31730557573462 0.006978956803982602
166.31097932747952 0.007592413345726678
167.3106257601937 0.008204729228649909
168.31628077390778 0.008815920996489627
169.32798048443647 0.009426005131624284
170.34576122467647 0.010034998055588688
171.3696595459107 0.010642916129579311
172.3997122191211 0.01124977565496177
173.4359562363094 0.011855592873774289
174.47842881182476 0.012460383969228604
175.52716738370142 0.01306416506620902
176.58220961500274 0.013666952231768644
177.64359339517304 0.014268761475623047
178.71135684139952 0.014869608750642246
179.78553829998066 0.015469509953339702
180.8661763477026 0.01606848092435894
181.95330979322588 0.01666653744895849
183.0469776784784 0.017263695257493834
184.14721928005721 0.017859970025897225
185.2540741106398 0.018455377376155584
186.36758192040273 0.01904993287678559
187.4877826984491 0.019643652043306946
188.61471667424502 0.020236550338713265
189.74842431906345 0.020828643173940436
190.8889463474389 0.021419945908333453
192.036323718629 0.02201047385011051
193.19059763808488 0.02260024225682495
194.35180955893202 0.023189266335825423
195.52000118345853 0.023777561244713603
196.69521446461212 0.02436514209179964
197.87749160750795 0.02495202393655606
199.06687507094347 0.025538221790068972
200.26340756892358 0.026123750615487173
201.46713207219463 0.026708625328471076
202.67809180978693 0.02729286079763433
203.89633027056843 0.027876471844991695
205.1218912048058 0.028459473246396628
206.3548186257352 0.029041879731981902
207.59515681114394 0.02962370598659671
208.84295030496014 0.030204966650241825
210.09824391885184 0.030785676318502618
211.36108273383735 0.03136584954298063
212.63151210190378 0.03194550083172282
213.90957764763513 0.032524644649648826
215.19532526985193 0.03310329541897672
216.48880114325885 0.03368146751964652
217.79005172010318 0.03425917528974195
219.09912373184318 0.03483643302591029
220.41606419082555 0.035413254983780326
221.74092039197504 0.03598965537837864
223.07373991449234 0.03656564838454404
224.41457062356196 0.03714124813733973
225.7634606720728 0.03771646873246447
227.12045850234648 0.03829132422666129
228.4856128478766 0.038865828638124614
229.8589727350801 0.039439995946905886
231.24058748505735 0.04001384009531711
232.63050671536263 0.04058737498833264
234.02878034178747 0.041160614493989695
235.43545858015236 0.041733572443786615
236.85059194811026 0.042306262633079746
238.2742312669612 0.04287869882147862
239.7064276634764 0.04345089473323926
241.14723257173577 0.044022864057656076
242.59669773497433 0.04459462044945209
244.05487520743984 0.0451661775291672
245.52181735626348 0.045737548883545316
246.99757686334 0.04630874806591966
248.48220672721865 0.04687978859659614
249.97576026500826 0.04745068396323549
251.47829111429078 0.04802144762123504
252.98985323504803 0.04859209299410555
254.51050091159956 0.04916263347385016
256.0402887545513 0.04973308242133976
257.57927170275826 0.05030345316668757
259.1275050252968 0.050873759009621954
260.6850443234486 0.05144401321985756
262.25194553269915 0.05201422903746552
263.8282649247457 0.052584419673241796
265.4140591095173 0.05315459830907376
267.0093850372096 0.0537247780983062
268.6143000003289 0.05429497216610502
270.2288616357493 0.05486519360981988
271.85312792678394 0.055435455499345615
273.48715720526644 0.05600577087748174
275.1310081536459 0.05657615276029108
276.7847398070945 0.057146614137456614
278.4484115556269 0.05771716797263715
280.1220831462344 0.05828782720382167
281.8058146850299 0.05885860474368227
283.49966663940563 0.059429513479925554
285.2036998402066 0.06000056627564314
286.9179754839138 0.06057177596966046
288.6425551348417 0.061143155376884355
290.3775007273506 0.06171471728864954
292.1228745680697 0.06228647447306355
293.878739338135 0.06285843967535061
295.64515809544076 0.06343062561819403
297.42219427690287 0.06400304500207754
299.20991170073864 0.06457571050562486
301.0083745687581 0.06514863478594062
302.8176474686684 0.06572183047894326
304.63779537639545 0.06629531019970723
306.4688836584164 0.06686908654279367
308.31097807410606 0.06744317208258623
310.16414477810054 0.06801757937362365
312.028450322672 0.06859232095093128
313.9039616601177 0.06916740933035137
315.7907461451666 0.06974285700887271
317.6888715373972 0.07031867646495854
319.5984060036693 0.07089488015887342
321.5194181205763 0.07147148053300965
323.4519768769029 0.07204849001221161
325.3961516761064 0.07262592100409952
327.35201233880804 0.0732037858993923
329.31962910529904 0.07378209707222874
331.2990726380657 0.07436086688048821
333.2904140243255 0.07494010766611
335.2937247785795 0.07551983175541158
337.3090768451822 0.0761000514594059
339.33654260092464 0.07668077907411779
341.3761948576321 0.07726202688089896
343.42810686478265 0.07784380714674259
345.4923523121332 0.07842613212459615
347.56900533236944 0.0790090140536738
349.6581405037668 0.07959246515976781
351.7598328528678 0.08017649765555838
353.87415785717855 0.08076112374092347
356.00119144787834 0.08134635560324682
358.14101001254517 0.08193220541772525
360.2936903979017 0.08251868534767537
362.45930991257336 0.08310580754483907
364.6379463298641 0.08369358414968782
366.8296778905516 0.08428202729172679
369.03458330569543 0.08487114908979736
371.25274175946316 0.08546096165237843
373.48423291197753 0.08605147707789018
375.72913690217223 0.08664270745498859
377.98753435067414 0.08723466486287154
380.2595063626969 0.08782736137157202
382.5451345309529 0.0884208090422578
384.84450093858516 0.08901501992752793
387.1576881621146 0.08961000607170859
389.484779274404 0.09020577951114786
391.825857847644 0.09080235227451033
394.18100795635314 0.09139973638307017
396.5503141803955 0.09199794385100406
398.93386160802277 0.09259698668568275
401.3317358389242 0.09319687688796231
403.7440229873054 0.0937976264524743
406.170809684979 0.09439924736791531
408.61218308447485 0.09500175161733569
411.06823086217236 0.09560515117842756
413.5390412214477 0.09620945802381212
416.02470289584056 0.09681468412132606
418.52530515224305 0.09742084143430751
421.0409377941043 0.09802794192188102
423.5716911646544 0.09863599753924199
426.1176561501513 0.09924502023794024
428.67892418314347 0.09985502196616328
431.2555872457519 0.10046601466901812
433.8477378729782 0.10107801028881361
436.4554691560215 0.10169102076534055
439.0788747456266 0.1023050580361527
441.7180488554454 0.10292013403684602
444.37308626541903 0.10353626070133781
447.0440823251844 0.1041534499621446
449.7311329574969 0.10477171375066228
452.4343346616744 0.10539106399743825
455.1537845170648 0.10601151263245251
457.8895801865317 0.10663307158539348
460.6418199199595 0.10725575278592811
463.4106025577871 0.10787956816398407
466.19602753455143 0.10850452965001782
468.9981948824612 0.10913064917529094
471.81720523499206 0.10975793867214276
474.6531598304949 0.11038641007426228
477.50616051583603 0.11101607531696049
480.37630975005385 0.1116469463374416
483.26371060803615 0.11227903507507363
486.16846678422513 0.11291235347165879
489.0906825963399 0.11354691347170331
492.03046298912113 0.11418272702268634
494.9879135381031 0.11481980607532899
497.96314045340347 0.11545816258386235
500.9562505835358 0.11609780850629516
503.96735141925217 0.11673875580468121
506.9965510973965 0.11738101644538576
510.0439584047934 0.11802460239935222
513.1096827821533 0.1186695256423676
516.193834328001 0.11931579815532802
519.2965238026325 0.11996343192450348
522.4178626320918 0.1206124389418025
525.5579629121702 0.12126283120503598
528.7169374124356 0.12191462071818068
531.8948995802807 0.12256781949164272
535.0919635449953 0.12322243954251985
538.3082441218688 0.12387849289486423
541.5438568163113 0.1245359915799441
544.7989178279997 0.12519494763650524
548.0735440550574 0.1258553731110324
551.3678530982435 0.1265172800580098
554.6819632651833 0.12718068054018103
558.0159935746146 0.12784558662881199
561.3700637606602 0.12851201040394414
564.7442942771306 0.1291799639546619
568.1388063018495 0.12984945937934528
571.553721741003 0.13052050878593127
574.9891632335208 0.13119312429217167
578.4452541554797 0.13186731802589108
581.9221186245312 0.13254310212524426
585.4198815043657 0.1332204887389738
588.9386684091885 0.13389949002666676
592.4786057082373 0.13458011815901175
596.0398205303183 0.13526238531805507
599.6224407683693 0.13594630369745678
603.2265950840575 0.13663188550274685
606.8524129123971 0.13731914295158051
610.5000244663966 0.13800808827399347
614.169560741738 0.13869873371265717
617.8611535214803 0.1393910915231335
621.57493538079 0.140085173974129
625.3110396917053 0.14078099334774966
629.0696006279251 0.14147856193975472
632.850753169624 0.14217789205981032
636.6546331083074 0.14287899603174342
640.4813770516793 0.14358188619379494
644.3311224285545 0.14428657489887298
648.2040074937928 0.14499307451480592
652.1001713332605 0.1457013974245948
656.0197538688309 0.14641155602666647
659.9628958634062 0.14712356273512536
663.9297389259709 0.1478374299800061
667.920425516682 0.14855317020752545
671.9350989519822 0.14927079588033393
675.9739034097448 0.14999031947776723
680.0369839344585 0.1507117534961001
684.1244864424278 0.15143511044879462
688.2365577270172 0.1521604028667505
692.3733454639272 0.15288764329856264
696.5349982164886 0.15361684431076497
700.7216654410056 0.15434801848808494
704.9334974921204 0.1550811784336936
709.1706456282103 0.15581633676945586
713.4332620168249 0.15655350613618155
717.7214997401478 0.15729269919387526
722.0355128004927 0.15803392862198726
726.3754561258381 0.1587772071196632
730.7414855753892 0.15952254740599453
735.1337579451717 0.16026996222026846
739.5524309736719 0.16101946432221823
743.9976633474902 0.1617710664922726
748.4696147070484 0.16252478153180594
752.9684456523206 0.1632806222633883
757.4943177485973 0.16403860153103467
762.0473935322927 0.16479873220045516
766.6278365167805 0.16556102715930443
771.2358111982617 0.16632549931743143
775.871483061679 0.16709216160712922
780.5350185866558 0.16786102698338423
785.2265852534737 0.16863210842412607
789.9463515490911 0.1694054189304773
794.6944869731923 0.17018097152700257
799.4711620442708 0.17095877926195888
804.2765483057628 0.17173885520754456
809.1108183321957 0.17252121246014915
813.9741457353948 0.1733058641406032
818.8667051707156 0.17409282339442778
823.7886723433126 0.17488210339208418
828.7402240144552 0.17567371732922377
833.7215380078726 0.1764676784269377
838.732793216138 0.1772639999320068
843.7741696070975 0.17806269511715075
848.8458482303312 0.17886377728128175
853.9480112236516 0.17966725974974632
859.0808418196541 0.18047315587458576
864.2445243522853 0.1812814790347784
869.4392442634727 0.1820922426364934
874.6651881097803 0.18290546011334025
879.9225435691066 0.18372114492661956
885.211499447429 0.18453931056557318
890.5322456855827 0.1853599705476353
895.8849733660783 0.1861831384186828
901.2698747199702 0.1870088277532865
906.6871431337571 0.18783705215496188
912.1369731563243 0.18866782525642045
917.6195605059363 0.18950116071982073
923.1351020772624 0.19033707223702004
928.6837959484441 0.19117557352982562
934.2658413882192 0.1920166783502468
939.8814388630644 0.19286040048074649
945.5307900444058 0.19370675373449334
951.2140978158566 0.19465540622642083
956.9315662805013 0.1957326507115859
962.683400768231 0.19681455241933013
968.4698078431142 0.19790113845749804
974.2909953108124 0.19899243604399894
980.1471722260491 0.20008847250748982
986.0385489001142 0.20118927528807354
991.9653369084126 0.20229487193798737
997.9277490980746 0.20340529012230527
1003.9259995955853 0.2045205576196358
1009.9603038144814 0.2056407023228215
1016.0308784630935 0.20676575223964996
1022.1379415523147 0.20789573549355497
1028.2817124034418 0.20903068032433314
1034.4624116560476 0.21017061508885057
1040.6802612759013 0.2113155682617653
1046.9354845629464 0.2124655684362388
1053.2283061593164 0.21362064432466452
1059.5589520574 0.2147808247593843
1065.9276496079622 0.21594613869342294
1072.3346275283077 0.21711661520121
1078.7801159104883 0.21829228347931995
1085.2643462295803 0.21947317284719975
1091.7875513519796 0.22065931274791478
1098.3499655437793 0.2218507327488819
1104.9518244791764 0.22304746254262134
1111.593365248933 0.22424953194749558
1118.274826368898 0.22545697090846709
1124.9964477885683 0.22666980949784296
1131.7584708997035 0.22788807791603874
1138.5611385450018 0.2291118064923291
1145.4046950268175 0.2303410256856175
1152.289386115931 0.23157576608519292
1159.2154590603818 0.2328160584115056
1166.1831625943455 0.23406193351693017
1173.1927469470604 0.23531342238654704
1180.2444638518275 0.23657055613891237
1187.3385665550347 0.23783336602684524
1194.4753098252645 0.2391018834382037
1201.654949962438 0.24037613989667925
1208.8777448070161 0.24165616706257806
1216.1439537492674 0.24294199673362243
1223.4538377385784 0.24423366084573864
1230.8076592928223 0.24553119147386465
1238.2056825077939 0.24683462083274435
1245.64817306669 0.24814398127774182
1253.1353982496464 0.24945930530564248
1260.6676269433497 0.2507806255554741
1268.2451296506765 0.2521079748093139
1275.8681785004221 0.2534413859931159
1283.537047257068 0.2547808921775299
1291.2520113306095 0.2561265265787249
1299.0133477864545 0.25747832255922615
1306.8213353553695 0.2588363136287401
1314.676254443486 0.2602005334449946
1322.5783871423782 0.26157101581458136
1330.52801723919 0.26294779469379675
1338.5254302268222 0.26433090418948596
1346.5709133141938 0.26572037855990116
1354.6647554365522 0.26711625221554686
1362.8072472658441 0.2685185597200469
1370.9986812211696 0.26992733579099665
1379.2393514792643 0.2713426153008373
1387.5295539850797 0.2727644332777155
1395.8695864624046 0.27419282490636504
1404.2597484245548 0.2756278255289738
1412.700341185136 0.2770694706460729
1421.1916678688622 0.278517795917411
1429.7340334224361 0.2799728371628513
1438.3277446255104 0.2814346303632535
1446.9731101016991 0.2829032116613778
1455.6704403296576 0.28437861736277487
1464.4200476542464 0.285860883936698
1473.222246297731 0.28735004801700037
1482.0773523710743 0.28884614640305495
1490.9856838852984 0.2903492160606599
1499.9475607628858 0.291859294122966
1508.9633048492847 0.29337641789139063
1518.0332399244624 0.29490062483655255
1527.157691714527 0.2964319525991941
1536.3369879034358 0.29797043899112446
1545.571458144758 0.2995161219961493
1554.8614340735087 0.3010690397710226
1564.2072493180685 0.3026292306463849
1573.6092395121602 0.3041967331277228
1583.0677423068953 0.3057715858963152
1592.5830973829193 0.3073538278102024
1602.155646462586 0.3089434979051399
1611.7857333222487 0.31054063539557436
1621.4737038045994 0.31214527967561334
1631.219905831084 0.31375747031999646
1641.0246894144066 0.31537724708508597
1650.8884066710953 0.3170046499098426
1660.811411834142 0.3186397189168188
1670.7940612657342 0.32028249441315554
1680.8367134700475 0.32193301689157744
1690.9397291061157 0.323591327031392
1701.1034710007934 0.3252574656995058
1711.328304161781 0.32693147395142713
1721.6145957907256 0.32861339303228543
1731.9627152964279 0.3303032643778556
1742.3730343080842 0.33200112961558004
1752.8459266886514 0.3337070305655948
1763.3817685482675 0.33542100924177315
1773.9809382577516 0.33714310785275436
1784.6438164622052 0.33887336880299784
1795.3707860946747 0.3406118346938212
1806.1622323898998 0.3423585483244642
1817.018542898158 0.34411355269313554
1827.9401074991779 0.3458768909980872
1838.9273184161332 0.3476486066386704
1849.9805702297488 0.3494287432164193
1861.1002598924451 0.3512173445361166
