2024/2024PhRvD.110f3034A/VER-Figure_4_UHDM_radius_bbar.ecsv
# %ECSV 1.0
# ---
# datatype:
# - {name: mass, unit: GeV, datatype: float64}
# - {name: radius, unit: fm, datatype: float64}
# schema: astropy-2.0
mass radius
170.34576122467647 1e-05
170.34576122467647 0.0003081646847485448
171.3696595459107 0.0008695714438132656
172.3997122191211 0.0014297070305131889
173.4359562363094 0.0019885867440436107
174.47842881182476 0.0025462258206833837
175.52716738370142 0.003102639434276467
176.58220961500274 0.0036578426967106784
177.64359339517304 0.004211850658393746
178.71135684139952 0.004764678308727616
179.78553829998066 0.0053163405765797485
180.8661763477026 0.0058668523307517815
181.95330979322588 0.0064162283804467665
183.0469776784784 0.006964483475733009
184.14721928005721 0.007511632308005884
185.2540741106398 0.008057689510447602
186.36758192040273 0.008602669658484125
187.4877826984491 0.00914658727024013
188.61471667424502 0.009689456806991546
189.74842431906345 0.010231292673615484
190.8889463474389 0.010772109219038605
192.036323718629 0.01131192073668258
193.19059763808488 0.011850741464907368
194.35180955893202 0.012388585587452679
195.52000118345853 0.012925467233876876
196.69521446461212 0.013461400479993422
197.87749160750795 0.013996399348305922
199.06687507094347 0.014530477808440256
200.26340756892358 0.015063649777574755
201.46713207219463 0.015595929120868485
202.67809180978693 0.016127329651886898
203.89633027056843 0.016657865133025994
205.1218912048058 0.017187549275933883
206.3548186257352 0.017716395741930267
207.59515681114394 0.0182444181424243
208.84295030496014 0.018771630039329957
210.09824391885184 0.01929804494547923
211.36108273383735 0.019823676325034
212.63151210190378 0.02034853759389514
213.90957764763513 0.020872642120109784
215.19532526985193 0.021396003224277017
216.48880114325885 0.0219186341799511
217.79005172010318 0.022440548214042958
219.09912373184318 0.022961758507219668
220.41606419082555 0.023482278194301893
221.74092039197504 0.024002120364659697
223.07373991449234 0.0245212980626062
224.41457062356196 0.02503982428778913
225.7634606720728 0.025557711995581173
227.12045850234648 0.026074974097467743
228.4856128478766 0.026591623461433084
229.8589727350801 0.027107672912344855
231.24058748505735 0.027623135232336553
232.63050671536263 0.02813802316118796
234.02878034178747 0.028652349396704323
235.43545858015236 0.029166126595093243
236.85059194811026 0.029679367371339967
238.2742312669612 0.030192084299581007
239.7064276634764 0.030704289913475614
241.14723257173577 0.031215996706576096
242.59669773497433 0.03172721713269592
244.05487520743984 0.032237963606276135
245.52181735626348 0.032748248502750446
246.99757686334 0.033258084158908206
248.48220672721865 0.0337674828732557
249.97576026500826 0.03427645690637616
251.47829111429078 0.03478501848128773
252.98985323504803 0.03529317978379991
254.51050091159956 0.03580095296286835
256.0402887545513 0.03630835013094793
257.57927170275826 0.036815383364344555
259.1275050252968 0.03732206470356487
260.6850443234486 0.03782840615366459
262.25194553269915 0.03833441968459547
263.8282649247457 0.03884011723155035
265.4140591095173 0.03934551069530667
267.0093850372096 0.039850611942568864
268.6143000003289 0.04035543280630861
270.2288616357493 0.04085998508610391
271.85312792678394 0.04136428054847668
273.48715720526644 0.04186833092722865
275.1310081536459 0.042372147923775895
276.7847398070945 0.042875743207481776
278.4484115556269 0.043379128415988503
280.1220831462344 0.043882315155547295
281.8058146850299 0.0443853150013469
283.49966663940563 0.04488813949784068
285.2036998402066 0.04539080015907264
286.9179754839138 0.04589330846900151
288.6425551348417 0.04639567588182367
290.3775007273506 0.046897913822294766
292.1228745680697 0.047400033686049836
293.878739338135 0.04790204683992195
295.64515809544076 0.04840396462225969
297.42219427690287 0.04890579834324305
299.20991170073864 0.049407559285198244
301.0083745687581 0.049909258702911
302.8176474686684 0.05041090782393839
304.63779537639545 0.05091251784891977
306.4688836584164 0.05141409995188606
308.31097807410606 0.051915665280567645
310.16414477810054 0.052417224956701425
312.028450322672 0.052918790076336215
313.9039616601177 0.05342037171013683
315.7907461451666 0.053921980903687355
317.6888715373972 0.05442362867779267
319.5984060036693 0.05492532602877883
321.5194181205763 0.05542708392879271
323.4519768769029 0.055928913326099554
325.3961516761064 0.05643082514538019
327.35201233880804 0.05693283028802643
329.31962910529904 0.057434939632435414
331.2990726380657 0.05793716403430316
333.2904140243255 0.05843951432691633
335.2937247785795 0.058942001321443206
337.3090768451822 0.059444635807223485
339.33654260092464 0.059947428552056856
341.3761948576321 0.060450390302490234
343.42810686478265 0.06095353178410459
345.4923523121332 0.06145686370179945
347.56900533236944 0.0619603967400776
349.6581405037668 0.062464141563327726
351.7598328528678 0.0629681088161063
353.87415785717855 0.0634723091234186
356.00119144787834 0.06397675309099823
358.14101001254517 0.0644814513055858
360.2936903979017 0.0649864143352066
362.45930991257336 0.06549165272944711
364.6379463298641 0.0659971770197304
366.8296778905516 0.06650299771959076
369.03458330569543 0.067009125324947
371.25274175946316 0.06751557031437488
373.48423291197753 0.06802234314937874
375.72913690217223 0.06852945427466148
377.98753435067414 0.06903691411839441
380.2595063626969 0.06954473309248543
382.5451345309529 0.07005292159284653
384.84450093858516 0.0705614899996603
387.1576881621146 0.07107044867764555
389.484779274404 0.0715798079763216
391.825857847644 0.07208957823027229
394.18100795635314 0.07259976975940842
396.5503141803955 0.07311039286922948
398.93386160802277 0.07362145785108477
401.3317358389242 0.07413297498243301
403.7440229873054 0.07464495452710161
406.170809684979 0.07515740673554472
408.61218308447485 0.07567034184510037
411.06823086217236 0.07618377008024703
413.5390412214477 0.07669770165285898
416.02470289584056 0.07721214676246094
418.52530515224305 0.07772711559648188
421.0409377941043 0.07824261833050788
423.5716911646544 0.07875866512853422
426.1176561501513 0.07927526614321667
428.67892418314347 0.07979243151612186
431.2555872457519 0.08031017137797675
433.8477378729782 0.08082849584891767
436.4554691560215 0.0813474150387381
439.0788747456266 0.08186693904713584
441.7180488554454 0.08238707796395944
444.37308626541903 0.08290784186945374
447.0440823251844 0.08342924083450487
449.7311329574969 0.08395128492088408
452.4343346616744 0.08447398418149107
455.1537845170648 0.08499734866059662
457.8895801865317 0.08552138839408434
460.6418199199595 0.08604611340969157
463.4106025577871 0.08657153372724995
466.19602753455143 0.08709765935892479
468.9981948824612 0.08762450030945394
471.81720523499206 0.0881520665763862
474.6531598304949 0.08868036815031831
477.50616051583603 0.08920941501513213
480.37630975005385 0.08973921714823038
483.26371060803615 0.0902697845207722
486.16846678422513 0.09080112709790782
489.0906825963399 0.09133325483901238
492.03046298912113 0.09186617769791948
494.9879135381031 0.09239990562315382
497.96314045340347 0.09293444855816319
500.9562505835358 0.09346981644154988
503.96735141925217 0.09400601920730159
506.9965510973965 0.09454306678502115
510.0439584047934 0.0950809691001565
513.1096827821533 0.0956197360742292
516.193834328001 0.09615937762506288
519.2965238026325 0.09669990366701077
522.4178626320918 0.09724132411118297
525.5579629121702 0.09778364886567269
528.7169374124356 0.09832688783578211
531.8948995802807 0.09887105092424794
535.0919635449953 0.09941614803146587
538.3082441218688 0.09996218905571479
541.5438568163113 0.10050918389338055
544.7989178279997 0.10105714243917864
548.0735440550574 0.10160607458637717
551.3678530982435 0.10215599022701824
554.6819632651833 0.10270689925213983
558.0159935746146 0.10325881155199636
561.3700637606602 0.10381173701627924
564.7442942771306 0.1043656855343365
568.1388063018495 0.10492066699539238
571.553721741003 0.10547669128876579
574.9891632335208 0.10603376830408896
578.4452541554797 0.10659190793152498
581.9221186245312 0.10715112006198532
585.4198815043657 0.10771141458734658
588.9386684091885 0.10827280140066675
592.4786057082373 0.10883529039640148
596.0398205303183 0.109398891470619
599.6224407683693 0.10996361452121539
603.2265950840575 0.11052946944812911
606.8524129123971 0.11109646615355499
610.5000244663966 0.11166461454215774
614.169560741738 0.11223392452128543
617.8611535214803 0.11280440600118194
621.57493538079 0.11337606889519954
625.3110396917053 0.11394892312001055
629.0696006279251 0.11452297859581917
632.850753169624 0.11509824524657215
636.6546331083074 0.11567473300016994
640.4813770516793 0.11625245178867662
644.3311224285545 0.11683141154852991
648.2040074937928 0.11741162222075079
652.1001713332605 0.11799309375115247
656.0197538688309 0.11857583609054936
659.9628958634062 0.11915985919496516
663.9297389259709 0.11974517302584116
667.920425516682 0.12033178755024379
671.9350989519822 0.12091971274107192
675.9739034097448 0.12150895857726393
680.0369839344585 0.12209953504400413
684.1244864424278 0.12269145213292931
688.2365577270172 0.12328471984233448
692.3733454639272 0.12387934817737861
696.5349982164886 0.1244753471502899
700.7216654410056 0.12507272678057088
704.9334974921204 0.1256714970952029
709.1706456282103 0.12627166812885054
713.4332620168249 0.12687324992406596
717.7214997401478 0.12747625253149233
722.0355128004927 0.12808068601006747
726.3754561258381 0.1286865604272272
730.7414855753892 0.12929388585910795
735.1337579451717 0.12990267239074968
739.5524309736719 0.13051293011629825
743.9976633474902 0.13112466913920737
748.4696147070484 0.13173789957244056
752.9684456523206 0.13235263153867294
757.4943177485973 0.13296887517049222
762.0473935322927 0.1335866406106001
766.6278365167805 0.13420593801201308
771.2358111982617 0.13482677753826308
775.871483061679 0.13544916936359783
780.5350185866558 0.1360731236731812
785.2265852534737 0.13669865066329293
789.9463515490911 0.13732576054152862
794.6944869731923 0.13795446352699917
799.4711620442708 0.13858476985053023
804.2765483057628 0.1392166897548611
809.1108183321957 0.13985023349484385
813.9741457353948 0.14048541133764234
818.8667051707156 0.14112223356293024
823.7886723433126 0.14176071046308986
828.7402240144552 0.14240085234341018
833.7215380078726 0.14304266952228492
838.732793216138 0.14368617233141065
843.7741696070975 0.1443313711159842
848.8458482303312 0.14497827623490026
853.9480112236516 0.14562689806094903
859.0808418196541 0.14627724698101333
864.2445243522853 0.14692933339626568
869.4392442634727 0.1475831677223656
874.6651881097803 0.1482387603896559
879.9225435691066 0.14889612184335999
885.211499447429 0.1495552625437781
890.5322456855827 0.15021619296648409
895.8849733660783 0.15087892360252142
901.2698747199702 0.15154346495859983
906.6871431337571 0.15220982755729123
912.1369731563243 0.15287802193722586
917.6195605059363 0.15354805865328827
923.1351020772624 0.15421994827681373
928.6837959484441 0.15489370139578088
934.2658413882192 0.15556932861501405
939.8814388630644 0.15624684055637192
945.5307900444058 0.15692624785894693
951.2140978158566 0.15765580915631047
956.9315662805013 0.15844819857183798
962.683400768231 0.15924339282550748
968.4698078431142 0.16004140793181382
974.2909953108124 0.16084225995203155
980.1471722260491 0.16164596499455297
986.0385489001142 0.1624525392152322
991.9653369084126 0.16326199881772455
997.9277490980746 0.1640743600538263
1003.9259995955853 0.16488963922382133
1009.9603038144814 0.16570785267682178
1016.0308784630935 0.16652901681111043
1022.1379415523147 0.1673531480744892
1028.2817124034418 0.16818026296462146
1034.4624116560476 0.1690103780293799
1040.6802612759013 0.16984350986719013
1046.9354845629464 0.17067967512738236
1053.2283061593164 0.1715188905105378
1059.5589520574 0.17236117276883542
1065.9276496079622 0.1732065387064058
1072.3346275283077 0.17405500517967976
1078.7801159104883 0.17490658909773732
1085.2643462295803 0.17576130742266438
1091.7875513519796 0.17661917716990314
1098.3499655437793 0.17748021540860368
1104.9518244791764 0.17834443926198318
1111.593365248933 0.1792118659076784
1118.274826368898 0.18008251257810035
1124.9964477885683 0.1809563965607949
1131.7584708997035 0.18183353519879936
1138.5611385450018 0.18271394589099785
1145.4046950268175 0.18359764609248605
1152.289386115931 0.18448465331492922
1159.2154590603818 0.1853749851269209
1166.1831625943455 0.18626865915434995
1173.1927469470604 0.1871656930807603
1180.2444638518275 0.18806610464771664
1187.3385665550347 0.18896991165516588
1194.4753098252645 0.18987713196180783
1201.654949962438 0.19078778348545944
1208.8777448070161 0.1917018842034199
1216.1439537492674 0.1926194521528442
1223.4538377385784 0.19354050543111
1230.8076592928223 0.19446506219618573
1238.2056825077939 0.19539314066700686
1245.64817306669 0.19632475912384578
1253.1353982496464 0.1972599359086827
1260.6676269433497 0.19819868942558508
1268.2451296506765 0.19914103814108006
1275.8681785004221 0.2000870005845289
1283.537047257068 0.20103659534850862
1291.2520113306095 0.2019898410891885
1299.0133477864545 0.20294675652670632
1306.8213353553695 0.20390736044555444
1314.676254443486 0.20487167169495815
1322.5783871423782 0.20583970918925626
1330.52801723919 0.20681149190828907
1338.5254302268222 0.20778703889778088
1346.5709133141938 0.2087663692697231
1354.6647554365522 0.20974950220276606
1362.8072472658441 0.21073645694260343
1370.9986812211696 0.21172725280236315
1379.2393514792643 0.21272190916299372
1387.5295539850797 0.21372044547366098
1395.8695864624046 0.21472288125213748
1404.2597484245548 0.2157292360851936
1412.700341185136 0.21673952962899723
1421.1916678688622 0.21775378160950704
1429.7340334224361 0.21877201182286649
1438.3277446255104 0.2197942401358076
1446.9731101016991 0.2208204864860471
1455.6704403296576 0.2218507708826845
1464.4200476542464 0.22288511340660908
1473.222246297731 0.2239235342108999
1482.0773523710743 0.2249660535212271
1490.9856838852984 0.2260126916362628
1499.9475607628858 0.2270634689280837
1508.9633048492847 0.22811840584258075
1518.0332399244624 0.22917752289986446
1527.157691714527 0.23024084069468048
1536.3369879034358 0.23130837989681852
1545.571458144758 0.23238016125152225
1554.8614340735087 0.23345620557990862
1564.2072493180685 0.2345365337793808
1573.6092395121602 0.2356211668240415
1583.0677423068953 0.236710125765117
1592.5830973829193 0.23780343173137314
1602.155646462586 0.2389011059295332
1611.7857333222487 0.2400031696447054
1621.4737038045994 0.24110964424080328
1631.219905831084 0.2422205511609672
1641.0246894144066 0.24333591192799625
1650.8884066710953 0.24445574814477267
1660.811411834142 0.24558008149468716
1670.7940612657342 0.24670893374207514
1680.8367134700475 0.24784232673264514
1690.9397291061157 0.2489802823939085
1701.1034710007934 0.2501228227356198
1711.328304161781 0.2512699698502091
1721.6145957907256 0.25242174591321676
1731.9627152964279 0.2535781731837367
1742.3730343080842 0.25473927400485386
1752.8459266886514 0.25590507080408653
1763.3817685482675 0.2570755860938252
1773.9809382577516 0.25825084247178365
1784.6438164622052 0.2594308626214413
1795.3707860946747 0.2606156693124873
1806.1622323898998 0.26180528540127584
1817.018542898158 0.26299973383127295
1827.9401074991779 0.2641990376335057
1838.9273184161332 0.26540321992702154
1849.9805702297488 0.26661230391934004
1861.1002598924451 0.2678263129069062
1872.286786742615 0.26904527027555497
1883.540552518957 0.2702691995009663
1894.861961374896 0.2714981241491285
1906.251419893112 0.2727320678767967
1917.7093371001329 0.2739710544319637
1929.236124481019 0.27521510765432244
1940.8321959941527 0.2764642514757304
1952.4979680860986 0.27771850992068514
1964.233859706553 0.27897790710679216
1976.040292323402 0.28024246724523344
1987.917689937851 0.2815122146412486
1999.8664790996445 0.28278717369460715
2011.8870889224058 0.2840673689000825
2023.9799510990201 0.2853528248479376
2036.1454999171604 0.2866435662244016
2048.3841722748743 0.28793961781215416
