2024/2024PhRvD.110f3034A/VER-Figure_4_UHDM_model.ecsv
# %ECSV 1.0
# ---
# datatype:
# - {name: mass, unit: TeV, datatype: float64}
# - {name: Point-like, unit: cm3 / s, datatype: float64}
# - {name: Composite 1/(100GeV), unit: cm3 / s, datatype: float64}
# - {name: Composite 1/(10GeV), unit: cm3 / s, datatype: float64}
# - {name: Composite 1/(1GeV), unit: cm3 / s, datatype: float64}
# schema: astropy-2.0
# meta: !!omap
# - data_type: table
# - reference_id: 2023ApJ...945..101A
# - file_id: 1
# - telescope: veritas
mass Point-like "Composite 1/(100GeV)" "Composite 1/(10GeV)" "Composite 1/(1GeV)"
10.0 7.334550522983502e-20 7.363918063277527e-20 7.630866364112035e-20 1.0561752753096241e-19
10.873877705847256 6.203040486784016e-20 6.230050266449191e-20 6.475778721624044e-20 9.194466654011701e-20
11.824121636172192 5.24608988105109e-20 5.270931381200319e-20 5.497145320731644e-20 8.020688096684038e-20
12.8574052650799 4.436769209987082e-20 4.459616684109346e-20 4.6678843893980053e-20 7.011964822923714e-20
13.980985246699545 3.7523034238874675e-20 3.773317121613764e-20 3.965080839338704e-20 6.144121397227245e-20
15.20275237798655 3.1734310076855717e-20 3.192758300207051e-20 3.369344371088637e-20 5.396608460543635e-20
16.53128701505043 2.6838619436875996e-20 2.70163835872964e-20 2.864266532296277e-20 4.751951648601773e-20
17.97591933219191 2.2698192950562724e-20 2.286169468676998e-20 2.4359614694518028e-20 4.1952848578389834e-20
19.54679484684303 1.9196515097683628e-20 1.9346900616660045e-20 2.0726774669330555e-20 3.71395490024269e-20
21.254945670585638 1.6235045349125903e-20 1.6373368733888888e-20 1.7644683578638495e-20 3.297186583252591e-20
23.112367986637583 1.3730445143138466e-20 1.3857675765466807e-20 1.502915574830463e-20 2.935798938307415e-20
25.132106297923613 1.1612232659324547e-20 1.1729261987565614e-20 1.2808930323617941e-20 2.6219647490532544e-20
27.3283450373975 9.820799393504676e-21 9.928447253273099e-21 1.0923682373071646e-20 2.349006737744847e-20
29.716508183985816 8.305732717989823e-21 8.404753049725998e-21 9.322340417234332e-21 2.1112247898708954e-20
32.313367583747095 7.024397222522671e-21 7.11548337634584e-21 7.961663142637116e-21 1.9037494611941164e-20
35.137160736975495 5.9407349134786684e-21 6.024524518519853e-21 6.80503534577325e-21 1.722417742469856e-20
38.207718878456916 5.0242505077965846e-21 5.101329950208239e-21 5.8214493137958624e-21 1.5636676756063438e-20
41.54660625037318 4.24915326684941e-21 4.320061807940441e-21 4.984643059642462e-21 1.4244489383053984e-20
45.17727154595472 3.593631220648523e-21 3.658864784065945e-21 4.272371236705494e-21 1.3021469569492287e-20
49.12521258745646 3.0392373583632064e-21 3.099252012917459e-21 3.66578828578847e-21 1.194518482088989e-20
53.41815539497498 2.5703705119758e-21 2.6255856745692733e-21 3.1489265197932723e-21 1.0996368778424589e-20
58.086248903690276 2.1738363246471993e-21 2.224637705799855e-21 2.7082545180564957e-21 1.0158456447014219e-20
63.162276697013205 1.83847594902697e-21 1.8852182616851876e-21 2.332303457491886e-21 9.417189221950187e-21
68.68188724262076 1.554852026727066e-21 1.597861477379437e-21 2.0113509151335153e-21 8.760279099065615e-21
74.68384424830485 1.3149831121243584e-21 1.3545596917192963e-21 1.7371532899564794e-21 8.177123078719631e-21
81.2102988958611 1.1121190669263576e-21 1.1485386576804271e-21 1.502719356349794e-21 7.658560149434786e-21
88.3070858648896 9.405511048906819e-22 9.740674177835605e-22 1.3021186157022085e-21 7.196664401280012e-21
96.02404522545625 7.954511411768296e-22 8.262974977397507e-22 1.1303190886887824e-21 6.784568804570417e-21
104.41537246023573 6.7273592546899715e-22 7.011268963800072e-22 9.83050016461838e-22 6.416315023671467e-21
113.53999907430949 5.6895213544739935e-22 5.950850474411282e-22 8.5668563726743e-22 6.0867253419217654e-21
123.46200646560521 4.811791970296283e-22 5.0523551870446245e-22 7.481467956607091e-22 5.791293371614498e-21
134.25107596255128 4.0694709665165513e-22 4.290937129067029e-22 6.548176410848733e-22 5.5260907292578996e-21
145.9829781895193 3.4416687274827067e-22 3.645572568003764e-22 5.744750951520682e-22 5.287687285060307e-21
158.74010519682002 2.9107183039744766e-22 3.0984712160921565e-22 5.052291243978688e-22 5.0730829586757204e-21
172.61204909235477 2.4616782485305726e-22 2.634578199413742e-22 4.454721576189678e-22 4.879649340786224e-21
187.69623123859685 2.081912148975057e-22 2.2411527948372364e-22 3.938362426424262e-22 4.705079680620771e-21
204.09858643369296 1.7607330278184036e-22 1.907412096853538e-22 3.491567536997153e-22 4.547346000234651e-21
221.93430688162732 1.4891026005957109e-22 1.6242296022204393e-22 3.104416435670402e-22 4.4046622834083235e-21
241.32865117627907 1.2593769299871439e-22 1.3838802445308654e-22 2.7684538942517667e-22 4.275452845537397e-21
262.417823980793 1.0650913181867773e-22 1.179824716819734e-22 2.4764691233437516e-22 4.158325125249713e-21
285.3499325801695 9.0077838418751e-23 1.0065270248757357e-22 2.2223086098971703e-22 4.052046252402472e-21
310.2860270248522 7.618142065046597e-23 8.593001481008214e-23 2.0007174412936845e-22 3.955522843713552e-21
337.401231170146 6.44288201648846e-23 7.341754748439273e-23 1.8072047524270658e-22 3.867783559217165e-21
366.8859725546467 5.448930766052405e-23 6.277923473538768e-23 1.6379296029190098e-22 3.787964022248353e-21
398.9473197550057 4.608317584777813e-23 5.373046166480535e-23 1.4896041590079093e-22 3.715293764651967e-21
433.8104366091473 3.8973868221044924e-23 4.603015855769182e-23 1.3594115347025442e-22 3.6490849089872015e-21
471.72016352080715 3.2961322134759315e-23 3.947411226258692e-23 1.24493605295776e-22 3.5887223420189874e-21
512.9427369507522 2.7876338851187497e-23 3.388930709070472e-23 1.1441040312910032e-22 3.533655169904376e-21
557.7676591705058 2.3575822127800656e-23 2.9129136597217435e-23 1.0551334870470903e-22 3.483389276170946e-21
606.5097314096773 1.9938751353570155e-23 2.5069352065728773e-23 9.764914035789685e-23 3.437480829670898e-21
659.5112646755098 1.6862775914427153e-23 2.1604634203051925e-23 9.068574068341546e-23 3.395530611878372e-21
717.1444837710155 1.4261334950108064e-23 1.8645692047299715e-23 8.450928780476522e-23 3.3571790517707407e-21
779.8141413948986 1.2061221449617004e-23 1.6116807890099074e-23 7.902146773717827e-23 3.3221018725992906e-21
847.9603606818407 1.0200522136646052e-23 1.3953759529618788e-23 7.413727794911403e-23 3.2900062685353865e-21
922.0617261460466 8.626875171379112e-24 1.210206175700577e-23 6.97831229103863e-23 3.260627540835512e-21
1002.6386447354524 7.295996638759115e-24 1.05154779324304e-23 6.589519145821255e-23 3.2337261331073542e-21
1090.2570006009744 6.170434357203581e-24 9.154760079998914e-24 6.24180734678975e-23 3.2090850137382035e-21
1185.5321292478834 5.218513938766554e-24 7.986582336220163e-24 5.930357979604326e-23 3.186507360785594e-21
1289.1331389794186 4.413447441881979e-24 6.982638004590921e-24 5.650973495171199e-23 3.1658145108142433e-21
1401.7876099817195 3.732579533333297e-24 6.118875051491823e-24 5.399991659765917e-23 3.1468441384506524e-21
1524.2867040513127 3.156749945733508e-24 5.374848754771364e-24 5.1742119918852685e-23 3.1294486379509864e-21
1657.4907208502948 2.669754289465719e-24 4.73317349508094e-24 4.9708328228358547e-23 3.1134936819524557e-21
1802.3351397102717 2.2578880458218912e-24 4.179058453347852e-24 4.787397400382212e-23 3.0988569358998853e-21
1959.8371894160623 1.909560908875116e-24 3.699914323661892e-24 4.621747693948349e-23 3.0854269094890196e-21
2131.1029921081667 1.614970623300603e-24 3.2850201352130262e-24 4.4719847625165443e-23 3.07310192891601e-21
2317.3353314749374 1.3658271396330247e-24 2.9252409554959493e-24 4.336434718100288e-23 3.0617892158273935e-21
2519.8420997897483 1.1551193244280437e-24 2.6127886669371747e-24 4.213619463225997e-23 3.0514040606768085e-21
2740.045483115908 9.769176603311638e-25 2.3410192102771305e-24 4.1022315042531443e-23 3.041869079756395e-21
2979.491949186152 8.262073838470942e-25 2.1042607041786626e-24 4.001112246990338e-23 3.033113546518471e-21
3239.8631081006683 6.98747365148521e-25 1.8976677101587574e-24 3.9092332697991494e-23 3.0250727889676386e-21
3522.9875221172856 5.909507586685528e-25 1.7170976391779147e-24 3.825680144650279e-23 3.0176876459110727e-21
3830.853547472922 4.99784065871518e-25 1.5590059114765967e-24 3.749638440466291e-23 3.0109039757278466e-21
4165.623298423168 4.226817697329711e-25 1.4203570017796718e-24 3.6803815972940573e-23 3.0046722120758697e-21
4529.64783156816 3.5747413866236686e-25 1.2985489423951812e-24 3.6172604058731123e-23 2.9989469616134104e-21
4925.483657102834 3.0232616820245423e-25 1.1913492293600787e-24 3.559693866251931e-23 2.993686639385432e-21
5355.9106929485515 2.556859422670196e-25 1.0968403920761826e-24 3.5071612323099256e-23 2.9888531380246503e-21
5823.951787856218 2.1624096075333706e-25 1.0133737536675345e-24 3.459195077263592e-23 2.9844115273536392e-21
6332.8939505899 1.8288120454699619e-25 9.395301350472426e-25 3.415375239229008e-23 2.9803297813560388e-21
6886.311434281447 1.5466789853339157e-25 8.740864467274424e-25 3.375323526321451e-23 2.9765785298194053e-21
7488.090838075406 1.3080709357744897e-25 8.15987274085816e-25 3.3386990781401726e-23 2.9731308322458804e-21
8142.458402350726 1.1062732404349227e-25 7.643206986378366e-25 3.305194295272754e-23 2.9699619718849453e-21
8854.009689211014 9.356071211671472e-26 7.182977136804047e-25 3.274531261049423e-23 2.9670492679699527e-21
9627.741856686724 7.912698718397399e-26 6.772346907051784e-25 3.2464585905136625e-23 2.9643719044407712e-21
10469.088753307835 6.6919970564164e-26 6.405384359654963e-25 3.220748650731809e-23 2.9619107736121644e-21
11383.959079513032 5.65961452556808e-26 6.076934468345593e-25 3.197195104378508e-23 2.9596483334046102e-21
12378.77788389942 4.7864989042858473e-26 5.782510370729285e-25 3.1756107352084167e-23 2.9575684768935175e-21
13460.531685736898 4.0480798925842e-26 5.518200504872783e-25 3.155825519728081e-23 2.955656413056537e-21
14636.817540638474 3.4235776805613906e-26 5.280589251112715e-25 3.13768491426028e-23 2.9538985577088385e-21
15915.896393970277 2.895418184880664e-26 5.066689061592592e-25 3.121048330769394e-23 2.95228243371436e-21
17306.751096696815 2.448738497431419e-26 4.8738823659743395e-25 3.105787778394612e-23 2.950796579648753e-21
18819.149491101904 2.0709686290271832e-26 4.699871800937916e-25 3.091786650706608e-23 2.9494304661681096e-21
20463.713009429972 1.7514777780124512e-26 4.542637530660282e-25 3.078938641337977e-23 2.948174419407837e-21
22251.991267209705 1.4812751694420607e-26 4.40040061152798e-25 3.0671467729018804e-23 2.947019550798999e-21
24196.543175121893 1.2527570461644857e-26 4.271591512028135e-25 3.056322526061394e-23 2.9459576927460455e-21
26311.025139052854 1.059492691898625e-26 4.154823032430764e-25 3.046385057290051e-23 2.944981339660795e-21
28610.286967753353 8.960434647910241e-27 4.048866982202552e-25 3.037260495311197e-23 2.94408359389335e-21
31110.47616165455 7.578097488864285e-27 3.952634069194071e-25 3.02888130745349e-23 2.9432581161420103e-21
33829.15131525079 6.409015165812799e-27 3.8651565361556028e-25 3.021185728240391e-23 2.942499079961608e-21
36785.4054294639 5.4202885956504556e-27 3.7855731492927115e-25 3.0141172434672465e-23 2.9418011300234247e-21
40000.00000000001 4.5840940768646875e-27 3.7131162022604e-25 3.0076241238309236e-23 2.941159343810462e-21
