2024/2024PhRvD.110f3034A/VER-Figure_4_UHDM_radius_nue.ecsv
# %ECSV 1.0
# ---
# datatype:
# - {name: mass, unit: GeV, datatype: float64}
# - {name: radius, unit: fm, datatype: float64}
# schema: astropy-2.0
mass radius
62.61764018141125 1e-05
62.61764018141125 0.0010285844852394317
62.994016418779665 0.002459932976481472
63.37265494312732 0.0038871701879931143
63.753569352396646 0.005310334402208529
64.13677332626314 0.006729463715210961
64.52228062662698 0.008144596037977781
64.91010509810694 0.009555769097617071
65.30026066853779 0.010963020438598522
65.69276134947042 0.012366387423976465
66.08762123667509 0.013765907236607242
66.48485451064751 0.015161616880355775
66.88447543711817 0.016553553181302617
67.28649836756477 0.017941752788937396
67.69093773972749 0.019326252177348586
68.09780807812741 0.02070708764640581
68.50712399458841 0.02208429532293655
68.91890018876171 0.023457911161894916
69.33315144865375 0.024827970947525046
69.74989265115731 0.026194510294514674
70.16913876258593 0.027557564649149477
70.59090483921116 0.028917169290452842
71.01520602780336 0.0302733593313239
71.44205756617576 0.03162616971966813
71.87147478373161 0.032975635239521434
72.3034731020146 0.03432179051216768
72.73806803526284 0.03566466999725172
73.17527519096602 0.037004307993881665
73.61511027042575 0.038340738641732194
74.05758906931969 0.039673995922135365
74.50272747826853 0.04100411365916785
74.95054148340697 0.042331125520732385
75.40104716695753 0.043655065019632275
75.85426070780827 0.04497596551464066
76.31019838209392 0.046293860211564314
76.76887656378005 0.0476087821642975
77.23031172525158 0.04892076427587806
77.69452043790388 0.050229839299529455
78.16151937273825 0.05153603983970145
78.63132530096043 0.05283939835310379
79.10395509458287 0.05413994714973406
79.57942572703087 0.05543771839390076
80.05775427375195 0.05673274410523942
80.53895791282913 0.058025056159724885
81.02305392559775 0.05931468629067343
81.51005969726634 0.060601666089747874
81.99999271754069 0.06188602700794851
82.49287058125209 0.06316780035660309
82.98871098898923 0.06444701730835024
83.48753174773387 0.065723708898118
83.98935077150021 0.06699790602409579
84.49418608197834 0.06826963944870323
85.00205580918154 0.06953893979954902
85.51297819209717 0.07080583757039209
86.02697157934175 0.07207036312209032
86.54405442982006 0.07333254668354754
87.06424531338793 0.07459241835265483
87.58756291151902 0.0758500080972261
88.11402601797589 0.07710534575592949
88.64365353948496 0.07835846103921364
89.1764644964153 0.0796093835302253
89.712478023462 0.08085814268572994
90.25171337033296 0.08210476783701892
90.79418990244064 0.0833492881908166
91.33992710159716 0.08459173283018079
91.88894456671406 0.08583213071539857
92.44126201450638 0.08707051068487777
92.9968992802003 0.08830690145603283
93.55587631824591 0.08954133162616733
94.11821320303346 0.09077382967334706
94.68393012961467 0.09200442395727704
95.2530474144276 0.09323314272016532
95.82558549602649 0.09446001408758631
96.40156493581577 0.09568506606933867
96.9810064187885 0.09690832656029855
97.56393075426898 0.09812982334126796
98.15035887666032 0.09934958407981975
98.74031184619626 0.10056763633113418
99.33381084969731 0.10178400753883823
99.93087720133173 0.10299872503583311
100.53153234338106 0.1042118160451212
101.13579784701004 0.10542330768062753
101.74369541304151 0.10663322694801727
102.35524687273518 0.10784160074550786
102.97047418857241 0.10904845586467837
103.5893994550446 0.11025381899127429
104.2120448994463 0.11145771670600345
104.8384328826741 0.11266017548533762
105.46858590002941 0.11386122170230006
106.10252658202593 0.11506088162725328
106.74027769520309 0.11625918142868284
107.38186214294326 0.11745614717397543
108.02730296629402 0.11865180483019483
108.6766233447962 0.11984618026484917
109.32984659731599 0.12103929924666247
109.98699618288238 0.12223118744633378
110.64809570152984 0.12342187043729651
111.31316889514537 0.1246113736964727
111.98223964832177 0.12579972260502392
112.65533198921517 0.1269869424490978
113.33247009040753 0.12817305842057017
114.0136782697754 0.1293580956177852
114.698980991363 0.13054207904628676
115.38840286626036 0.13172503361955418
116.08196865348788 0.13290698415972657
116.77970326088506 0.13408795539832682
117.48163174600506 0.13526797197698118
118.18777931701483 0.1364470584481353
118.89817133359976 0.13762523927576617
119.61283330787528 0.13880253883609087
120.33179090530263 0.1399789814182722
121.0550699456102 0.14115459122511556
121.78269640372162 0.14232939237377304
122.51469641068807 0.14350340889643282
123.2510962546265 0.14467666474101037
123.99192238166435 0.14584918377183584
124.73720139688896 0.14702098977033676
125.48696006530267 0.1481921064357185
126.24122531278474 0.14936255738563745
127.00002422705785 0.1505323661568786
127.76338405866107 0.1517015562060217
128.53133222192855 0.15287015091010756
129.30389629597354 0.15403817356730087
130.08110402567968 0.15520564739754908
130.8629833226969 0.1563725955432383
131.64956226644347 0.15753904106984537
132.44086910511524 0.1587050069665884
133.23693225669962 0.15987051614706838
134.03778030999575 0.16103559144991714
134.8434420256422 0.1622002556394336
135.65394633714894 0.16336453140622006
136.46932235193694 0.16452844136781533
137.28959935238342 0.16569200806932438
138.11480679687287 0.16685525398404447
138.94497432085598 0.16801820151408897
139.78013173791342 0.1691808729910085
140.62030904082604 0.17034329067640344
141.46553640265304 0.17150547676254482
142.31584417781485 0.17266745337298064
143.1712629031831 0.17382924256314503
144.03182329917797 0.174990866320963
144.89755627087106 0.17615234656745274
145.76849290909482 0.1773137051573238
146.64466449156004 0.17847496387957482
147.52610248397846 0.179636144458082
148.41283854119297 0.18079726855219533
149.30490450831462 0.18195835775732191
150.20233242186552 0.1831194336055108
151.10515451093042 0.1842805175660349
152.01340319831365 0.1854416310459697
152.92711110170296 0.18660279539076796
153.84631103484196 0.1877640318848351
154.77103600870802 0.18892536175209418
155.7013192326973 0.19008680615655957
156.63719411581837 0.19124838620289816
157.57869426789156 0.19241012293699153
158.52585350075543 0.19357203734649536
159.4787058294821 0.19473415036139602
160.43728547359805 0.19589648285456407
161.40162685831342 0.1970590556423057
162.37176461575817 0.19822188948491223
163.34773358622547 0.19938500508720133
164.32956881942366 0.2005484230990672
165.31730557573462 0.20171216411601658
166.31097932747952 0.202876248679708
167.3106257601937 0.20404069727848734
168.31628077390778 0.20520553034792094
169.32798048443647 0.2063707682713267
170.34576122467647 0.2075364313802984
171.3696595459107 0.20870253995523683
172.3997122191211 0.2098691142258692
173.4359562363094 0.2110361743717705
174.47842881182476 0.21220374052288127
175.52716738370142 0.2133718327600239
176.58220961500274 0.21454047111541547
177.64359339517304 0.21570967557317866
178.71135684139952 0.2168794660698507
179.78553829998066 0.21804986249489003
180.8661763477026 0.2192208846911761
181.95330979322588 0.2203925524555176
183.0469776784784 0.22156488553914672
184.14721928005721 0.2227379036482178
185.2540741106398 0.22391162644430151
186.36758192040273 0.2250860735448774
187.4877826984491 0.22626126452382403
188.61471667424502 0.22743721891190807
189.74842431906345 0.22861395619726516
190.8889463474389 0.2297914958258905
192.036323718629 0.2309698572021158
193.19059763808488 0.2321490596890888
194.35180955893202 0.23332912260925118
195.52000118345853 0.23451006524481283
196.69521446461212 0.23569190683822477
197.87749160750795 0.23687466659265083
199.06687507094347 0.2380583636724319
200.26340756892358 0.23924301720355876
201.46713207219463 0.24042864627413243
202.67809180978693 0.24161526993482707
203.89633027056843 0.242802907199351
205.1218912048058 0.24399157704490437
206.3548186257352 0.2451812984126359
207.59515681114394 0.2463720902080979
208.84295030496014 0.24756397130169458
210.09824391885184 0.24875696052913848
211.36108273383735 0.24995107669189512
212.63151210190378 0.2511463385576303
213.90957764763513 0.2523427648606544
215.19532526985193 0.25354037430236537
216.48880114325885 0.25473918555168934
217.79005172010318 0.2559392172455198
219.09912373184318 0.25714048798915534
220.41606419082555 0.25834301635673
221.74092039197504 0.2595468208916544
223.07373991449234 0.26075192010704207
224.41457062356196 0.26195833248614
225.7634606720728 0.26316607648275697
227.12045850234648 0.2643751705216898
228.4856128478766 0.26558563299914695
229.8589727350801 0.2667974822831733
231.24058748505735 0.268010736714065
232.63050671536263 0.26922541460479676
234.02878034178747 0.27044153424143397
235.43545858015236 0.27165911388354963
236.85059194811026 0.27287817176463797
238.2742312669612 0.27409872609252767
239.7064276634764 0.27532079504979123
241.14723257173577 0.2765443967941548
242.59669773497433 0.27776954945890664
244.05487520743984 0.2789962711532971
245.52181735626348 0.28022457996295114
246.99757686334 0.2814544939502651
248.48220672721865 0.282686031154809
249.97576026500826 0.28391920959372574
251.47829111429078 0.28515404726212884
252.98985323504803 0.2863905621334987
254.51050091159956 0.28762877216007815
256.0402887545513 0.28886869527326015
257.57927170275826 0.2901103493839879
259.1275050252968 0.2913537523831389
260.6850443234486 0.29259892214191474
262.25194553269915 0.2938458765122285
263.8282649247457 0.2950946333270901
265.4140591095173 0.2963452104009902
267.0093850372096 0.2975976255302843
268.6143000003289 0.29885189649356847
270.2288616357493 0.3001080410520669
271.85312792678394 0.30136607695000533
273.48715720526644 0.3026260219149889
275.1310081536459 0.3038878936583774
276.7847398070945 0.3051517098756598
278.4484115556269 0.306417488246827
280.1220831462344 0.30768524643674255
281.8058146850299 0.3089550020955148
283.49966663940563 0.3102267728588593
285.2036998402066 0.31150057634847483
286.9179754839138 0.31277643017240364
288.6425551348417 0.3140543519253977
290.3775007273506 0.31533435918928177
292.1228745680697 0.31661646953331546
293.878739338135 0.3179007005145546
295.64515809544076 0.3191870696782112
297.42219427690287 0.3204755945580067
299.20991170073864 0.3217662926765374
301.0083745687581 0.32305918154562396
302.8176474686684 0.3243542786666685
304.63779537639545 0.3256516015310062
306.4688836584164 0.32695116762025933
308.31097807410606 0.3282529944066863
310.16414477810054 0.3295570993535342
312.028450322672 0.3308634999153807
313.9039616601177 0.33217221353849014
315.7907461451666 0.3334832576611544
317.6888715373972 0.3347966497140386
319.5984060036693 0.3361124071205259
321.5194181205763 0.3374305472970595
323.4519768769029 0.3387510876534843
325.3961516761064 0.34007404559338783
327.35201233880804 0.3413994385144411
329.31962910529904 0.34272728380873013
331.2990726380657 0.34405759886310344
333.2904140243255 0.34539040105950086
335.2937247785795 0.3467257077752912
337.3090768451822 0.3480635363836058
339.33654260092464 0.34940390425367135
341.3761948576321 0.35074682875114194
343.42810686478265 0.35209232723843187
345.4923523121332 0.35344041707503876
347.56900533236944 0.35479111561788185
349.6581405037668 0.3561444402216241
351.7598328528678 0.35750040823900014
353.87415785717855 0.3588590370211424
356.00119144787834 0.3602203439179059
358.14101001254517 0.3615843462781922
360.2936903979017 0.36295106145027406
362.45930991257336 0.3643205067821109
364.6379463298641 0.36569269962167994
366.8296778905516 0.3670676573172895
369.03458330569543 0.36844539721789965
371.25274175946316 0.3698259366734414
373.48423291197753 0.3712092930351332
375.72913690217223 0.37259548365579825
377.98753435067414 0.37398452589017933
380.2595063626969 0.37537643709525575
382.5451345309529 0.3767712346305504
384.84450093858516 0.37816893585845296
387.1576881621146 0.379569558144525
389.484779274404 0.3809731188578133
391.825857847644 0.3823796353711601
394.18100795635314 0.38378912506151275
396.5503141803955 0.38520160531023284
398.93386160802277 0.38661709350340545
401.3317358389242 0.38803560703213963
403.7440229873054 0.3894571632928855
406.170809684979 0.3908817796877322
408.61218308447485 0.392309473624715
411.06823086217236 0.39374026251811955
413.5390412214477 0.3951741637887844
416.02470289584056 0.39661119486440366
418.52530515224305 0.3980513731798315
421.0409377941043 0.3994947161773747
423.5716911646544 0.40094124130710473
426.1176561501513 0.40239096602714947
428.67892418314347 0.403843907803994
431.2555872457519 0.40530008411277885
433.8477378729782 0.4067595124375973
436.4554691560215 0.4082222102717918
439.0788747456266 0.4096881951182513
441.7180488554454 0.4111574844897063
444.37308626541903 0.41263009590901784
447.0440823251844 0.41410604690948205
449.7311329574969 0.4155853550351159
452.4343346616744 0.41706803784095164
455.1537845170648 0.4185541128933297
457.8895801865317 0.42004359777018885
460.6418199199595 0.42153651006135767
463.4106025577871 0.42303286736884665
466.19602753455143 0.42453268730713
468.9981948824612 0.4260359875034457
471.81720523499206 0.42754278559807646
474.6531598304949 0.4290530992446389
477.50616051583603 0.43056694611037183
480.37630975005385 0.43208434387642125
483.26371060803615 0.43360531023812726
486.16846678422513 0.4351298629053094
489.0906825963399 0.4366580196025529
492.03046298912113 0.4381897980694861
494.9879135381031 0.4397252160610747
497.96314045340347 0.4412642913478979
500.9562505835358 0.44280704171643304
503.96735141925217 0.44435348496933735
506.9965510973965 0.4459036389257297
510.0439584047934 0.4474575214214721
513.1096827821533 0.449015150309451
516.193834328001 0.4505765434598515
519.2965238026325 0.4521417187604467
522.4178626320918 0.4537106941168703
525.5579629121702 0.4552834874528967
528.7169374124356 0.4568601167107188
531.8948995802807 0.4584405998512267
535.0919635449953 0.46002495485428363
538.3082441218688 0.46161319971900594
541.5438568163113 0.4632053524640303
544.7989178279997 0.4648014311278024
548.0735440550574 0.4664014537688441
551.3678530982435 0.4680054384660302
554.6819632651833 0.46961340331886364
558.0159935746146 0.4712253664477488
561.3700637606602 0.472841345994266
564.7442942771306 0.47446136012144646
568.1388063018495 0.47608542701403755
571.553721741003 0.47771356487878697
574.9891632335208 0.4793457919447072
578.4452541554797 0.4809821264633494
581.9221186245312 0.48262258670907454
585.4198815043657 0.48426719097932436
588.9386684091885 0.48591595759489253
592.4786057082373 0.48756890490019483
596.0398205303183 0.48922605126354096
599.6224407683693 0.49088741507739625
603.2265950840575 0.49255301475866287
606.8524129123971 0.4942228687489414
610.5000244663966 0.4958969955148004
614.169560741738 0.49757541354804596
617.8611535214803 0.49925814136598884
621.57493538079 0.5009451975117147
625.3110396917053 0.502636600554343
629.0696006279251 0.5043323690893067
632.850753169624 0.5060325217386107
636.6546331083074 0.5077370771511003
640.4813770516793 0.5094460540027279
644.3311224285545 0.511159470996819
648.2040074937928 0.512877346864337
652.1001713332605 0.5145997003641496
656.0197538688309 0.5163265502832943
659.9628958634062 0.518057915437244
663.9297389259709 0.5197938146701646
667.920425516682 0.521534266855192
671.9350989519822 0.5232792908946869
675.9739034097448 0.5250289057205024
680.0369839344585 0.5267831302942464
684.1244864424278 0.5285419836075482
688.2365577270172 0.530305484682311
692.3733454639272 0.5320736525709984
696.5349982164886 0.5338465063568671
700.7216654410056 0.5356240651542542
704.9334974921204 0.5374063481088281
709.1706456282103 0.5391933743978532
713.4332620168249 0.5409851632304528
717.7214997401478 0.5427817338478701
722.0355128004927 0.5445831055237308
726.3754561258381 0.5463892975643069
730.7414855753892 0.5482003293087689
735.1337579451717 0.5500162201294614
739.5524309736719 0.5518369894321546
743.9976633474902 0.553662656656308
748.4696147070484 0.5554932412753314
752.9684456523206 0.5573287627968457
757.4943177485973 0.5591692407629433
762.0473935322927 0.561014694750452
766.6278365167805 0.5628651443711845
771.2358111982617 0.5647206092722143
775.871483061679 0.5665811091361264
