2024/2024PhRvD.110f3034A/VER-Figure_4_UHDM_radius_bbar.ecsv
# %ECSV 1.0
# ---
# datatype:
# - {name: mass, unit: GeV, datatype: float64}
# - {name: radius, unit: fm, datatype: float64}
# schema: astropy-2.0
mass radius
[from data line 418]
2073.0826483473106 0.2905477512373878
2085.5433390516914 0.291859883126842
2098.078927306804 0.29317742533250096
2110.6898632998223 0.294500403126589
2123.376599923863 0.2958288418807108
2136.1395927942413 0.2971627670663426
2148.979300264858 0.29850220425533547
2161.8961834446313 0.2998471791204104
2174.8907062140693 0.3011977174356539
2187.963335241943 0.3025538450770276
2201.114540002016 0.30391558802286844
2214.3447927899315 0.30528297235438945
2227.6545687401613 0.30665602425619526
2241.0443458430645 0.3080347700167869
2254.5146049620676 0.30941923602906984
2268.0658298509243 0.3108094487908731
2281.6985071710847 0.31220543490546115
2295.4131265091837 0.31360722108204664
2309.210180394618 0.31501483413631576
2323.0901643172247 0.3164283009909443
2337.0535767451 0.31784764867612214
2351.1009191424705 0.31927290433007266
2365.232695987726 0.320704095199586
2379.4494147915266 0.32214124864054433
2393.751586115023 0.3235843921184467
2408.139723588208 0.3250335532089502
2422.6143439283514 0.32648875959839957
2437.1759669585513 0.3279500390843589
2451.8251156264187 0.32941741957615805
2466.5623160228474 0.33089092909542855
2481.3880974009026 0.332370595776642
2496.302992194841 0.3338564478676614
2511.3075360392254 0.3353485137302842
2526.4022677881508 0.3368468218407857
2541.5877295346236 0.33835140079047793
2556.8644666299933 0.33986227928625795
2572.2330277035676 0.34137948615115754
2587.693964682303 0.3429030503249087
2603.2478328106185 0.3444330008644978
2618.8951906703533 0.34596936694472236
2634.636600200817 0.3475121778587621
2650.4726267189644 0.34906146301873975
2666.40383893971 0.35061725195628457
2682.4308089963497 0.35217957432310926
2698.5541124610913 0.35374845989157694
2714.7743283657587 0.35532393855527666
2731.0920392225453 0.3569060403295941
2747.507831044966 0.3584947953522987
2764.022293368892 0.36009023388411904
2780.63601927371 0.3616923863093213
2797.3496054036445 0.36330128313630294
2814.16365198917 0.36491695499817545
2831.0787628685634 0.36653943265334904
2848.095545509605 0.36816874698613344
2865.2146110313834 0.36980492900732737
2882.436574226238 0.37144800985480997
2899.7620535818514 0.3730980207941486
2917.191671303455 0.3747549932191953
2934.7260533361614 0.37641895865268526
2952.3658293874746 0.37808994874685165
2970.111632949866 0.37976799528402744
2987.964101323556 0.3814531301772584
3005.9238756393884 0.3831453854709103
3023.9916008818477 0.38484479334129285
3042.16792591224 0.3865513860972725
3060.4535034919863 0.3882651961808877
3078.848990306054 0.38998625616798105
3097.355046986562 0.3917145987688189
3115.9723381364934 0.3934502568287139
3134.701532353552 0.3951932633286644
3153.5433022542097 0.39694365138598237
3172.498324497815 0.39870145425492187
3191.567279810932 0.4004667053273276
3210.750853011761 0.4022394381332687
3230.0497330347525 0.40401968634167645
3249.4646129553353 0.40580748376099873
3268.9961900148155 0.40760286433984305
3288.6451656454014 0.40940586216762054
3308.4122454954145 0.4112165114752094
3328.2981394546205 0.41303484663560414
3348.3035616797138 0.41486090216456917
3368.429230619986 0.41669471272130854
3388.6758690431116 0.4185363131091222
3409.0442040611138 0.42038573827607545
3429.5349671564613 0.42224302331565994
3450.1488942083597 0.4241082034674755
3470.8867255191653 0.4259813141178977
3491.749205840977 0.4278623908007498
3512.7370844023703 0.4297514691979918
3533.8511149353226 0.4316485851403971
3555.092055702274 0.43355377460823197
3576.4606695233465 0.43546707373195265
3597.95772380376 0.43738851879289087
3619.5839905613784 0.43931814622394133
3641.340246454442 0.44125599261026677
3663.227272809444 0.4432020946899928
3685.245855649213 0.4451564893549023
3707.39678572113 0.44711921365115104
3729.680858525515 0.44909030477996675
3752.0988743442176 0.45106980009836317
3774.651638269343 0.4530577371198447
3797.3399602321724 0.4550541535151336
3820.164655032234 0.4570590871128823
3843.126542366588 0.459072575900389
3866.226446859255 0.4610946580243341
3889.4651980908125 0.46312537179150093
3912.8436306282183 0.46516475566949983
3936.362584054762 0.46721284828751397
3960.0229030002256 0.46926968843702876
3983.8254371712005 0.4713353150725652
4007.771041381626 0.4734097673124341
4031.8605755834797 0.4754930844394748
4056.0949048976418 0.47758530590179776
4080.4748996449944 0.4796864713135476
4105.001435377659 0.48179662045564964
4129.675392910446 0.483915793276571
4154.497658352475 0.48604402989307316
4179.469123139017 0.48818137059098743
4204.5906840635 0.4903278558259761
4229.8632433097 0.49248352622429553
4255.287708484168 0.4946484225835824
4280.86499264881 0.4968225858736225
4306.596014353677 0.49900605723712516
4332.481697669946 0.5011988779905173
4358.522972223126 0.5034010896247237
4384.720773226429 0.5056127338059494
4411.0760415143595 0.5078338523764842
4437.589723576493 0.5100644873554928
4464.262771591486 0.5123046809398066
4491.096143461262 0.5145544755047392
4518.090802845398 0.5168139136048842
4545.24771919576 0.5190830379749188
4572.567867791298 0.5213618915304284
4600.052229773084 0.5236505173687154
4627.701792179526 0.5259489587696113
4655.517547981842 0.5282572591963128
4683.500496119711 0.5305754622961998
4711.65164153713 0.5329036119016589
4739.9719952185305 0.5352417520309279
4768.462574225075 0.5375899268889243
4797.124401731182 0.5399481808680872
4825.958507061258 0.5423165585492138
4854.965925726691 0.5446951047023165
4884.147699463024 0.5470838642874679
4913.50487626735 0.5494828824556471
4943.038510435979 0.5518922045496089
4972.749662602285 0.5543118761047396
5002.6393997748 0.5567419428499127
5032.7087953755145 0.5591824507083712
5062.95892927846 0.5616334457985912
5093.39088784847 0.5640949744351504
5124.0057639802 0.5665670831296209
5154.80465713736 0.5690498185914438
5185.788673392229 0.5715432277288085
5216.95892546536 0.574047357649556
5248.316532765531 0.576562255662066
5279.862621429967 0.5790879692761459
5311.5983243647715 0.5816245462039469
5343.524781285619 0.5842246590270396
5375.643138758663 0.5869780573781445
5407.954550241745 0.5897442220027429
5440.460176125804 0.592523213339515
5473.1611837765295 0.5953150921057623
5506.058747576323 0.5981199192987164
5539.154048966445 0.6009377561968908
5572.44827648946 0.6037686643614157
5605.9426258318945 0.6066127056373758
5639.638299867212 0.6094699421551821
5673.536508698996 0.6123404363319113
5707.6384697043895 0.6152242508726905
5741.945407577849 0.6181214487720502
5776.458554375106 0.6210320933153192
5811.179149557418 0.6239562480800017
5846.108440036067 0.6268939769371608
5881.247680217167 0.6298453440528327
5916.598132046701 0.6328104138894104
5952.161065055818 0.6357892512070742
5987.937756406465 0.6387819210651874
6023.929490937231 0.6417884888237364
6060.1375612094935 0.6448090201447546
6096.56326755382 0.6478435809937476
6133.207918116704 0.650892237641157
6170.07282890752 0.6539550566637862
6207.15932384577 0.6570321049462792
6244.468734808668 0.6601234496825601
6282.002401678942 0.6632291583773253
6319.76167239297 0.666349298847497
6357.7479029891565 0.6694839392237281
6395.962457656678 0.6726331479518695
6434.406708784444 0.6757969937944857
6473.082037010396 0.6789755458323504
6511.989831271063 0.6821688734659477
6551.131488851486 0.6853770464170095
6590.508415435376 0.6886001347300154
6630.122025155574 0.691838208773749
6669.973740644879 0.6950913392428111
6710.064993087111 0.6983595971591858
6750.397222268523 0.7016430538737841
6790.971876629478 0.704941781067995
6831.79041331651 0.7082558507552718
6872.854298234633 0.7115853352826826
6914.165006099963 0.7149303073325165
6955.724020492725 0.7182908399238455
6997.532833910498 0.721667006414143
7039.592947821838 0.7250588805008779
7081.905872720159 0.7284665362231146
7124.473128178034 0.731890047963154
7167.296242901739 0.7353294904481319
7210.376754786132 0.7387849387516787
7253.716210969926 0.7422564682955336
7297.316167891224 0.7457441548512143
7341.17819134343 0.7492480745416639
7385.303856531446 0.7527683038429037
7429.694748128295 0.7563049195857267
7474.352460331992 0.75985799895735
7519.278596922819 0.7634276195031267
7564.474771320885 0.7670138591282156
7609.942606644117 0.770616796099306
7655.683735766527 0.7742365090463045
7701.69980137683 0.7778730769640764
7747.992456037481 0.7815265792141463
7794.563362243999 0.7851970955264531
7841.41419248468 0.7888847060010835
7888.546629300633 0.7925894911100108
7935.9623653462495 0.7963115316988744
7983.6631034499715 0.8000509089887211
8031.650556675418 0.8038077045778036
8079.926448382952 0.8075820004433374
8128.492512291544 0.8113738789433136
8177.350492541047 0.8151834228182883
8226.5021437548 0.8190107151931779
8275.949231102697 0.8228558395790997
8325.693530364542 0.826718879875167
8375.736827993813 0.8305999203703495
8426.080921181852 0.8344990457452854
8476.727617922388 0.838416341074156
8527.678737076474 0.842351891826531
8578.93610843778 0.8463057838692264
8630.50157279835 0.8502781034682021
8682.37698201469 0.8542689372904179
8734.564199074248 0.8582783724057547
8787.065098162362 0.8623064962888862
8839.881564729545 0.8663533968212174
8893.015495559204 0.8704191622927745
8946.46879883573 0.8745038814041582
9000.243394213072 0.878607643268469
9054.341212883659 0.8827305374132413
9108.764197647724 0.8868726537824243
9163.514302983125 0.8910340827383151
9218.593495115503 0.8952149150635615
9274.003752088918 0.8994152419631143
9329.747063836838 0.9036351550662468
9385.825432253667 0.9078747464285263
9442.240871266598 0.9121341085338498
9498.99540690796 0.9164133342964499
9556.091077387937 0.9207125170629136
9613.529933167822 0.9250317506142447
9671.314037033631 0.9293711291678813
9729.445464170156 0.9337307473797823
9787.926302235534 0.9381107003464634
9846.7586514362 0.9425110836070979
9905.944624602318 0.9469319931455923
9965.48634726363 0.9513735253926687
10025.385957725844 0.9558357772279963
10085.645607147353 0.9603188459822752
10146.267459616598 0.9648228294393909
10207.253692229657 0.9693478258385176
10268.606495168497 0.9738939338762901
10330.328071779682 0.9784612527089448
10392.420638653392 0.9830498819544766
10454.886425703065 0.9876599216948198
10517.727676245571 0.9922914724780402
10580.946647081628 0.9969446353205232
10644.545608576918 1.0016195117091635
10708.52684474367 1.0063162036036044
10772.892653322664 1.0110348134384521
10837.645345865589 1.0157754441254967
10902.787247818324 1.020538199055988
10968.3206986043 1.0253231821028579
11034.248051708491 1.0301304976230192
11100.571674761977 1.034960250459611
11167.29394962704 1.0398125459443184
11234.417272482566 1.0446874898996377
11301.94405391017 1.0495851886412155
11369.876718980839 1.0545057489801535
11438.21770734187 1.0594492782253335
11506.96947330457 1.064415884185764
11576.13448593246 1.0694056751729435
11645.715229129803 1.0744187600032133
11715.714201730882 1.0794552480001194
11786.133917589808 1.0845152489968282
11856.976905670665 1.089598873338487
11928.24571013839 1.0947062318846625
11999.942890450224 1.0998374360117458
12072.07102144748 1.104992597615374
12144.632693448086 1.1101718291128795
12217.630512339681 1.1153752434457518
12291.06709967306 1.1206029540820923
12364.945092756387 1.1258550750190752
12439.267144749956 1.131131720785463
12514.035924761462 1.1364330064440908
12589.254117941662 1.1417590475943609
