2024/2024PhRvD.110f3034A/VER-Figure_4_UHDM_radius_uu.ecsv
# %ECSV 1.0
# ---
# datatype:
# - {name: mass, unit: GeV, datatype: float64}
# - {name: radius, unit: fm, datatype: float64}
# schema: astropy-2.0
mass radius
77.23031172525158 1e-05
77.23031172525158 0.00042450867738294036
77.69452043790388 0.001851984263506246
78.16151937273825 0.0032783409637841057
78.63132530096043 0.004703623860135948
79.10395509458287 0.006127877964087694
79.57942572703087 0.007551148218225031
80.05775427375195 0.008973479497643058
80.53895791282913 0.010394916611387566
81.02305392559775 0.011815504303900843
81.51005969726634 0.013235287256456325
81.99999271754069 0.014654310088597891
82.49287058125209 0.016072617359567873
82.98871098898923 0.0174902535697409
83.48753174773387 0.018907263162045617
83.98935077150021 0.020323690523392154
84.49418608197834 0.02173957998608832
85.00205580918154 0.023154975829261664
85.51297819209717 0.024569922280269416
86.02697157934175 0.025984463516115105
86.54405442982006 0.02739864366485315
87.06424531338793 0.028812506807000236
87.58756291151902 0.030226096976934676
88.11402601797589 0.03163945816429987
88.64365353948496 0.03305263431540479
89.1764644964153 0.034465669334615964
89.712478023462 0.03587860708575636
90.25171337033296 0.03729149139349155
90.79418990244064 0.03870436604472424
91.33992710159716 0.04011727478997567
91.88894456671406 0.04153026134477502
92.44126201450638 0.042943369391037246
92.9968992802003 0.044356642578447396
93.55587631824591 0.04577012452583432
94.11821320303346 0.04718385882255089
94.68393012961467 0.04859788902984316
95.2530474144276 0.05001225868222721
95.82558549602649 0.05142701128885377
96.40156493581577 0.05284219033488131
96.9810064187885 0.054257839282837214
97.56393075426898 0.055674001573986824
98.15035887666032 0.05709072062969079
98.74031184619626 0.05850803985277137
99.33381084969731 0.0599260026288664
99.93087720133173 0.06134465232778887
100.53153234338106 0.06276403230488405
101.13579784701004 0.0641841859023822
101.74369541304151 0.06560515645075028
102.35524687273518 0.06702698727004386
102.97047418857241 0.06844972167125948
103.5893994550446 0.06987340295767822
104.2120448994463 0.07129807442621763
104.8384328826741 0.0727237793687728
105.46858590002941 0.07415056107356578
106.10252658202593 0.07557846282648316
106.74027769520309 0.07700752791242414
107.38186214294326 0.0784377996166364
108.02730296629402 0.07986932122605762
108.6766233447962 0.08130213603065632
109.32984659731599 0.08273628732476777
109.98699618288238 0.08417181840842873
110.64809570152984 0.08560877258871855
111.31316889514537 0.08704719318108774
111.98223964832177 0.08848712351069883
112.65533198921517 0.08992860691375407
113.33247009040753 0.09137168673883006
114.0136782697754 0.09281640634821227
114.698980991363 0.09426280911922105
115.38840286626036 0.09571093844554748
116.08196865348788 0.09716083773857831
116.77970326088506 0.09861255042873075
117.48163174600506 0.10006611996677561
118.18777931701483 0.10152158982517182
118.89817133359976 0.10297900349938811
119.61283330787528 0.10443840450923729
120.33179090530263 0.10589983640019711
121.0550699456102 0.10736334274474318
121.78269640372162 0.10882896714367013
122.51469641068807 0.11029675322742406
123.2510962546265 0.11176674465742249
123.99192238166435 0.11323898512738714
124.73720139688896 0.11471351836466463
125.48696006530267 0.11619038813155444
126.24122531278474 0.11766963822663798
127.00002422705785 0.11915131248609878
127.76338405866107 0.12063545478505518
128.53133222192855 0.12212210903888011
129.30389629597354 0.12361131920453393
130.08110402567968 0.1251031292818849
130.8629833226969 0.12659758331504242
131.64956226644347 0.12809472539367722
132.44086910511524 0.12959459965435613
133.23693225669962 0.1310972502818629
134.03778030999575 0.1326027215105328
134.8434420256422 0.13411105762557535
135.65394633714894 0.13562230296440944
136.46932235193694 0.13713650191798676
137.28959935238342 0.13865369893212864
138.11480679687287 0.1401739385088497
138.94497432085598 0.14169726520769688
139.78013173791342 0.1432237236470752
140.62030904082604 0.1447533585055829
141.46553640265304 0.1462862145233484
142.31584417781485 0.1478223365033582
143.1712629031831 0.14936176931279918
144.03182329917797 0.15090455788438795
144.89755627087106 0.15245074721771507
145.76849290909482 0.15400038238057562
146.64466449156004 0.15555350851031582
147.52610248397846 0.15711017081516615
148.41283854119297 0.15867041457558914
149.30490450831462 0.16023428514561522
150.20233242186552 0.16180182795419298
151.10515451093042 0.1633730885065271
152.01340319831365 0.1649481123854313
152.92711110170296 0.16652694525266815
153.84631103484196 0.1681096328503058
154.77103600870802 0.16969622100206094
155.7013192326973 0.1712867556146527
156.63719411581837 0.17288128267915925
157.57869426789156 0.17447984827236507
158.52585350075543 0.176082498558124
159.4787058294821 0.17768927978871005
160.43728547359805 0.1793002383061834
161.40162685831342 0.18091542054374393
162.37176461575817 0.18253487302710125
163.34773358622547 0.18415864237583093
164.32956881942366 0.1857867753047488
165.31730557573462 0.18741931862527036
166.31097932747952 0.18905631924678898
167.3106257601937 0.19069782417803874
168.31628077390778 0.19234388052847676
169.32798048443647 0.19383564674319045
170.34576122467647 0.19523175357508835
171.3696595459107 0.19663013666708162
172.3997122191211 0.19803082655579188
173.4359562363094 0.1994338537788665
174.47842881182476 0.2008392488757287
175.52716738370142 0.20224704238833593
176.58220961500274 0.20365726486193722
177.64359339517304 0.2050699468458186
178.71135684139952 0.20648511889405977
179.78553829998066 0.2079028115662812
180.8661763477026 0.2093230554283972
181.95330979322588 0.21074588105335776
183.0469776784784 0.2121713190218972
184.14721928005721 0.21359939992328317
185.2540741106398 0.21503015435605408
186.36758192040273 0.21646361292876512
187.4877826984491 0.21789980626073346
188.61471667424502 0.21933876498277213
189.74842431906345 0.220780519737933
190.8889463474389 0.22222510118224853
192.036323718629 0.22367253998546296
193.19059763808488 0.2251228668317725
194.35180955893202 0.22657611242055925
195.52000118345853 0.22803230746713016
196.69521446461212 0.22949148270344294
197.87749160750795 0.23095366887884305
199.06687507094347 0.23241889676079847
200.26340756892358 0.2338871971356232
201.46713207219463 0.23535860080921137
202.67809180978693 0.2368331386077688
203.89633027056843 0.2383108413785351
205.1218912048058 0.23979173999051406
206.3548186257352 0.24127586533520376
207.59515681114394 0.2427632483273156
208.84295030496014 0.24425391990550263
210.09824391885184 0.24574791103308735
211.36108273383735 0.24724525269877828
212.63151210190378 0.24874597591739775
213.90957764763513 0.25025011173060124
215.19532526985193 0.2517576912076044
216.48880114325885 0.2532687454458944
217.79005172010318 0.2547833055719612
219.09912373184318 0.25630140274200774
220.41606419082555 0.2578230681426742
221.74092039197504 0.2593483329917539
223.07373991449234 0.26087722853891643
224.41457062356196 0.2624097860664173
225.7634606720728 0.26394603688981866
227.12045850234648 0.2654860123587098
228.4856128478766 0.26702974385741496
229.8589727350801 0.26857726280571304
231.24058748505735 0.2701286006595562
232.63050671536263 0.27168378891177675
234.02878034178747 0.2732428590928057
235.43545858015236 0.27480584277138953
236.85059194811026 0.27637277155529705
238.2742312669612 0.27794367709203677
239.7064276634764 0.27951859106956745
241.14723257173577 0.28109754521701574
242.59669773497433 0.28268057130538077
244.05487520743984 0.2842677011482495
245.52181735626348 0.2858589666025128
246.99757686334 0.287454399569069
248.48220672721865 0.2890540319935383
249.97576026500826 0.2906578958669787
251.47829111429078 0.29226602322658846
252.98985323504803 0.2938784461564207
254.51050091159956 0.29549519678809816
256.0402887545513 0.29711630730151495
257.57927170275826 0.29874180992555177
259.1275050252968 0.3003717369387895
260.6850443234486 0.3020061206702112
262.25194553269915 0.3036449934999167
263.8282649247457 0.3052883878598366
265.4140591095173 0.3069363362344332
267.0093850372096 0.30858887116141737
268.6143000003289 0.3102460252324546
270.2288616357493 0.31190783109388154
271.85312792678394 0.31357432144740677
273.48715720526644 0.31524552905082626
275.1310081536459 0.31692148671873677
276.7847398070945 0.31860222732323823
278.4484115556269 0.3202877837946488
280.1220831462344 0.3219781891222188
281.8058146850299 0.3236734763548339
283.49966663940563 0.3253736786017297
285.2036998402066 0.3270788290332075
286.9179754839138 0.3287889608813363
288.6425551348417 0.3305041074406714
290.3775007273506 0.332224302068962
292.1228745680697 0.33394957818786963
293.878739338135 0.33567996928367055
295.64515809544076 0.33741550890797956
297.42219427690287 0.33915623067845235
299.20991170073864 0.3409021682795058
301.0083745687581 0.34265335546302755
302.8176474686684 0.34440982604909637
304.63779537639545 0.3461716139266872
306.4688836584164 0.3479387530543908
308.31097807410606 0.34971127746113323
310.16414477810054 0.3514892212468822
312.028450322672 0.35327261858336917
313.9039616601177 0.35506150371480294
315.7907461451666 0.35685591095859287
317.6888715373972 0.3586558747060563
319.5984060036693 0.3604614294231422
321.5194181205763 0.3622726096511541
323.4519768769029 0.36408945000745874
325.3961516761064 0.3659119851862118
327.35201233880804 0.3677402499590819
329.31962910529904 0.3695742791759621
331.2990726380657 0.3714141077656963
333.2904140243255 0.3732597707368058
335.2937247785795 0.37511130317820246
337.3090768451822 0.3769687402599169
339.33654260092464 0.3788321172338272
341.3761948576321 0.38070146943437433
343.42810686478265 0.38257683227929173
345.4923523121332 0.38445824127033734
347.56900533236944 0.3863457319940098
349.6581405037668 0.38823934012228306
351.7598328528678 0.3901391014133316
353.87415785717855 0.39204505171226656
356.00119144787834 0.3939572269518554
358.14101001254517 0.39587566315325795
360.2936903979017 0.39780039642676346
362.45930991257336 0.3997314629725125
364.6379463298641 0.4016688990812361
366.8296778905516 0.4036127411349957
369.03458330569543 0.40556302560790686
371.25274175946316 0.4075197890668815
373.48423291197753 0.4094830681723712
375.72913690217223 0.41145289967909227
377.98753435067414 0.41342932043677355
380.2595063626969 0.4154123673908992
382.5451345309529 0.41740207758344017
384.84450093858516 0.41939848815360187
387.1576881621146 0.42140163633857275
389.484779274404 0.4234115594742576
391.825857847644 0.42542829499603
394.18100795635314 0.427451880439476
396.5503141803955 0.42948235344114755
398.93386160802277 0.4315197517393022
401.3317358389242 0.4335641131746561
403.7440229873054 0.435615475691143
406.170809684979 0.43767387733665375
408.61218308447485 0.4397393562637955
411.06823086217236 0.44181195073065244
413.5390412214477 0.4438916991015301
416.02470289584056 0.44597863984771813
418.52530515224305 0.4480728115482541
421.0409377941043 0.4501742528906722
423.5716911646544 0.4522830026717694
426.1176561501513 0.45439909979837384
428.67892418314347 0.4565225832880967
431.2555872457519 0.4586534922701028
433.8477378729782 0.4607918659858827
436.4554691560215 0.46293774379000896
439.0788747456266 0.4650911651509109
441.7180488554454 0.4672521696516506
444.37308626541903 0.46942079699068356
447.0440823251844 0.47159708698263936
449.7311329574969 0.4737810795590931
452.4343346616744 0.4759728147693488
455.1537845170648 0.47817233278120613
457.8895801865317 0.48037967388174496
460.6418199199595 0.48259487847811244
463.4106025577871 0.48481798709829343
466.19602753455143 0.48704904039190217
468.9981948824612 0.48928807913096367
471.81720523499206 0.49153514421070943
474.6531598304949 0.4937902766503511
477.50616051583603 0.49605351759388777
480.37630975005385 0.4983249083108834
483.26371060803615 0.5006044901972682
486.16846678422513 0.5028923047761301
489.0906825963399 0.5051883936985209
492.03046298912113 0.5074927987442408
494.9879135381031 0.5098055618226459
497.96314045340347 0.5121267249734571
500.9562505835358 0.5144563303675509
503.96735141925217 0.5167944203077708
506.9965510973965 0.5191410372297428
510.0439584047934 0.5214962237026702
513.1096827821533 0.523860022430152
516.193834328001 0.5262324762510021
519.2965238026325 0.5286136281400515
522.4178626320918 0.5310035212089733
525.5579629121702 0.5334021987070966
528.7169374124356 0.5358097040222366
531.8948995802807 0.5382260806815036
535.0919635449953 0.540651372352133
538.3082441218688 0.5430856228423203
541.5438568163113 0.5455288761020339
544.7989178279997 0.5479811762238532
548.0735440550574 0.5504425674438079
551.3678530982435 0.5529130941421984
554.6819632651833 0.5553928008444384
558.0159935746146 0.557881732221902
561.3700637606602 0.5603799330927479
564.7442942771306 0.5628874484227716
568.1388063018495 0.5654043233262551
571.553721741003 0.5679306030668009
574.9891632335208 0.5704663330581873
578.4452541554797 0.5730115588652278
581.9221186245312 0.5755663262046093
585.4198815043657 0.5781306809457567
588.9386684091885 0.5807046691116876
592.4786057082373 0.5832883368798804
596.0398205303183 0.585881730583123
599.6224407683693 0.5884848967103842
603.2265950840575 0.5910978819076875
606.8524129123971 0.5937207329789673
610.5000244663966 0.5963534968869446
614.169560741738 0.5989962207540114
617.8611535214803 0.6016489518630899
621.57493538079 0.6043117376585195
625.3110396917053 0.6069846257469447
629.0696006279251 0.6096676638981836
632.850753169624 0.6123609000461215
636.6546331083074 0.6150643822896058
640.4813770516793 0.617778158893322
644.3311224285545 0.6205022782886948
648.2040074937928 0.6232367890747905
652.1001713332605 0.6259817400192009
656.0197538688309 0.6287371800589531
659.9628958634062 0.6315031583014077
663.9297389259709 0.6342797240251763
667.920425516682 0.6370669266810127
671.9350989519822 0.6398648158927317
675.9739034097448 0.6426734414581322
680.0369839344585 0.6454928533498958
684.1244864424278 0.6483231017165171
688.2365577270172 0.65116423688322
692.3733454639272 0.654016309352892
696.5349982164886 0.6568793698069937
700.7216654410056 0.6597534691065079
704.9334974921204 0.6626386582928555
709.1706456282103 0.6655349885888396
713.4332620168249 0.668442511399579
717.7214997401478 0.6713612783134602
722.0355128004927 0.674291341103063
726.3754561258381 0.6772327517261171
730.7414855753892 0.6801855623264588
735.1337579451717 0.6831498252349655
739.5524309736719 0.6861255929705213
743.9976633474902 0.6891129182409812
748.4696147070484 0.6921118539441167
752.9684456523206 0.6951224531685867
757.4943177485973 0.6981447691949145
762.0473935322927 0.7011788554964389
766.6278365167805 0.7042247657402959
771.2358111982617 0.707282553788404
775.871483061679 0.7103522736984247
780.5350185866558 0.7134339797247568
785.2265852534737 0.7165277263195144
789.9463515490911 0.7196335681335286
794.6944869731923 0.7227515600173187
799.4711620442708 0.7258817570220969
804.2765483057628 0.7290242144007746
809.1108183321957 0.7321789876089447
813.9741457353948 0.7353461323058944
818.8667051707156 0.7385257043556216
823.7886723433126 0.7417177598278266
828.7402240144552 0.7449223549989351
833.7215380078726 0.7481395463531247
838.732793216138 0.7513693905833244
843.7741696070975 0.7546119445922503
848.8458482303312 0.7578672654934386
853.9480112236516 0.7611354106122593
859.0808418196541 0.7644164374869608
864.2445243522853 0.7677104038697005
869.4392442634727 0.7710173677275989
874.6651881097803 0.7743373872437618
879.9225435691066 0.7776705208183389
885.211499447429 0.7810168270695836
890.5322456855827 0.7843763648348868
895.8849733660783 0.7877491931718451
901.2698747199702 0.791135371359331
906.6871431337571 0.794534958898538
912.1369731563243 0.7979480155140583
917.6195605059363 0.801374601154965
923.1351020772624 0.804814775995867
928.6837959484441 0.808268600437998
934.2658413882192 0.8117361351103093
939.8814388630644 0.8152174408705358
945.5307900444058 0.8187125788062957
951.2140978158566 0.822187321956113
956.9315662805013 0.8256327225926501
962.683400768231 0.8290915028201483
