2026/2026ApJ...996...38A/LAT-000168-lc-1.ecsv
# %ECSV 1.0
# ---
# datatype:
# - {name: e_min, unit: GeV, datatype: float64}
# - {name: e_max, unit: GeV, datatype: float64}
# - {name: time, unit: MJD, datatype: float64}
# - {name: flux, unit: 1.e-7 cm-2 s-1, datatype: float64}
# - {name: flux_err, unit: 1.e-7 cm-2 s-1, datatype: float64}
# - {name: ts, datatype: float64}
# meta: !!omap
# - data_type: lc
# - {source_id: 168}
# - {period: '2017'}
# - {reference_id: 2026ApJ...996...38A}
# - {redshift: 0.35}
# - telescope: lat
# schema: astropy-2.0
e_min e_max time flux flux_err ts
0.1 300 54713.000754444445 0.04769534490280216 0.02072003976748221 61.91708262058091
0.1 300 54743.000754444445 0.07244518337330223 0.018185718692381638 63.55385888458113
0.1 300 54773.000754444445 0.04829718980242059 0.020180985373484613 41.00243626078009
0.1 300 54803.000754444445 0.05051993065253679 0.018405960585405362 88.90952172004472
0.1 300 54833.000754444445 0.006243430822251061 0.004629179507527612 27.638621554724523
0.1 300 54863.000754444445 0.012661016528827848 0.011006296745655314 27.92159893131611
0.1 300 54893.000754444445 0.025027720946832817 0.01374166445990428 45.87898604926886
0.1 300 54923.000754444445 0.010361049239154707 0.007047037847316072 3.224115525583329
0.1 300 54953.000754444445 0.03351161199555843 0.01427652895448282 63.31419547731639
0.1 300 54983.000754444445 0.03980559226440274 0.013888994491056466 78.67824791335443
0.1 300 55013.000754444445 0.0632624979186014 0.018691195810515523 88.39957571122068
0.1 300 55043.000754444445 0.05663021607346006 0.017950266305283867 81.37237981145881
0.1 300 55073.000754444445 0.09159712530433307 0.020745106463721723 59.791755385631404
0.1 300 55103.000754444445 0.04066234735429109 0.019940305249161794 59.164565564264194
0.1 300 55133.000754444445 0.07270888312986176 0.022925187114921777 58.582208200932655
0.1 300 55163.000754444445 0.08832336142494432 0.02606179911853127 76.3566720978124
0.1 300 55193.000754444445 0.045905758014519425 0.017854600484427077 71.87763277754857
0.1 300 55223.000754444445 0.056040192926713986 0.02004941529857653 90.39731113116432
0.1 300 55253.000754444445 0.017952067404148415 0.009818347070038426 51.0609228054891
0.1 300 55283.000754444445 0.05949332827187045 0.0207662294789181 82.51690229526866
0.1 300 55313.000754444445 0.053310771794336284 0.020833132529269265 85.64693306790286
0.1 300 55343.000754444445 0.051209696075009484 0.01897077222066078 70.26513924110623
0.1 300 55373.000754444445 0.003910784405357896 0.0014544292258939066 28.78306826449989
0.1 300 55403.000754444445 0.05450283659297386 0.016994222010298512 126.34875258402462
0.1 300 55433.000754444445 0.13510513199956053 0.025005704084013976 139.3879868819713
0.1 300 55463.000754444445 0.08712521280373196 0.021127118102493087 117.93293765366252
0.1 300 55493.000754444445 0.10919323383810924 0.018379587840387547 246.48060802745022
0.1 300 55523.000754444445 0.03892764920955479 0.013431513699917415 214.76755303527898
0.1 300 55553.000754444445 0.12259653850009687 0.023035186925178714 193.9590733917721
0.1 300 55583.000754444445 0.15796052941985586 0.025353422065446798 274.9921239700707
0.1 300 55613.000754444445 0.09792988012883949 0.020656723179082185 251.0894956023767
0.1 300 55643.000754444445 0.10743491381538917 0.019083626212761495 227.00330806686543
0.1 300 55673.000754444445 0.07588403676125989 0.017904226615748836 192.1142679200202
0.1 300 55703.000754444445 0.08133105864029899 0.025011949786176213 80.6032762565228
0.1 300 55733.000754444445 0.09907594151951103 0.025328430829277517 110.99264387043513
0.1 300 55763.000754444445 0.13360723185051765 0.023664796574990227 246.87979156326037
0.1 300 55793.000754444445 0.08511889374388437 0.02415217813981553 125.32065474974661
0.1 300 55823.000754444445 0.08255264033908427 0.028879305496774022 89.48638966948056
0.1 300 55853.000754444445 0.06951855545119623 0.02452727634525537 42.74274779375264
0.1 300 55883.000754444445 0.07843691396883082 0.024304419694447386 74.16188580168091
0.1 300 55913.000754444445 0.03241928137072463 0.02001135549501734 57.51735944542452
0.1 300 55943.000754444445 0.02105940142114115 0.030494974766625143 20.196192865812918
0.1 300 55973.000754444445 0.03296716874835221 0.019204516223765296 34.708950497763
0.1 300 56003.000754444445 0.054307444950279275 0.021736942567723044 44.361851638816006
0.1 300 56033.000754444445 0.06677044365187053 0.025028281854920828 29.53669862951938
0.1 300 56063.000754444445 0.03110950530044275 0.016380737758242198 73.91028078825912
0.1 300 56093.000754444445 0.05636289955766261 0.019256311914478068 88.29981701882934
0.1 300 56123.000754444445 0.06377792726345877 0.02243701953280624 46.65526013659837
0.1 300 56153.000754444445 0.01077157773410073 0.006845046283214453 28.593423668477044
0.1 300 56183.000754444445 0.04089429303372498 0.017770872909749724 85.9986094410342
0.1 300 56213.000754444445 0.023123085879589743 0.011325467595539275 81.41978109726915
0.1 300 56243.000754444445 0.04937240087529128 0.026215976917864103 40.49375957051234
0.1 300 56273.000754444445 0.023737701888574728 0.010937046418708279 57.43949540203903
0.1 300 56303.000754444445 0.048219348002748894 0.025843155555764594 20.45736140145891
0.1 300 56333.000754444445 0.12095721199687773 0.025446976241783555 91.74577861196303
0.1 300 56363.000754444445 0.04661741771384101 0.015946502418017535 117.22186666172638
0.1 300 56393.000754444445 0.11276680610801157 0.023947961333711895 128.26898894727492
0.1 300 56423.000754444445 0.09680678867385022 0.02388194937612871 75.0070570537282
0.1 300 56453.000754444445 0.02907675586188184 0.01038344718032958 14.72389437687525
0.1 300 56483.000754444445 0.03935573900504256 0.025963701073992627 54.247617298184196
0.1 300 56513.000754444445 0.07069701587822903 0.022397185379060155 51.91932090612681
0.1 300 56543.000754444445 0.050526128269012725 0.0235269079364456 79.07234987265838
0.1 300 56573.000754444445 0.02738249301593327 0.01661146358038335 47.5414531508286
0.1 300 56603.000754444445 0.05767138531223961 0.017666250014734163 104.93561938880885
0.1 300 56633.000754444445 0.10715269670695889 0.024932804196248198 195.4656164081316
0.1 300 56663.000754444445 0.031260986465090485 0.014957234456402013 45.723876161297085
0.1 300 56693.000754444445 0.04109182044289872 0.018987190521559467 33.072892818127
0.1 300 56723.000754444445 0.06496749285988089 0.018096487822553006 163.96535588685947
0.1 300 56753.000754444445 0.062480829666628594 0.019008736792811818 97.33577055426576
0.1 300 56783.000754444445 0.023130747862431456 0.018956356138751077 44.96404597962828
0.1 300 56813.000754444445 0.0259096076197302 0.01364917765656275 57.71956917863281
0.1 300 56843.000754444445 0.024264290079155863 0.011120538666387125 13.682480059862428
0.1 300 56873.000754444445 0.029586079444033523 0.02298893811649545 25.985704783575784
0.1 300 56903.000754444445 0.010978628841894314 0.0049937060960325115 22.48271383511019
0.1 300 56933.000754444445 0.0583711078447023 0.03235381654390411 27.121603013656568
0.1 300 56963.000754444445 0.052167256821146965 0.02978589678545237 32.68637772699003
0.1 300 56993.000754444445 0.05643665525280324 0.02141328287965697 55.48744161884679
0.1 300 57023.000754444445 0.018799329777926064 0.010125916949274455 5.77941163667856
0.1 300 57053.000754444445 0.029770605843015892 0.02287011681686664 41.40843973311712
0.1 300 57083.000754444445 0.025593716980930676 0.012774217713910713 9.077005169187032
0.1 300 57113.000754444445 0.08387938335336376 0.03472224125325169 34.544965776811296
0.1 300 57143.000754444445 0.0062907699607133195 0.0027369848532802885 42.731069031346124
0.1 300 57173.000754444445 0.015441097505401045 0.009044254449987273 5.759079648320039
0.1 300 57203.000754444445 0.02798515109849517 0.011076658821567324 13.222014435938036
0.1 300 57233.000754444445 0.01842339328156132 0.015343478703335118 20.94197185489611
0.1 300 57263.000754444445 0.07791935736715884 0.02438907873473285 56.78202414904081
0.1 300 57293.000754444445 0.02324701857217285 0.009970200528007723 8.26384545629844
0.1 300 57323.000754444445 0.043346284198289176 0.025088508530945478 25.74455221027165
0.1 300 57353.000754444445 0.050852867498468284 0.018585139261779925 64.09946656675311
0.1 300 57383.000754444445 0.027569294623889372 0.023062985101762176 20.674110820356873
0.1 300 57413.000754444445 0.06480884107094206 0.01665592573912066 152.07507597816584
0.1 300 57443.000754444445 0.062144919017688496 0.023415695644040554 33.973340217155055
0.1 300 57473.000754444445 0.05563966025085032 0.023889159944052628 69.13353871633444
0.1 300 57503.000754444445 0.029240394518055025 0.015026478811148576 51.457938131723495
0.1 300 57533.000754444445 0.048895882556756684 0.022264297357125512 38.33812598579971
0.1 300 57563.000754444445 0.06964025172079064 0.026057792083718827 67.53695094588329
0.1 300 57593.000754444445 0.06483603933737106 0.029396179078197134 71.43313025516545
0.1 300 57623.000754444445 0.08427783258425199 0.022504073052545447 89.64140767527715
0.1 300 57653.000754444445 0.12155421504280284 0.025146287797200385 149.822864799964
0.1 300 57683.000754444445 0.09400257463075917 0.016248765323629184 242.4511894240568
0.1 300 57713.000754444445 0.10696798678625578 0.02412597790679472 112.99250645423308
0.1 300 57743.000754444445 0.05169073173327995 0.02221626189000024 61.853002642026695
0.1 300 57773.000754444445 0.05136086523225652 0.018246800430424984 152.44045943021774
0.1 300 57803.000754444445 0.11600935090576618 0.022946111637714414 143.09268077026354
0.1 300 57833.000754444445 0.11390668619937566 0.021059716815900038 223.638045460968
0.1 300 57863.000754444445 0.1093410874239878 0.026695568199588737 114.73100512702513
0.1 300 57893.000754444445 0.12151630888337658 0.023666090873262723 235.08244730523438
0.1 300 57923.000754444445 0.20865782114231748 0.027354814849432918 627.620109364485
0.1 300 57953.000754444445 0.27508592886976274 0.02782679526229524 867.530023275227
0.1 300 57983.000754444445 0.19543860741672023 0.026580756933303726 325.2037452776203
0.1 300 58013.000754444445 0.3291117098248848 0.029065694767079188 929.5552264303333
0.1 300 58043.000754444445 0.3098430569714458 0.025147176912321947 1045.105202370978
0.1 300 58073.000754444445 0.23122535808759384 0.02698224823534091 391.6674350123576
0.1 300 58103.000754444445 0.21506504147856562 0.028051145380234805 493.1324779780116
0.1 300 58133.000754444445 0.19865111635383167 0.025305366417441702 416.2251879739197
0.1 300 58163.000754444445 0.15280444722071015 0.02677484853347347 203.17307079466264
0.1 300 58193.000754444445 0.22012810703558525 0.023107334829230244 637.1889522926795
0.1 300 58223.000754444445 0.2781938532048509 0.12168161862146148 12.147278448257566
0.1 300 58253.000754444445 0.15541303044131966 0.031004387265259604 167.11346183577552
0.1 300 58283.000754444445 0.08809967602932163 0.055646443967363964 17.132483684323233
0.1 300 58313.000754444445 0.10907838326334736 0.02459599799391653 134.23832847909944
0.1 300 58343.000754444445 0.24133706291205967 0.039675273514408985 125.26289196819562
0.1 300 58373.000754444445 0.1411952661325745 0.02181636210979588 248.09048336113483
0.1 300 58403.000754444445 0.13113401110804102 0.022586107143126036 215.19258468195767
0.1 300 58433.000754444445 0.1095005730668269 0.02583002909697329 121.20522680108843
0.1 300 58463.000754444445 0.13940304704915876 0.026774763120228508 167.4128013133959
0.1 300 58493.000754444445 0.1619517297740967 0.03983476672571806 102.10348880830861
0.1 300 58523.000754444445 0.17370173118208587 0.02598829349643651 224.67348100195522
0.1 300 58553.000754444445 0.07606346207145707 0.02834089876346796 87.82256390373368
0.1 300 58583.000754444445 0.1341334891270589 0.02611367312078837 97.52748110285029
0.1 300 58613.000754444445 0.1315604693265018 0.023006012817556067 146.542213274377
0.1 300 58643.000754444445 0.1476580752236585 0.03189210888531593 180.65175061700938
0.1 300 58673.000754444445 0.16036299459357511 0.027918999809429967 369.1733049402901
0.1 300 58703.000754444445 0.09039073379753675 0.024337230283074773 98.02789388776
0.1 300 58733.000754444445 0.08410999766149307 0.019679833816763935 100.1205794590569
0.1 300 58763.000754444445 0.11132792013920707 0.020789269947119368 187.23714007002854
0.1 300 58793.000754444445 0.06518040366654447 0.020490324443378644 91.28898401931656
0.1 300 58823.000754444445 0.06164534075670102 0.028570649811865415 40.24214696974013
0.1 300 58853.000754444445 0.04190457162267434 0.03267887329459373 24.902814447723358
0.1 300 58883.000754444445 0.06518117664435727 0.021801256236046423 76.05917466596293
0.1 300 58913.000754444445 0.0675183285308871 0.018269448963251715 111.73934526286757
0.1 300 58943.000754444445 0.07921305592801228 0.02963523733977391 105.06998943249346
0.1 300 58973.000754444445 0.023874044334527895 0.009510358317576177 14.233550328928686
0.1 300 59003.000754444445 0.06604327373023666 0.024559750748856198 48.55348716329172
0.1 300 59033.000754444445 0.07993328603897687 0.03239177887785762 39.17006372020478
0.1 300 59063.000754444445 0.05784713911791726 0.019255313374125543 75.85821291094908
0.1 300 59093.000754444445 0.07520797418872167 0.02081929916230135 81.61206799429056
0.1 300 59123.000754444445 0.12764446933394324 0.02047392098495772 238.29745174603158
0.1 300 59153.000754444445 0.13094158563683303 0.023515181528030078 111.06499096180778
0.1 300 59183.000754444445 0.041908111765734855 0.017218053407668688 11.528869518879219
0.1 300 59213.000754444445 0.08440790337181031 0.02462745608409507 61.14088222018472
0.1 300 59243.000754444445 0.052540154214073015 0.03394976228020848 19.918358140872442
0.1 300 59273.000754444445 0.037366509789339905 0.018337054240286154 52.08633367353468
0.1 300 59303.000754444445 0.037118815825640444 0.014854304823402218 77.0929853278285
0.1 300 59333.000754444445 0.05905783083508032 0.03175349519343598 28.769393353082705
0.1 300 59363.000754444445 0.06281414695401591 0.02233200837593093 34.351139359059744
0.1 300 59393.000754444445 0.07373267426834854 0.03932909549757831 35.06434112109855
0.1 300 59423.000754444445 0.08359602441863068 0.020904876063029355 116.78540165137383
0.1 300 59453.000754444445 0.033920405867505714 0.018323501908986652 24.132194622710813
0.1 300 59483.000754444445 0.051097738717253975 0.019463607754972547 49.28986235940829
0.1 300 59513.000754444445 0.08872980154039264 0.023876195134075344 116.52693706830178
0.1 300 59543.000754444445 0.05416854005082973 0.022736902207884716 50.97873348561188
0.1 300 59573.000754444445 0.06398818081484973 0.01954258931468197 71.02446444132511
0.1 300 59603.000754444445 0.10423043004073615 0.03472637596433907 52.584723961037525
0.1 300 59633.000754444445 0.05685326970853078 0.020180233325411235 68.9494699325951
0.1 300 59663.000754444445 0.06004931657620168 0.023834687260159384 37.91143233141338
0.1 300 59693.000754444445 0.09240361601417098 0.025311112489064713 58.79426734174194
0.1 300 59723.000754444445 0.16338213832470022 0.028115203221180014 266.1103081183246
0.1 300 59753.000754444445 0.12280286724898691 0.032961348028317905 82.60513287113281
0.1 300 59783.000754444445 0.10158912766246071 0.0255767460282651 90.88276528203278
0.1 300 59813.000754444445 0.0381101090060644 0.02121365069870868 40.82210600208782
0.1 300 59843.000754444445 0.030032715452833713 0.012242083853200735 77.9178925262022
0.1 300 59873.000754444445 0.06375936936256733 0.02207243672143416 88.09318173904467
0.1 300 59903.000754444445 0.09135531254378242 0.02533805205650511 51.32326946382091
0.1 300 59933.000754444445 0.019474296709926436 0.011735591280354524 10.797436316319363
0.1 300 59963.000754444445 0.015016847104646095 0.011667963308629781 4.461725641762314
0.1 300 59993.000754444445 0.11159533957111849 0.021957761625713716 191.63384823102388
0.1 300 60023.000754444445 0.04530476103084319 0.017814791212955018 79.05667289294797
0.1 300 60053.000754444445 0.06257393322983337 0.026095338925164625 19.78352862255997
0.1 300 60083.000754444445 0.028282215927423596 0.01066036123537516 12.900695153723063
0.1 300 60113.000754444445 0.03608910468858533 0.020494430956169974 65.34831295195181
0.1 300 60143.000754444445 0.03200864951103788 0.012426209493990956 12.518468489033694
0.1 300 60173.000754444445 0.12348729384561972 0.02181934876894241 120.64383812512824
0.1 300 60203.000754444445 0.09695006722041355 0.02043407290466766 121.62559793120454
0.1 300 60215.030523950656 0.042513814069640214 0.021093504859292418 27.234561095843674
