2026/2026ApJ...996...38A/VER-000168-lc-1.ecsv
# %ECSV 0.9
# ---
# datatype:
# - {name: e_min, unit: GeV, datatype: float64}
# - {name: time_min, unit: MJD, datatype: float64}
# - {name: time_max, unit: MJD, datatype: float64}
# - {name: significance, datatype: float32}
# - {name: flux, unit: 1.e-12 cm-2 s-1, datatype: float64}
# - {name: flux_err, unit: 1.e-12 cm-2 s-1, datatype: float64}
# - {name: flux_ul, unit: 1.e-12 cm-2 s-1, datatype: float64}
# meta: !!omap
# - data_type: lc
# - source_id: 168
# - file_id: 1
# - reference_id: 2026ApJ...996...38A
# - telescope: veritas
# - UL_CONF: 0.95
# - comments: |
#         Figure 1
e_min time_min time_max significance flux flux_err flux_ul
190. 57657.0000 57687.0000 0.2221 nan  0.0000e+00     1.4484e-11
190. 57777.0000 57807.0000 1.4653 nan  0.0000e+00     2.2291e-11
190. 58017.0000 58047.0000 0.1853 nan  0.0000e+00     5.5220e-12
190. 58047.0000 58077.0000 3.1389 4.0635e-12  1.3422e-12     nan
190. 58077.0000 58107.0000 3.8162 5.2806e-12  1.4568e-12     nan
190. 58107.0000 58137.0000 0.5695 nan  0.0000e+00     4.7114e-12
190. 58137.0000 58167.0000 1.3483 nan  0.0000e+00     9.4690e-12
190. 58167.0000 58197.0000 0.0 nan    0.0000e+00      3.7830e-11
190. 58377.0000 58407.0000 -0.438 nan  0.0000e+00     5.1939e-12
190. 58407.0000 58437.0000 1.2178 nan  0.0000e+00     3.9828e-12
190. 58437.0000 58467.0000 0.2554 nan  0.0000e+00     3.4711e-12
190. 58467.0000 58497.0000 1.479 nan  0.0000e+00      1.2075e-11
190. 58497.0000 58527.0000 1.1736 nan  0.0000e+00     1.1970e-11
190. 58527.0000 58557.0000 1.2293 nan  0.0000e+00     1.4310e-11
190. 58737.0000 58767.0000 1.0547 nan  0.0000e+00     7.3463e-12
190. 58767.0000 58797.0000 -0.5877 nan  0.0000e+00    5.2816e-12
190. 58797.0000 58827.0000 1.8972 nan  0.0000e+00     1.7166e-11
190. 58827.0000 58857.0000 0.0938 nan  0.0000e+00     6.3610e-12
190. 58857.0000 58887.0000 0.6572 nan  0.0000e+00     7.3905e-12
190. 59127.0000 59157.0000 -0.3831 nan  0.0000e+00    3.7024e-12
190. 59157.0000 59187.0000 0.6627 nan  0.0000e+00     8.1462e-12
190. 59187.0000 59217.0000 2.4485 8.4710e-12  3.7220e-12      nan
190. 59217.0000 59247.0000 0.646 nan  0.0000e+00      8.5115e-12
190. 59247.0000 59277.0000 -0.4587 nan  0.0000e+00    4.0993e-12
190. 59277.0000 59307.0000 1.0343 nan  0.0000e+00     1.4334e-11
190. 59547.0000 59577.0000 -0.1053 nan  0.0000e+00    1.6626e-11
190. 59607.0000 59637.0000 -0.2816 nan  0.0000e+00    6.4106e-12
190. 59847.0000 59877.0000 0.0 nan  0.0000e+00        6.5862e-12
190. 59877.0000 59907.0000 -1.4447 nan  0.0000e+00    4.0217e-12
190. 59907.0000 59937.0000 0.611 nan  0.0000e+00      1.5137e-11
190. 59937.0000 59967.0000 1.4423 nan  0.0000e+00     1.9073e-11
190. 60207.0000 60237.0000 0.6701 nan  0.0000e+00     9.8412e-12
190. 60237.0000 60267.0000 0.5891 nan  0.0000e+00     8.3970e-12
190. 60267.0000 60297.0000 -0.1695 nan  0.0000e+00    4.2806e-12
