2026/2026ApJ...996...38A/XRT-000168-lc-1.ecsv
# %ECSV 1.0
# ---
# datatype:
# - {name: e_min, unit: keV, datatype: float64}
# - {name: e_max, unit: keV, datatype: float64}
# - {name: time, unit: MJD, datatype: float64}
# - {name: time_errp, unit: MJD, datatype: float64}
# - {name: time_errn, unit: MJD, datatype: float64}
# - {name: flux, unit: 1.e-13 erg cm-2 s-1, datatype: float64}
# - {name: flux_errp, unit: 1.e-13 erg cm-2 s-1, datatype: float64}
# - {name: flux_errn, unit: 1.e-13 erg cm-2 s-1, datatype: float64}
# meta: !!omap
# - data_type: lc
# - source_id: 168
# - reference_id: 2026ApJ...996...38A
# - telescope: xrt
# - {SED_TYPE: flux}
# - UL_CONF: 0.95
# schema: astropy-2.0
e_min e_max time time_errp time_errn flux flux_errp flux_errn
0.3 10 54882.42761  0.039074074 0.039074074 6.3E-13 2.6E-13 1.9E-13
0.3 10 55037.51198  0.167916667 0.167916667 9.5E-13 2.2E-13 1.6E-13
0.3 10 55538.38921  0.005949074 0.005949074 3.1E-12 8E-13   7E-13
0.3 10 55663.38681  0.004195602 0.004195602 5.18E-12    1.11E-12    8.9E-13
0.3 10 55771.18731  0.166869213 0.166869213 1.2E-12 5E-13   5E-13
0.3 10 58019.47102  0.46306713  0.46306713  2.6E-12 8E-13   7E-13
0.3 10 58023.85448  0.066030093 0.066030093 3.57E-12    2.8E-13 3E-13
0.3 10 58026.22831  0.039131944 0.039131944 1.8E-12 5E-13   3E-13
0.3 10 58028.64301  0.011550926 0.011550926 3.1E-12 4E-13   4E-13
0.3 10 58029.67554  0.103663194 0.103663194 5.1E-12 7E-13   7E-13
0.3 10 58030.73789  0.038518519 0.038518519 4.8E-12 8E-13   7E-13
0.3 10 58031.79537  0.102575231 0.102575231 6.5E-12 6E-13   6E-13
0.3 10 58032.8995   0.342881944 0.342881944 2.8E-12 4E-13   5E-13
0.3 10 58034.44885  0.03380787  0.03380787  3E-12   5E-13   4E-13
0.3 10 58040.9462   0.001041667 0.001041667 2.7E-12 2.7E-12 1.2E-12
0.3 10 58042.76954  0.168680556 0.168680556 2.4E-12 4E-13   6E-13
0.3 10 58044.13105  0.069693287 0.069693287 1.9E-12 4E-13   5E-13
0.3 10 58047.21399  0.636041667 0.636041667 1.7E-12 4E-13   3E-13
0.3 10 58050.72965  0.044681713 0.044681713 1.7E-12 3E-13   3E-13
0.3 10 58053.31719  0.033547454 0.033547454 1.8E-12 6E-13   5E-13
0.3 10 58059.66308  0.073043981 0.073043981 1.95E-12    3.4E-13 2.5E-13
0.3 10 58065.63999  0.33712963  0.33712963  2.5E-12 4E-13   3E-13
0.3 10 58068.36532  0.074282407 0.074282407 1.73E-12    3.2E-13 2.3E-13
0.3 10 58069.53695  0.50328125  0.50328125  2.7E-12 6E-13   4E-13
0.3 10 58071.15613  0.130011574 0.130011574 2.6E-12 4E-13   4E-13
0.3 10 58072.09602  0.004021991 0.004021991 1.1E-12 5E-13   4E-13
0.3 10 58073.09222  0.004351852 0.004351852 2.2E-12 9E-13   7E-13
0.3 10 58074.24948  0.096377315 0.096377315 2E-12   4E-13   3E-13
0.3 10 58075.08421  0.004699074 0.004699074 1.7E-12 7E-13   5E-13
0.3 10 58075.66648  0.005763889 0.005763889 2.3E-12 7E-13   7E-13
0.3 10 58076.08043  0.005017361 0.005017361 2.6E-12 1E-12   8E-13
0.3 10 58077.07655  0.005428241 0.005428241 2E-12   7E-13   5E-13
0.3 10 58078.07276  0.005746528 0.005746528 1.2E-12 5E-13   4E-13
0.3 10 58079.06855  0.005775463 0.005775463 1.8E-12 6E-13   6E-13
0.3 10 58080.13312  0.005787037 0.005787037 1.6E-12 7E-13   5E-13
0.3 10 58081.12896  0.005787037 0.005787037 1E-12   6E-13   4E-13
0.3 10 58082.05607  0.005758102 0.005758102 9E-13   5E-13   3E-13
0.3 10 58083.12051  0.005734954 0.005734954 1.5E-12 7E-13   5E-13
0.3 10 58084.05099  0.005983796 0.005983796 2.13E-12    1.02E-12    9.5E-13
0.3 10 58086.10999  0.006006944 0.006006944 1.9E-12 8E-13   6E-13
0.3 10 58087.15706  0.005457176 0.005457176 1.9E-12 5E-13   4E-13
0.3 10 58116.21521  0.237581019 0.237581019 2.9E-12 1.3E-12 1.2E-12
0.3 10 58127.14286  0.004409722 0.004409722 1.5E-12 8E-13   5E-13
0.3 10 58129.21357  0.005891204 0.005891204 1.9E-12 4E-13   4E-13
0.3 10 58130.07436  0.062494213 0.062494213 1.4E-12 4E-13   3E-13
0.3 10 58131.26333  0.006122685 0.006122685 1.2E-12 4E-13   3E-13
0.3 10 58133.92851  0.072222222 0.072222222 2.03E-12    3E-13   3.2E-13
0.3 10 58135.19482  0.005891204 0.005891204 1.7E-12 9E-13   4E-13
0.3 10 58137.24598  0.00265625  0.00265625  1.84E-12    1.15E-12    6.8E-13
0.3 10 58138.00773  0.099224537 0.099224537 1.41E-12    2.8E-13 3.2E-13
0.3 10 58140.06495  0.839236111 0.839236111 1.26E-12    3.2E-13 2.3E-13
0.3 10 58192.89802  0.005763889 0.005763889 2E-12   1E-12   7E-13
0.3 10 58194.42956  0.006556713 0.006556713 3.11E-12    1.25E-12    7.1E-13
0.3 10 58211.7993   0.102118056 0.102118056 2.14E-12    1.26E-12    6E-13
0.3 10 58408.14536  0.071354167 0.071354167 2.8E-12 4E-13   4E-13
0.3 10 58437.46188  0.034681713 0.034681713 1.9E-12 7E-13   5E-13
0.3 10 58456.06224  0.038478009 0.038478009 2.4E-12 5E-13   5E-13
0.3 10 58457.05393  0.035677083 0.035677083 2.6E-12 6E-13   4E-13
0.3 10 58458.02404  0.009334491 0.009334491 2.4E-12 8E-13   4E-13
0.3 10 58459.13225  0.034427083 0.034427083 2.8E-12 6E-13   6E-13
0.3 10 58461.08996  0.068385417 0.068385417 1.9E-12 7E-13   4E-13
0.3 10 58463.63933  0.108616898 0.108616898 2E-12   5E-13   5E-13
0.3 10 58694.92783  0.039554398 0.039554398 3.1E-12 5E-13   5E-13
0.3 10 58695.02282  0.007771991 0.007771991 3.8E-12 9E-13   9E-13
0.3 10 58725.23799  0.07802662  0.07802662  2.3E-12 4E-13   4E-13
0.3 10 58754.49532  0.101921296 0.101921296 3E-12   5E-13   5E-13
0.3 10 58755.84744  0.009513889 0.009513889 2.92E-12    1.08E-12    8.7E-13
0.3 10 58784.4335   0.10958912  0.10958912  3E-12   4E-13   4E-13
0.3 10 58816.34722  0.207673611 0.207673611 2.8E-12 4E-13   5E-13
0.3 10 58843.36194  0.072106481 0.072106481 2.7E-12 5E-13   4E-13
0.3 10 58872.17585  0.072766204 0.072766204 2.49E-12    4.2E-13 2.8E-13
0.3 10 58874.84171  0.009704861 0.009704861 2.5E-12 6E-13   4E-13
0.3 10 58902.42282  0.308478009 0.308478009 5.3E-12 5E-13   3E-13
0.3 10 58932.47506  0.273570602 0.273570602 2.8E-12 5E-13   4E-13
0.3 10 58960.45955  0.439085648 0.439085648 4.3E-12 5E-13   6E-13
0.3 10 59118.23589  0.071782407 0.071782407 3E-12   5E-13   4E-13
0.3 10 59137.21901  0.069907407 0.069907407 3.2E-12 5E-13   5E-13
0.3 10 59148.35193  0.165462963 0.165462963 2.7E-12 5E-13   4E-13
0.3 10 59166.13389  0.101556713 0.101556713 2.6E-12 4E-13   4E-13
0.3 10 59166.35963  0.004982639 0.004982639 2.7E-12 8E-13   9E-13
0.3 10 59168.12619  0.103703704 0.103703704 2.6E-12 5E-13   6E-13
0.3 10 59170.78284  0.03802662  0.03802662  2.3E-12 7E-13   5E-13
0.3 10 59171.07974  0.071695602 0.071695602 2.1E-12 4E-13   4E-13
0.3 10 59171.40443  0.005324074 0.005324074 1.88E-12    1.05E-12    4.9E-13
0.3 10 59173.07341  0.070347222 0.070347222 2.3E-12 4E-13   3E-13
0.3 10 59193.92491  0.07234375  0.07234375  2.4E-12 6E-13   6E-13
0.3 10 59194.31367  0.27662037  0.27662037  2.4E-12 5E-13   4E-13
0.3 10 59195.23642  0.005283565 0.005283565 1.6E-12 9E-13   7E-13
0.3 10 59198.29088  0.004988426 0.004988426 4.2E-12 1.5E-12 1.6E-12
0.3 10 59198.89816  0.00396412  0.00396412  4.3E-12 1.8E-12 1.5E-12
0.3 10 59199.25304  0.237980324 0.237980324 2.2E-12 5E-13   4E-13
0.3 10 59201.02076  0.198703704 0.198703704 2.1E-12 5E-13   4E-13
0.3 10 59201.27907  0.005671296 0.005671296 2.35E-12    1.17E-12    7.5E-13
0.3 10 59202.95419  0.00416088  0.00416088  2.2E-12 7E-13   6E-13
0.3 10 59203.15072  0.13125 0.13125 2.53E-12    4.6E-13 2.8E-13
0.3 10 59223.20164  0.005353009 0.005353009 2.4E-12 1E-12   8E-13
0.3 10 59226.25256  0.002378472 0.002378472 1E-12   6E-13   4E-13
0.3 10 59226.98229  0.008703704 0.008703704 2E-12   6E-13   6E-13
0.3 10 59231.0625   0.107662037 0.107662037 1.7E-12 4E-13   3E-13
0.3 10 59249.14651  0.005601852 0.005601852 1.3E-12 6E-13   5E-13
0.3 10 59251.13232  0.000405093 0.000405093 1.7E-12 3E-12   1.1E-12
0.3 10 59253.1993   0.00349537  0.00349537  2.7E-12 1.7E-12 1.1E-12
0.3 10 59255.1908   0.006452546 0.006452546 1.96E-12    1.09E-12    7.9E-13
0.3 10 59257.34283  0.162760417 0.162760417 1.5E-12 9E-13   6E-13
0.3 10 59257.85449  0.005266204 0.005266204 1.1E-12 9E-13   5E-13
0.3 10 59258.34845  0.041846065 0.041846065 1.41E-12    5.4E-13 2.8E-13
0.3 10 59500.25017  0.131099537 0.131099537 1.8E-12 3E-13   4E-13
0.3 10 59507.65117  0.240543981 0.240543981 2.6E-12 8E-13   7E-13
0.3 10 59515.54783  0.102899306 0.102899306 2.9E-12 9E-13   9E-13
0.3 10 59841.30277  0.039103009 0.039103009 2E-12   5E-13   4E-13
0.3 10 60295.31416  0.005329861 0.005329861 1.63E-12    1.7E-12 9.9E-13
0.3 10 60296.23724  0.005150463 0.005150463 2.31E-12    1.24E-12    8.3E-13
0.3 10 60319.27904  0.040428241 0.040428241 2.7E-12 7E-13   7E-13
0.3 10 60320.27072  0.037650463 0.037650463 2E-12   7E-13   7E-13
