2026/2026JCAP...03..035A/Fermi-HAWC-HESS-MAGIC-VERITAS-combined-DM-search_dm_ann_Fig1_WW.ecsv
# %ECSV 0.9
# ---
# datatype:
# - {name: mass      , unit: GeV     , datatype: float32 , description: DM mass              }
# - {name: sigmav    , unit: cm3s-1  , datatype: float32 , description: <sigmav>             }
# - {name: sv_med     , unit: cm3s-1  , datatype: float32 , description: <sigmav>  from null hypothesis           }
# - {name: sv_lo_95    , unit: cm3s-1  , datatype: float32 , description: <sigmav>  Lower bound 3 sigma from null hypothesis           }
# - {name: sv_lo_68    , unit: cm3s-1  , datatype: float32 , description: <sigmav>  Lower bound 1 sigma from null hypothesis          }
# - {name: sv_hi_68    , unit: cm3s-1  , datatype: float32 , description: <sigmav>  Upper bound 1 sigma from null hypothesis          }
# - {name: sv_hi_95    , unit: cm3s-1  , datatype: float32 , description: <sigmav>  Upper bound 2 sigma from null hypothesis          }
# meta: !!omap
# - {reference:        "Combined dark matter search towards dwarf spheroidal galaxies with Fermi-LAT, HAWC, H.E.S.S., MAGIC, and VERITAS"}
# - {doi:              "https://doi.org/10.1088/1475-7516/2026/03/035"}
# - {arxiv:            "https://arxiv.org/abs/2508.20229"}
# - {instrument:       "joint"}
# - {year:             ""}
# - {source:           ""}
# - {channel:          "WW"}
# - {confidence        "0.95" }
# - {dmfraction:       "1"}
# - {obs_time:         "h"}
# - {figure:           "Fig. 1"}
# - {comment:          ""}
# - {status:           ""}
# - {reference_id:     "2026JCAP...03..035A"}
mass    sigmav    sv_med    sv_lo_95    sv_lo_68    sv_hi_68    sv_hi_95
90    1.4542e-26    2.02337e-26    1.05084e-26    1.35796e-26    4.02986e-26    7.84833e-26
100    1.55016e-26    2.15988e-26    1.12753e-26    1.45745e-26    4.27779e-26    8.36463e-26
110    1.64744e-26    2.30119e-26    1.20692e-26    1.57168e-26    4.46763e-26    8.40258e-26
120    1.75048e-26    2.47514e-26    1.30421e-26    1.68304e-26    4.67924e-26    8.7201e-26
130    1.97681e-26    2.78399e-26    1.46433e-26    1.89433e-26    5.5271e-26    1.04795e-25
140    2.09984e-26    2.93711e-26    1.54757e-26    2.00566e-26    5.65511e-26    1.08926e-25
150    2.23092e-26    2.99838e-26    1.63863e-26    2.08134e-26    5.84437e-26    1.12992e-25
160    2.36807e-26    3.05807e-26    1.72444e-26    2.20174e-26    6.4553e-26    1.17477e-25
180    2.71644e-26    3.63585e-26    1.98434e-26    2.56045e-26    6.68921e-26    1.26615e-25
200    3.01544e-26    3.73024e-26    2.1777e-26    2.77011e-26    6.63104e-26    1.31272e-25
220    3.3982e-26    4.17238e-26    2.43765e-26    3.14092e-26    6.91513e-26    1.43229e-25
240    3.82905e-26    4.82961e-26    2.71479e-26    3.42854e-26    8.55697e-26    1.7307e-25
260    4.1438e-26    5.21883e-26    2.98941e-26    3.66911e-26    9.29706e-26    1.72088e-25
280    4.48545e-26    5.56021e-26    3.14415e-26    3.98048e-26    9.556e-26    1.96849e-25
300    4.96299e-26    6.12447e-26    3.61567e-26    4.39967e-26    1.0264e-25    2.18044e-25
330    5.49491e-26    6.68455e-26    4.02667e-26    4.85926e-26    1.11677e-25    2.30802e-25
360    6.21767e-26    7.35475e-26    4.54058e-26    5.40915e-26    1.20103e-25    2.63938e-25
400    7.11295e-26    8.27e-26    5.19869e-26    6.12009e-26    1.32609e-25    3.08825e-25
450    8.20164e-26    9.20117e-26    5.88504e-26    6.90854e-26    1.43596e-25    3.15134e-25
500    9.56245e-26    1.07674e-25    6.88463e-26    8.02661e-26    1.63859e-25    3.78095e-25
550    1.10879e-25    1.21948e-25    7.94131e-26    9.17967e-26    1.88712e-25    3.89003e-25
600    1.21532e-25    1.32439e-25    8.61807e-26    9.89626e-26    2.03653e-25    4.41033e-25
650    1.33306e-25    1.4426e-25    9.34747e-26    1.07017e-25    2.21454e-25    4.7335e-25
700    1.50285e-25    1.59434e-25    1.00635e-25    1.18116e-25    2.44455e-25    5.20178e-25
750    1.63e-25    1.7154e-25    1.09977e-25    1.26452e-25    2.6345e-25    5.65195e-25
800    1.83237e-25    1.86611e-25    1.20086e-25    1.40555e-25    2.89979e-25    6.16459e-25
900    2.11931e-25    2.11285e-25    1.33354e-25    1.56969e-25    3.25821e-25    7.15478e-25
1000    2.52948e-25    2.44015e-25    1.48733e-25    1.81486e-25    3.75027e-25    8.26126e-25
1100    3.01495e-25    2.80453e-25    1.67963e-25    2.0546e-25    4.47313e-25    9.49768e-25
1200    3.39351e-25    3.12293e-25    1.80229e-25    2.24251e-25    4.96381e-25    1.02063e-24
1300    3.9968e-25    3.53505e-25    1.99935e-25    2.47925e-25    5.88659e-25    1.15255e-24
1500    4.82321e-25    4.05966e-25    2.20795e-25    2.78991e-25    6.99594e-25    1.3424e-24
1700    5.79108e-25    4.75785e-25    2.47337e-25    3.20441e-25    8.71762e-25    1.69418e-24
2000    7.11009e-25    5.95333e-25    2.87158e-25    3.89883e-25    1.14662e-24    2.73886e-24
2500    9.65249e-25    8.2362e-25    3.38341e-25    4.94709e-25    1.778e-24    4.19361e-24
3000    1.22045e-24    1.01026e-24    4.1303e-25    5.96271e-25    2.37438e-24    5.95776e-24
4000    1.80568e-24    1.43986e-24    5.03263e-25    7.63965e-25    3.52548e-24    8.14088e-24
5000    2.40392e-24    1.98653e-24    6.05995e-25    9.51128e-25    5.25779e-24    1.08549e-23
6000    2.89606e-24    2.46201e-24    6.75627e-25    1.11133e-24    6.55762e-24    1.42042e-23
7000    3.27856e-24    2.94368e-24    8.06537e-25    1.32556e-24    8.04228e-24    1.74152e-23
8000    3.56434e-24    3.376e-24    9.424e-25    1.49192e-24    8.94972e-24    1.99009e-23
9000    3.87807e-24    3.86731e-24    9.455e-25    1.68755e-24    1.02211e-23    2.20011e-23
10000    4.23129e-24    4.31889e-24    1.03604e-24    1.89712e-24    1.1638e-23    2.53614e-23
12000    4.88405e-24    4.911e-24    1.38722e-24    2.31453e-24    1.43077e-23    2.75373e-23
15000    6.09718e-24    6.16558e-24    1.65444e-24    2.85741e-24    1.7669e-23    3.23302e-23
20000    8.8197e-24    8.62042e-24    2.02234e-24    3.83149e-24    2.49028e-23    4.5442e-23
30000    1.17922e-23    1.1334e-23    2.77185e-24    4.91239e-24    3.07249e-23    5.04935e-23
50000    2.11386e-23    1.83611e-23    4.5839e-24    8.13258e-24    4.84205e-23    8.78734e-23
100000    3.02702e-23    3.14294e-23    7.53024e-24    1.4078e-23    7.98826e-23    1.45032e-22
