2026/2026JCAP...03..035A/Fermi-HAWC-HESS-MAGIC-VERITAS-combined-DM-search_dm_ann_Fig2_tt.ecsv
# %ECSV 0.9
# ---
# datatype:
# - {name: mass, unit: GeV , datatype: float32 , description: DM mass              }
# - {name: sigmav, unit: cm3s-1  , datatype: float32 , description: <sigmav>             }
# - {name: sv_med, unit: cm3s-1  , datatype: float32 , description: <sigmav>  from null hypothesis           }
# - {name: sv_lo_95, unit: cm3s-1  , datatype: float32 , description: <sigmav>  Lower bound 3 sigma from null hypothesis           }
# - {name: sv_lo_68, unit: cm3s-1  , datatype: float32 , description: <sigmav>  Lower bound 1 sigma from null hypothesis          }
# - {name: sv_hi_68, unit: cm3s-1  , datatype: float32 , description: <sigmav>  Upper bound 1 sigma from null hypothesis          }
# - {name: sv_hi_95, unit: cm3s-1  , datatype: float32 , description: <sigmav>  Upper bound 2 sigma from null hypothesis          }
# meta: !!omap
# - {reference:        "Combined dark matter search towards dwarf spheroidal galaxies with Fermi-LAT, HAWC, H.E.S.S., MAGIC, and VERITAS"}
# - {doi:              "https://doi.org/10.1088/1475-7516/2026/03/035"}
# - {arxiv:            "https://arxiv.org/abs/2508.20229"}
# - {instrument:       "joint"}
# - {year:             ""}
# - {source:           ""}
# - {channel:          "tt"}
# - {confidence        "0.95" }
# - {dmfraction:       "1"}
# - {obs_time:         "h"}
# - {figure:           "Fig. 2"}
# - {comment:          ""}
# - {status:           ""}
# - {reference_id:     "2026JCAP...03..035A"}
mass   sigmav   sv_med   sv_lo_95   sv_lo_68   sv_hi_68   sv_hi_95
180    7.04876e-27    1.14281e-26    4.92209e-27    6.44693e-27    2.44401e-26    5.70717e-26
200    7.77646e-27    1.27155e-26    5.13028e-27    7.49452e-27    2.65069e-26    6.1478e-26
220    8.92765e-27    1.38046e-26    5.75936e-27    8.07542e-27    2.89199e-26    6.58549e-26
240    1.00808e-26    1.45794e-26    5.92656e-27    8.32273e-27    2.98883e-26    7.24869e-26
260    1.08596e-26    1.5231e-26    6.48425e-27    8.96251e-27    2.96632e-26    6.42131e-26
280    1.16451e-26    1.68449e-26    7.01648e-27    9.51258e-27    3.19776e-26    7.09792e-26
300    1.27499e-26    1.79945e-26    7.77862e-27    1.07222e-26    3.63485e-26    8.32724e-26
330    1.38331e-26    1.99261e-26    8.47398e-27    1.19678e-26    3.91423e-26    8.76681e-26
360    1.53803e-26    2.19841e-26    9.99545e-27    1.3096e-26    4.24475e-26    1.01151e-25
400    1.7403e-26    2.3824e-26    1.12818e-26    1.47024e-26    4.73122e-26    1.12532e-25
450    1.93434e-26    2.77312e-26    1.26568e-26    1.61742e-26    5.23526e-26    1.24961e-25
500    2.19205e-26    2.97822e-26    1.4588e-26    1.85273e-26    5.65126e-26    1.32202e-25
550    2.50223e-26    3.31613e-26    1.66839e-26    2.10364e-26    6.26963e-26    1.50991e-25
600    2.69247e-26    3.53475e-26    1.79061e-26    2.26629e-26    6.61076e-26    1.55217e-25
650    2.89874e-26    3.76251e-26    1.94812e-26    2.45742e-26    7.04113e-26    1.59221e-25
700    3.33205e-26    4.27839e-26    2.15554e-26    2.78867e-26    8.22614e-26    1.84679e-25
750    3.53551e-26    4.52094e-26    2.28154e-26    2.99068e-26    8.70116e-26    1.93757e-25
800    3.74877e-26    4.73802e-26    2.5715e-26    3.16916e-26    9.03371e-26    1.99037e-25
900    4.21573e-26    5.26039e-26    2.90323e-26    3.53929e-26    9.89987e-26    2.08999e-25
1000    4.81711e-26    5.95778e-26    3.11568e-26    4.06305e-26    1.12867e-25    2.39578e-25
1100    5.39572e-26    6.70907e-26    3.57873e-26    4.65199e-26    1.27015e-25    2.73694e-25
1200    5.952e-26    7.29401e-26    3.92257e-26    5.12335e-26    1.36212e-25    2.94624e-25
1300    6.70168e-26    8.0891e-26    4.72686e-26    5.74087e-26    1.51338e-25    3.32259e-25
1500    7.75696e-26    9.18043e-26    5.47224e-26    6.72648e-26    1.70876e-25    3.76462e-25
1700    9.10056e-26    1.08196e-25    6.42934e-26    7.87093e-26    1.96003e-25    4.11586e-25
2000    1.1128e-25    1.30271e-25    7.91948e-26    9.64704e-26    2.32422e-25    5.06579e-25
2500    1.51057e-25    1.74053e-25    1.10786e-25    1.34511e-25    3.04541e-25    6.75245e-25
3000    1.89299e-25    2.1849e-25    1.42492e-25    1.71279e-25    3.79698e-25    8.3799e-25
4000    2.63948e-25    3.13535e-25    2.01109e-25    2.39703e-25    5.41745e-25    1.03172e-24
5000    3.56725e-25    4.36016e-25    2.71945e-25    3.32265e-25    7.42444e-25    1.47835e-24
6000    4.43504e-25    5.61448e-25    3.4555e-25    4.21945e-25    9.36777e-25    1.90998e-24
7000    5.36958e-25    6.87488e-25    4.22778e-25    5.15427e-25    1.16397e-24    2.37281e-24
8000    6.12331e-25    8.12928e-25    4.88221e-25    6.00005e-25    1.3612e-24    2.86763e-24
9000    7.10127e-25    9.82187e-25    5.64409e-25    7.05914e-25    1.68971e-24    4.07509e-24
10000    8.14656e-25    1.15965e-24    6.53318e-25    8.24957e-25    2.07793e-24    5.07304e-24
12000    1.00147e-24    1.48236e-24    7.94411e-25    1.03647e-24    2.92195e-24    6.66745e-24
15000    1.27704e-24    2.07142e-24    1.04337e-24    1.36157e-24    4.37231e-24    8.99857e-24
20000    1.77806e-24    3.1708e-24    1.41954e-24    2.00329e-24    7.84082e-24    1.6062e-23
30000    2.7351e-24    5.64054e-24    2.20325e-24    3.10349e-24    1.44793e-23    3.70672e-23
50000    4.577e-24    1.06383e-23    3.67209e-24    5.47816e-24    2.62479e-23    6.92065e-23
100000    8.30531e-24    2.17708e-23    6.50469e-24    1.03672e-23    5.26708e-23    1.31392e-22
