2026/2026JCAP...03..035A/Fermi-HAWC-HESS-MAGIC-VERITAS-combined-DM-search_dm_ann_Fig2_ee.ecsv
# %ECSV 0.9
# ---
# datatype:
# - {name: mass      , unit: GeV     , datatype: float32 , description: DM mass              }
# - {name: sigmav    , unit: cm3s-1  , datatype: float32 , description: <sigmav>             }
# - {name: sv_med     , unit: cm3s-1  , datatype: float32 , description: <sigmav>  from null hypothesis           }
# - {name: sv_lo_95    , unit: cm3s-1  , datatype: float32 , description: <sigmav>  Lower bound 3 sigma from null hypothesis           }
# - {name: sv_lo_68    , unit: cm3s-1  , datatype: float32 , description: <sigmav>  Lower bound 1 sigma from null hypothesis          }
# - {name: sv_hi_68    , unit: cm3s-1  , datatype: float32 , description: <sigmav>  Upper bound 1 sigma from null hypothesis          }
# - {name: sv_hi_95    , unit: cm3s-1  , datatype: float32 , description: <sigmav>  Upper bound 2 sigma from null hypothesis          }
# meta: !!omap
# - {reference:        "Combined dark matter search towards dwarf spheroidal galaxies with Fermi-LAT, HAWC, H.E.S.S., MAGIC, and VERITAS"}
# - {doi:              "https://doi.org/10.1088/1475-7516/2026/03/035"}
# - {arxiv:            "https://arxiv.org/abs/2508.20229"}
# - {instrument:       "joint"}
# - {year:             ""}
# - {source:           ""}
# - {channel:          "ee"}
# - {confidence        "0.95" }
# - {dmfraction:       "1"}
# - {obs_time:         "h"}
# - {figure:           "Fig. 2"}
# - {comment:          ""}
# - {status:           ""}
# - {reference_id:     "2026JCAP...03..035A"}
mass    sigmav    sv_med    sv_lo_95    sv_lo_68    sv_hi_68    sv_hi_95
5    1.69355e-27    3.36663e-27    1.19771e-27    1.83424e-27    6.95007e-27    1.52957e-26
6    1.79679e-27    4.12329e-27    1.34186e-27    2.2175e-27    7.8061e-27    2.00907e-26
8    2.26528e-27    4.54662e-27    1.63075e-27    2.55155e-27    8.72859e-27    2.27708e-26
10    3.56924e-27    4.93553e-27    1.97431e-27    2.83576e-27    1.16656e-26    2.74408e-26
15    4.54562e-27    6.47615e-27    2.75493e-27    3.65523e-27    1.33784e-26    2.80232e-26
20    5.33191e-27    7.7104e-27    3.55138e-27    4.54162e-27    1.56323e-26    3.35227e-26
25    6.48001e-27    8.89097e-27    4.4005e-27    5.69583e-27    1.86491e-26    3.60065e-26
30    7.80856e-27    1.01145e-26    5.27349e-27    6.75542e-27    2.0488e-26    3.84689e-26
40    1.02774e-26    1.37166e-26    7.53659e-27    1.00086e-26    2.66945e-26    6.08389e-26
50    1.54242e-26    1.69026e-26    1.03473e-26    1.2669e-26    3.12422e-26    7.11198e-26
60    1.98348e-26    2.04384e-26    1.30263e-26    1.57491e-26    3.72291e-26    8.07943e-26
70    2.3907e-26    2.4505e-26    1.5728e-26    1.90792e-26    4.54103e-26    8.57847e-26
80    2.8397e-26    2.92818e-26    1.94582e-26    2.28965e-26    5.05663e-26    9.7556e-26
90    3.32667e-26    3.45844e-26    2.30288e-26    2.69907e-26    5.96765e-26    1.12997e-25
100    3.75595e-26    3.86905e-26    2.63791e-26    3.06694e-26    6.66709e-26    1.27855e-25
110    4.36068e-26    4.52949e-26    3.04936e-26    3.57798e-26    7.40517e-26    1.47635e-25
120    4.81217e-26    5.00305e-26    3.37317e-26    3.94009e-26    8.14468e-26    1.65066e-25
130    5.45279e-26    5.64056e-26    3.8832e-26    4.51271e-26    8.99791e-26    1.82831e-25
140    5.90963e-26    6.08787e-26    4.29426e-26    4.77069e-26    1.02076e-25    2.00164e-25
150    6.61592e-26    6.90531e-26    4.82944e-26    5.48008e-26    1.06233e-25    2.2087e-25
160    7.10961e-26    7.51659e-26    5.19724e-26    5.91351e-26    1.15413e-25    2.39226e-25
180    8.49746e-26    8.63254e-26    5.9828e-26    6.9062e-26    1.41729e-25    2.81443e-25
200    9.44788e-26    1.01041e-25    6.77335e-26    8.0509e-26    1.51687e-25    3.20962e-25
220    1.0747e-25    1.15546e-25    7.61055e-26    9.02335e-26    1.70292e-25    3.55134e-25
240    1.22368e-25    1.3566e-25    8.67178e-26    1.07365e-25    2.0372e-25    4.00253e-25
260    1.32729e-25    1.50193e-25    9.53811e-26    1.18089e-25    2.28495e-25    4.54788e-25
280    1.42055e-25    1.62423e-25    1.03029e-25    1.28853e-25    2.51944e-25    5.29974e-25
300    1.56717e-25    1.83089e-25    1.13368e-25    1.44586e-25    3.02758e-25    6.62808e-25
330    1.73856e-25    2.07457e-25    1.27328e-25    1.59379e-25    3.4799e-25    7.67124e-25
360    1.95329e-25    2.43631e-25    1.46461e-25    1.81382e-25    4.16715e-25    9.73923e-25
400    2.23915e-25    2.92423e-25    1.59941e-25    2.05363e-25    5.4603e-25    1.3712e-24
450    2.51976e-25    3.38898e-25    1.83207e-25    2.28998e-25    6.50279e-25    1.61648e-24
500    2.93399e-25    4.03511e-25    2.08799e-25    2.63562e-25    9.05503e-25    2.14983e-24
550    3.40071e-25    4.84248e-25    2.35709e-25    3.02775e-25    1.20225e-24    2.83945e-24
600    3.73084e-25    5.27793e-25    2.52894e-25    3.25236e-25    1.29944e-24    3.07904e-24
650    4.10963e-25    5.77365e-25    2.73155e-25    3.49207e-25    1.43734e-24    3.46151e-24
700    4.52012e-25    6.60395e-25    2.89944e-25    3.90976e-25    1.71113e-24    4.51982e-24
750    4.75032e-25    7.33788e-25    3.0403e-25    4.18632e-25    1.80818e-24    5.21044e-24
800    5.0821e-25    8.69428e-25    3.21971e-25    4.58835e-25    2.10881e-24    6.03986e-24
900    5.33194e-25    9.5425e-25    3.45656e-25    5.1954e-25    2.51921e-24    6.62919e-24
1000    5.74554e-25    1.13199e-24    3.71966e-25    5.89116e-25    3.03698e-24    8.37688e-24
1100    6.0277e-25    1.31477e-24    4.34266e-25    6.89483e-25    3.79038e-24    9.53277e-24
1200    6.16021e-25    1.48968e-24    4.7756e-25    7.47458e-25    4.03684e-24    1.02614e-23
1300    6.77037e-25    1.78532e-24    5.55578e-25    8.48373e-25    4.79135e-24    1.22283e-23
1500    7.57053e-25    2.20605e-24    6.18842e-25    9.92304e-25    5.7306e-24    1.24996e-23
1700    9.0506e-25    2.67261e-24    7.35232e-25    1.13332e-24    6.83931e-24    1.50931e-23
2000    1.19747e-24    3.30175e-24    8.70756e-25    1.36942e-24    8.69358e-24    1.95396e-23
2500    1.73562e-24    4.45597e-24    1.16234e-24    1.87447e-24    1.14438e-23    2.67993e-23
3000    2.43071e-24    5.52627e-24    1.3943e-24    2.42729e-24    1.5288e-23    3.07313e-23
4000    4.24158e-24    8.24614e-24    1.93006e-24    3.1365e-24    2.08073e-23    4.02523e-23
5000    5.61138e-24    1.07012e-23    2.1456e-24    3.78828e-24    2.56222e-23    5.23842e-23
6000    6.26562e-24    1.28186e-23    2.49396e-24    4.82822e-24    3.18517e-23    6.06708e-23
7000    6.29066e-24    1.54984e-23    2.94229e-24    5.33392e-24    3.60266e-23    7.05061e-23
8000    6.08156e-24    1.74405e-23    3.29176e-24    6.12151e-24    4.08709e-23    8.2072e-23
9000    5.82416e-24    1.87946e-23    3.58901e-24    6.91124e-24    4.70336e-23    9.58448e-23
10000    5.6617e-24    1.97088e-23    3.87502e-24    7.51818e-24    5.37583e-23    1.06444e-22
12000    5.7512e-24    2.33681e-23    4.26434e-24    8.69915e-24    6.1064e-23    1.21104e-22
15000    6.59541e-24    2.80534e-23    5.27143e-24    1.07871e-23    7.33774e-23    1.48918e-22
20000    8.9238e-24    3.84072e-23    6.89252e-24    1.45224e-23    9.3475e-23    1.9399e-22
30000    1.39435e-23    5.69506e-23    9.89983e-24    2.07215e-23    1.3035e-22    2.69149e-22
50000    2.62514e-23    1.00346e-22    1.76721e-23    3.77386e-23    2.32785e-22    4.06962e-22
100000    5.38094e-23    1.93875e-22    2.78959e-23    7.8108e-23    4.18434e-22    7.44813e-22
