2026/2026JCAP...03..035A/Fermi-HAWC-HESS-MAGIC-VERITAS-combined-DM-search_dm_ann_Fig2_tautau.ecsv
# %ECSV 0.9
# ---
# datatype:
# - {name: mass      , unit: GeV     , datatype: float32 , description: DM mass              }
# - {name: sigmav    , unit: cm3s-1  , datatype: float32 , description: <sigmav>             }
# - {name: sv_med     , unit: cm3s-1  , datatype: float32 , description: <sigmav>  from null hypothesis           }
# - {name: sv_lo_95    , unit: cm3s-1  , datatype: float32 , description: <sigmav>  Lower bound 3 sigma from null hypothesis           }
# - {name: sv_lo_68    , unit: cm3s-1  , datatype: float32 , description: <sigmav>  Lower bound 1 sigma from null hypothesis          }
# - {name: sv_hi_68    , unit: cm3s-1  , datatype: float32 , description: <sigmav>  Upper bound 1 sigma from null hypothesis          }
# - {name: sv_hi_95    , unit: cm3s-1  , datatype: float32 , description: <sigmav>  Upper bound 2 sigma from null hypothesis          }
# meta: !!omap
# - {reference:        "Combined dark matter search towards dwarf spheroidal galaxies with Fermi-LAT, HAWC, H.E.S.S., MAGIC, and VERITAS"}
# - {doi:              "https://doi.org/10.1088/1475-7516/2026/03/035"}
# - {arxiv:            "https://arxiv.org/abs/2508.20229"}
# - {instrument:       "joint"}
# - {year:             ""}
# - {source:           ""}
# - {channel:          "tautau"}
# - {confidence        "0.95" }
# - {dmfraction:       "1"}
# - {obs_time:         "h"}
# - {figure:           "Fig. 2"}
# - {comment:          ""}
# - {status:           ""}
# - {reference_id:     "2026JCAP...03..035A"}
mass    sigmav    sv_med    sv_lo_95    sv_lo_68    sv_hi_68    sv_hi_95
5    3.83863e-28    7.40381e-28    2.87585e-28    4.15649e-28    1.44016e-27    2.43265e-27
6    4.29278e-28    8.71554e-28    3.34852e-28    4.70502e-28    1.72674e-27    3.38992e-27
8    5.04973e-28    1.02569e-27    4.04666e-28    5.87321e-28    2.07778e-27    4.47422e-27
10    5.99062e-28    1.20123e-27    4.67387e-28    6.99126e-28    2.44682e-27    6.15464e-27
15    8.56196e-28    1.57834e-27    6.11205e-28    8.96587e-28    3.35405e-27    8.82389e-27
20    1.15563e-27    1.95516e-27    7.59663e-28    1.09283e-27    3.93458e-27    9.06931e-27
25    1.42251e-27    2.262e-27    9.39918e-28    1.2547e-27    4.48647e-27    1.06772e-26
30    1.71582e-27    2.60664e-27    1.12273e-27    1.43623e-27    5.05195e-27    1.15101e-26
40    2.35365e-27    3.21828e-27    1.46368e-27    1.92813e-27    6.31463e-27    1.24299e-26
50    3.06257e-27    3.80559e-27    1.87098e-27    2.43802e-27    7.30791e-27    1.63806e-26
60    3.8791e-27    4.47613e-27    2.42093e-27    3.02988e-27    8.6246e-27    1.83678e-26
70    4.58016e-27    5.04627e-27    2.92088e-27    3.65826e-27    1.00344e-26    1.90131e-26
80    5.50223e-27    5.88544e-27    3.42106e-27    4.33916e-27    1.18289e-26    2.28462e-26
90    6.43339e-27    6.81017e-27    4.06912e-27    5.01795e-27    1.29248e-26    2.76843e-26
100    7.24173e-27    7.59899e-27    4.62535e-27    5.63336e-27    1.39999e-26    2.92713e-26
110    8.38218e-27    8.56787e-27    5.45573e-27    6.54771e-27    1.58841e-26    2.95884e-26
120    9.28449e-27    9.42422e-27    6.10301e-27    7.30082e-27    1.69378e-26    3.12027e-26
130    1.06123e-26    1.05937e-26    7.15585e-27    8.33936e-27    1.87655e-26    3.56728e-26
140    1.15934e-26    1.15436e-26    7.88736e-27    8.89987e-27    2.015e-26    3.88252e-26
150    1.31943e-26    1.27807e-26    8.84767e-27    1.01996e-26    2.12612e-26    4.41217e-26
160    1.42313e-26    1.39852e-26    9.75624e-27    1.11876e-26    2.32238e-26    4.87927e-26
180    1.7106e-26    1.60114e-26    1.13767e-26    1.28443e-26    2.72893e-26    5.62566e-26
200    1.95116e-26    1.89917e-26    1.37116e-26    1.52956e-26    3.09598e-26    6.72161e-26
220    2.29511e-26    2.21925e-26    1.59426e-26    1.78176e-26    3.4484e-26    7.33376e-26
240    2.69643e-26    2.64512e-26    1.85066e-26    2.09511e-26    4.12404e-26    8.8908e-26
260    2.95289e-26    2.93903e-26    2.07455e-26    2.36714e-26    4.42859e-26    9.29627e-26
280    3.23348e-26    3.24415e-26    2.26428e-26    2.59091e-26    4.80626e-26    1.01458e-25
300    3.67956e-26    3.74654e-26    2.57776e-26    2.97899e-26    5.33399e-26    1.12651e-25
330    4.11385e-26    4.23949e-26    2.88319e-26    3.36076e-26    5.99695e-26    1.23773e-25
360    4.74374e-26    4.93182e-26    3.34643e-26    3.96572e-26    7.18605e-26    1.52121e-25
400    5.60316e-26    5.95525e-26    3.72291e-26    4.67494e-26    9.76337e-26    1.86271e-25
450    6.32711e-26    6.89343e-26    4.4889e-26    5.48125e-26    1.07865e-25    2.23511e-25
500    7.39811e-26    8.27235e-26    5.21206e-26    6.41611e-26    1.35902e-25    2.99954e-25
550    8.59766e-26    9.90226e-26    6.0036e-26    7.48881e-26    1.70189e-25    4.1896e-25
600    9.33387e-26    1.09548e-25    6.48485e-26    8.13528e-26    1.96883e-25    5.26282e-25
650    1.01698e-25    1.23917e-25    6.91249e-26    9.02588e-26    2.35848e-25    5.9669e-25
700    1.1397e-25    1.43701e-25    7.66182e-26    1.02268e-25    3.00557e-25    7.00096e-25
750    1.21973e-25    1.59058e-25    8.20698e-26    1.08499e-25    3.52104e-25    8.03694e-25
800    1.35181e-25    1.84185e-25    8.83748e-26    1.19835e-25    4.50166e-25    1.04219e-24
900    1.50194e-25    2.16722e-25    9.85548e-26    1.29549e-25    5.53788e-25    1.22211e-24
1000    1.70294e-25    2.65164e-25    1.13461e-25    1.49318e-25    7.58889e-25    1.54499e-24
1100    1.89945e-25    3.18972e-25    1.23779e-25    1.71721e-25    9.21671e-25    2.11337e-24
1200    2.01026e-25    3.69519e-25    1.27515e-25    1.86183e-25    1.0222e-24    2.50355e-24
1300    2.20253e-25    4.39447e-25    1.38627e-25    2.07734e-25    1.17117e-24    2.95576e-24
1500    2.4192e-25    5.23929e-25    1.5052e-25    2.39427e-25    1.38633e-24    3.78237e-24
1700    2.71091e-25    6.48533e-25    1.75279e-25    2.89513e-25    1.66576e-24    4.39649e-24
2000    3.1505e-25    8.39026e-25    2.01363e-25    3.43066e-25    2.00414e-24    5.38139e-24
2500    3.91882e-25    1.1223e-24    2.64815e-25    4.52756e-25    2.75503e-24    6.84275e-24
3000    4.73055e-25    1.40558e-24    3.44479e-25    5.69962e-25    3.77978e-24    7.69258e-24
4000    6.89515e-25    1.99411e-24    4.64976e-25    8.14018e-25    5.41805e-24    1.03379e-23
5000    9.71101e-25    2.6434e-24    5.75743e-25    1.07699e-24    6.9458e-24    1.4193e-23
6000    1.28133e-24    3.23769e-24    7.24332e-25    1.34669e-24    8.52769e-24    1.55172e-23
7000    1.59387e-24    3.92454e-24    7.72416e-25    1.5673e-24    1.00369e-23    1.70812e-23
8000    1.86092e-24    4.80887e-24    8.87961e-25    1.67822e-24    1.14957e-23    1.91551e-23
9000    2.07639e-24    5.3573e-24    9.87873e-25    1.90089e-24    1.33136e-23    2.20524e-23
10000    2.25293e-24    5.82697e-24    1.09337e-24    2.06695e-24    1.48913e-23    2.45599e-23
12000    2.43426e-24    6.89102e-24    1.247e-24    2.35729e-24    1.70688e-23    2.92358e-23
15000    2.6073e-24    7.88855e-24    1.57952e-24    3.13982e-24    2.13885e-23    3.79412e-23
20000    2.86142e-24    1.00209e-23    1.8461e-24    3.95573e-24    2.66343e-23    5.07193e-23
30000    3.54483e-24    1.42832e-23    2.70591e-24    5.84368e-24    3.80869e-23    7.09793e-23
50000    5.77151e-24    2.33695e-23    4.34677e-24    9.78183e-24    5.8018e-23    1.03706e-22
100000    1.28634e-23    5.099e-23    8.87454e-24    1.83505e-23    1.02581e-22    1.99974e-22
