2026/2026JCAP...03..035A/Fermi-HAWC-HESS-MAGIC-VERITAS-combined-DM-search_dm_ann_Fig1_ZZ.ecsv
# %ECSV 0.9
# ---
# datatype:
# - {name: mass      , unit: GeV     , datatype: float32 , description: DM mass              }
# - {name: sigmav    , unit: cm3s-1  , datatype: float32 , description: <sigmav>             }
# - {name: sv_med     , unit: cm3s-1  , datatype: float32 , description: <sigmav>  from null hypothesis           }
# - {name: sv_lo_95    , unit: cm3s-1  , datatype: float32 , description: <sigmav>  Lower bound 3 sigma from null hypothesis           }
# - {name: sv_lo_68    , unit: cm3s-1  , datatype: float32 , description: <sigmav>  Lower bound 1 sigma from null hypothesis          }
# - {name: sv_hi_68    , unit: cm3s-1  , datatype: float32 , description: <sigmav>  Upper bound 1 sigma from null hypothesis          }
# - {name: sv_hi_95    , unit: cm3s-1  , datatype: float32 , description: <sigmav>  Upper bound 2 sigma from null hypothesis          }
# meta: !!omap
# - {reference:        "Combined dark matter search towards dwarf spheroidal galaxies with Fermi-LAT, HAWC, H.E.S.S., MAGIC, and VERITAS"}
# - {doi:              "https://doi.org/10.1088/1475-7516/2026/03/035"}
# - {arxiv:            "https://arxiv.org/abs/2508.20229"}
# - {instrument:       "joint"}
# - {year:             ""}
# - {source:           ""}
# - {channel:          "ZZ"}
# - {confidence        "0.95" }
# - {dmfraction:       "1"}
# - {obs_time:         "h"}
# - {figure:           "Fig. 1"}
# - {comment:          ""}
# - {status:           ""}
# - {reference_id:     "2026JCAP...03..035A"}
mass   sigmav   sv_med   sv_lo_95   sv_lo_68   sv_hi_68   sv_hi_95
100    1.52126e-26    2.21302e-26    1.14318e-26    1.47556e-26    4.33192e-26    8.06078e-26
110    1.63412e-26    2.23011e-26    1.22243e-26    1.55832e-26    4.31047e-26    8.57954e-26
120    1.74954e-26    2.47752e-26    1.31289e-26    1.69293e-26    4.72096e-26    8.95039e-26
130    1.97894e-26    2.80464e-26    1.46583e-26    1.90685e-26    5.43502e-26    1.0554e-25
140    2.09995e-26    2.97206e-26    1.56199e-26    2.01201e-26    5.67219e-26    1.09075e-25
150    2.22673e-26    3.07473e-26    1.65058e-26    2.11498e-26    5.8611e-26    1.131e-25
160    2.35918e-26    3.10895e-26    1.74041e-26    2.21642e-26    6.29231e-26    1.19599e-25
180    2.69895e-26    3.69953e-26    1.97875e-26    2.57283e-26    6.95673e-26    1.35121e-25
200    2.98225e-26    3.81027e-26    2.12595e-26    2.79562e-26    7.13833e-26    1.40785e-25
220    3.33791e-26    4.09914e-26    2.28671e-26    3.05351e-26    7.05015e-26    1.4997e-25
240    3.7839e-26    4.87111e-26    2.66653e-26    3.47308e-26    8.63503e-26    1.70501e-25
260    4.06657e-26    5.13455e-26    2.77295e-26    3.56931e-26    9.14379e-26    1.76016e-25
280    4.36622e-26    5.64438e-26    3.22881e-26    3.97649e-26    9.6991e-26    1.80961e-25
300    5.03246e-26    6.40586e-26    3.70984e-26    4.56122e-26    1.07692e-25    2.3256e-25
330    5.4919e-26    6.86904e-26    4.02911e-26    4.91428e-26    1.15162e-25    2.48307e-25
360    5.99174e-26    7.37698e-26    4.40065e-26    5.34253e-26    1.23501e-25    2.59131e-25
400    6.94916e-26    8.23114e-26    5.07381e-26    6.07086e-26    1.3798e-25    2.91277e-25
450    7.87882e-26    9.13206e-26    5.85999e-26    6.86678e-26    1.50469e-25    3.28336e-25
500    9.06097e-26    1.0443e-25    6.6885e-26    7.81484e-26    1.67317e-25    3.80851e-25
550    1.05444e-25    1.18383e-25    7.63094e-26    8.90913e-26    1.82826e-25    4.3527e-25
600    1.16302e-25    1.29184e-25    8.32897e-26    9.70579e-26    1.98598e-25    4.56178e-25
650    1.27727e-25    1.40769e-25    9.13698e-26    1.05484e-25    2.13264e-25    4.82074e-25
700    1.43997e-25    1.57295e-25    1.01793e-25    1.17543e-25    2.36798e-25    5.2781e-25
750    1.56081e-25    1.68335e-25    1.09883e-25    1.25525e-25    2.53955e-25    5.5527e-25
800    1.75089e-25    1.84596e-25    1.22491e-25    1.38988e-25    2.77753e-25    6.09625e-25
900    2.00851e-25    2.09423e-25    1.3644e-25    1.55239e-25    3.13367e-25    7.23617e-25
1000    2.36321e-25    2.38188e-25    1.54794e-25    1.78423e-25    3.61888e-25    8.08043e-25
1100    2.76322e-25    2.7418e-25    1.77685e-25    2.03532e-25    4.17199e-25    8.85888e-25
1200    3.05228e-25    3.02171e-25    1.91425e-25    2.22289e-25    4.51042e-25    9.93876e-25
1300    3.5128e-25    3.40204e-25    2.14644e-25    2.5276e-25    5.10606e-25    1.19446e-24
1500    4.17059e-25    3.93017e-25    2.41447e-25    2.91142e-25    6.11676e-25    1.36953e-24
1700    5.06238e-25    4.64088e-25    2.76695e-25    3.26667e-25    7.98273e-25    1.81332e-24
2000    6.47117e-25    5.59212e-25    3.2312e-25    3.91147e-25    1.09942e-24    2.34391e-24
2500    9.45718e-25    7.75586e-25    4.08026e-25    5.04157e-25    1.76517e-24    4.12321e-24
3000    1.25029e-24    9.65667e-25    4.8158e-25    6.06059e-25    2.51475e-24    5.62674e-24
4000    1.88082e-24    1.35418e-24    5.91013e-25    8.13602e-25    4.08885e-24    7.78807e-24
5000    2.67531e-24    1.86459e-24    7.15748e-25    1.03675e-24    5.76725e-24    1.11735e-23
6000    3.40375e-24    2.33781e-24    8.19988e-25    1.21462e-24    7.13415e-24    1.50572e-23
7000    4.14565e-24    2.77287e-24    9.44527e-25    1.4397e-24    8.41028e-24    2.01041e-23
8000    4.74921e-24    3.19341e-24    1.05455e-24    1.63382e-24    9.69912e-24    2.34235e-23
9000    5.45219e-24    3.66188e-24    1.181e-24    1.8672e-24    1.15796e-23    2.789e-23
10000    6.15085e-24    4.18489e-24    1.31023e-24    2.04419e-24    1.36652e-23    3.25646e-23
12000    7.36273e-24    5.13002e-24    1.47112e-24    2.51652e-24    1.70028e-23    4.10469e-23
15000    9.03275e-24    6.70557e-24    1.88915e-24    3.11687e-24    2.1627e-23    5.01478e-23
20000    1.17055e-23    9.60712e-24    2.24609e-24    4.11754e-24    2.84463e-23    6.63743e-23
30000    1.61083e-23    1.51581e-23    3.39027e-24    6.42137e-24    4.63605e-23    9.39665e-23
50000    2.34582e-23    2.7973e-23    5.172e-24    1.0552e-23    7.79301e-23    1.56068e-22
100000    3.50728e-23    5.28745e-23    8.81277e-24    1.9924e-23    1.52492e-22    2.5824e-22
