2026/2026JCAP...03..035A/Fermi-HAWC-HESS-MAGIC-VERITAS-combined-DM-search_dm_ann_Fig2_ZZ.ecsv
# %ECSV 0.9
# ---
# datatype:
# - {name: mass      , unit: GeV     , datatype: float32 , description: DM mass              }
# - {name: sigmav    , unit: cm3s-1  , datatype: float32 , description: <sigmav>             }
# - {name: sv_med     , unit: cm3s-1  , datatype: float32 , description: <sigmav>  from null hypothesis           }
# - {name: sv_lo_95    , unit: cm3s-1  , datatype: float32 , description: <sigmav>  Lower bound 3 sigma from null hypothesis           }
# - {name: sv_lo_68    , unit: cm3s-1  , datatype: float32 , description: <sigmav>  Lower bound 1 sigma from null hypothesis          }
# - {name: sv_hi_68    , unit: cm3s-1  , datatype: float32 , description: <sigmav>  Upper bound 1 sigma from null hypothesis          }
# - {name: sv_hi_95    , unit: cm3s-1  , datatype: float32 , description: <sigmav>  Upper bound 2 sigma from null hypothesis          }
# meta: !!omap
# - {reference:        "Combined dark matter search towards dwarf spheroidal galaxies with Fermi-LAT, HAWC, H.E.S.S., MAGIC, and VERITAS"}
# - {doi:              "https://doi.org/10.1088/1475-7516/2026/03/035"}
# - {arxiv:            "https://arxiv.org/abs/2508.20229"}
# - {instrument:       "joint"}
# - {year:             ""}
# - {source:           ""}
# - {channel:          "ZZ"}
# - {confidence        "0.95" }
# - {dmfraction:       "1"}
# - {obs_time:         "h"}
# - {figure:           "Fig. 2"}
# - {comment:          ""}
# - {status:           ""}
# - {reference_id:     "2026JCAP...03..035A"}
mass    sigmav    sv_med    sv_lo_95    sv_lo_68    sv_hi_68    sv_hi_95
100    4.66464e-27    8.19195e-27    3.12059e-27    4.53759e-27    1.62465e-26    3.98134e-26
110    4.97632e-27    8.31734e-27    3.29947e-27    4.73314e-27    1.66327e-26    4.04318e-26
120    5.3186e-27    8.74258e-27    3.5401e-27    5.11661e-27    1.8044e-26    3.87751e-26
130    6.28791e-27    9.74727e-27    4.02451e-27    5.72346e-27    1.99409e-26    4.65875e-26
140    6.71473e-27    1.03677e-26    4.25241e-27    6.07787e-27    2.07728e-26    4.81546e-26
150    7.14427e-27    1.07243e-26    4.50213e-27    6.25212e-27    2.14188e-26    4.93215e-26
160    7.58032e-27    1.06433e-26    4.86026e-27    6.28066e-27    2.16008e-26    5.01104e-26
180    8.69633e-27    1.25655e-26    5.55841e-27    7.40238e-27    2.46128e-26    5.86648e-26
200    9.51959e-27    1.30297e-26    6.26638e-27    8.05291e-27    2.57905e-26    5.8586e-26
220    1.06573e-26    1.43101e-26    7.00901e-27    8.97468e-27    2.58233e-26    6.30306e-26
240    1.20359e-26    1.59343e-26    7.68453e-27    9.86371e-27    3.24338e-26    7.55504e-26
260    1.28877e-26    1.67649e-26    8.43056e-27    1.07642e-26    3.41003e-26    7.51051e-26
280    1.3787e-26    1.8291e-26    9.09853e-27    1.14384e-26    3.51718e-26    7.29447e-26
300    1.57493e-26    2.03302e-26    1.02641e-26    1.32247e-26    3.98704e-26    9.23724e-26
330    1.7119e-26    2.22758e-26    1.15093e-26    1.43006e-26    4.20142e-26    9.58465e-26
360    1.85897e-26    2.38938e-26    1.2013e-26    1.55772e-26    4.46853e-26    9.95353e-26
400    2.13596e-26    2.64066e-26    1.41784e-26    1.77018e-26    5.0863e-26    1.12004e-25
450    2.40554e-26    3.01994e-26    1.6767e-26    2.02801e-26    5.6651e-26    1.1782e-25
500    2.72666e-26    3.39729e-26    1.88849e-26    2.32284e-26    6.32343e-26    1.35474e-25
550    3.17076e-26    3.77195e-26    2.03553e-26    2.66946e-26    7.24479e-26    1.56513e-25
600    3.46624e-26    4.07411e-26    2.22738e-26    2.89648e-26    7.76757e-26    1.68942e-25
650    3.78647e-26    4.4158e-26    2.47833e-26    3.18031e-26    8.26267e-26    1.77535e-25
700    4.23344e-26    4.89532e-26    2.93853e-26    3.55818e-26    9.03719e-26    1.98321e-25
750    4.56591e-26    5.24825e-26    3.16149e-26    3.84621e-26    9.42176e-26    2.0149e-25
800    5.08357e-26    5.71899e-26    3.52564e-26    4.23197e-26    1.05518e-25    2.18532e-25
900    5.78188e-26    6.49313e-26    4.01809e-26    4.8558e-26    1.17098e-25    2.458e-25
1000    6.7228e-26    7.45787e-26    4.71229e-26    5.64157e-26    1.30757e-25    2.77751e-25
1100    7.786e-26    8.58405e-26    5.46527e-26    6.59937e-26    1.45853e-25    3.19749e-25
1200    8.54059e-26    9.39517e-26    6.11125e-26    7.31858e-26    1.5963e-25    3.48939e-25
1300    9.74089e-26    1.06613e-25    7.11928e-26    8.37263e-26    1.83994e-25    3.82349e-25
1500    1.14017e-25    1.26782e-25    8.48574e-26    9.88323e-26    2.09417e-25    3.94736e-25
1700    1.35976e-25    1.4972e-25    1.02886e-25    1.18985e-25    2.51437e-25    4.84874e-25
2000    1.69364e-25    1.8842e-25    1.28649e-25    1.51419e-25    2.98473e-25    6.16301e-25
2500    2.36113e-25    2.73127e-25    1.77008e-25    2.17621e-25    4.30167e-25    9.50022e-25
3000    2.98691e-25    3.61647e-25    2.27403e-25    2.80733e-25    5.71288e-25    1.26825e-24
4000    4.19496e-25    5.35573e-25    3.19411e-25    4.03677e-25    9.38588e-25    1.91682e-24
5000    5.73531e-25    8.07064e-25    4.299e-25    5.61087e-25    1.60239e-24    3.61119e-24
6000    7.16897e-25    1.08176e-24    5.16039e-25    7.09212e-25    2.61334e-24    5.52473e-24
7000    8.70679e-25    1.44041e-24    6.33901e-25    8.96016e-25    3.73895e-24    7.91262e-24
8000    9.98201e-25    1.70111e-24    7.03692e-25    1.01995e-24    4.57175e-24    1.01184e-23
9000    1.16312e-24    2.09825e-24    8.39492e-25    1.22911e-24    5.6947e-24    1.39665e-23
10000    1.33854e-24    2.60534e-24    9.41282e-25    1.43696e-24    6.81859e-24    1.7334e-23
12000    1.66165e-24    3.50584e-24    1.21269e-24    1.85477e-24    8.96354e-24    2.24473e-23
15000    2.14232e-24    4.81382e-24    1.60054e-24    2.47081e-24    1.24454e-23    3.22606e-23
20000    2.99456e-24    8.03303e-24    2.27723e-24    3.48898e-24    1.94436e-23    4.81216e-23
30000    4.56588e-24    1.36052e-23    3.3024e-24    5.48785e-24    3.34304e-23    7.27685e-23
50000    7.06929e-24    2.50593e-23    5.30208e-24    9.63902e-24    6.07186e-23    1.27941e-22
100000    1.23071e-23    4.72137e-23    7.92934e-24    1.93011e-23    1.21647e-22    2.5294e-22
