2026/2026JCAP...03..035A/Fermi-HAWC-HESS-MAGIC-VERITAS-combined-DM-search_dm_ann_Fig1_tt.ecsv
# %ECSV 0.9
# ---
# datatype:
# - {name: mass      , unit: GeV     , datatype: float32 , description: DM mass              }
# - {name: sigmav    , unit: cm3s-1  , datatype: float32 , description: <sigmav>             }
# - {name: sv_med     , unit: cm3s-1  , datatype: float32 , description: <sigmav>  from null hypothesis           }
# - {name: sv_lo_95    , unit: cm3s-1  , datatype: float32 , description: <sigmav>  Lower bound 3 sigma from null hypothesis           }
# - {name: sv_lo_68    , unit: cm3s-1  , datatype: float32 , description: <sigmav>  Lower bound 1 sigma from null hypothesis          }
# - {name: sv_hi_68    , unit: cm3s-1  , datatype: float32 , description: <sigmav>  Upper bound 1 sigma from null hypothesis          }
# - {name: sv_hi_95    , unit: cm3s-1  , datatype: float32 , description: <sigmav>  Upper bound 2 sigma from null hypothesis          }
# meta: !!omap
# - {reference:        "Combined dark matter search towards dwarf spheroidal galaxies with Fermi-LAT, HAWC, H.E.S.S., MAGIC, and VERITAS"}
# - {doi:              "https://doi.org/10.1088/1475-7516/2026/03/035"}
# - {arxiv:            "https://arxiv.org/abs/2508.20229"}
# - {instrument:       "joint"}
# - {year:             ""}
# - {source:           ""}
# - {channel:          "tt"}
# - {confidence        "0.95" }
# - {dmfraction:       "1"}
# - {obs_time:         "h"}
# - {figure:           "Fig. 1"}
# - {comment:          ""}
# - {status:           ""}
# - {reference_id:     "2026JCAP...03..035A"}
mass   sigmav   sv_med   sv_lo_95   sv_lo_68   sv_hi_68   sv_hi_95
180    2.33076e-26    3.24252e-26    1.49945e-26    2.10509e-26    6.49231e-26    1.20908e-25
200    2.57714e-26    3.63153e-26    1.71164e-26    2.46635e-26    7.23297e-26    1.31515e-25
220    2.8831e-26    3.99491e-26    2.03595e-26    2.75172e-26    7.78099e-26    1.45243e-25
240    3.16497e-26    4.10726e-26    2.08937e-26    2.94478e-26    7.81402e-26    1.6061e-25
260    3.39105e-26    4.27234e-26    2.18099e-26    3.10026e-26    7.81154e-26    1.67745e-25
280    3.63345e-26    4.76503e-26    2.50815e-26    3.22843e-26    8.53449e-26    1.7682e-25
300    3.95887e-26    5.48005e-26    2.78454e-26    3.6372e-26    1.0321e-25    1.93427e-25
330    4.32716e-26    5.84542e-26    3.17095e-26    4.10391e-26    1.09767e-25    2.05861e-25
360    4.79911e-26    6.4742e-26    3.56879e-26    4.57066e-26    1.20179e-25    2.27044e-25
400    5.44802e-26    7.20377e-26    4.02029e-26    5.13259e-26    1.30338e-25    2.4617e-25
450    6.09667e-26    7.94605e-26    4.45561e-26    5.59203e-26    1.37093e-25    2.80364e-25
500    6.94222e-26    8.92342e-26    5.13542e-26    6.35132e-26    1.55173e-25    3.10435e-25
550    7.99153e-26    1.01682e-25    5.86784e-26    7.24821e-26    1.77071e-25    3.65544e-25
600    8.63409e-26    1.07887e-25    6.3636e-26    7.74644e-26    1.84773e-25    3.8888e-25
650    9.32668e-26    1.14721e-25    6.88164e-26    8.35513e-26    1.92363e-25    4.09986e-25
700    1.08343e-25    1.2975e-25    7.87358e-26    9.50602e-26    2.16813e-25    4.82085e-25
750    1.15321e-25    1.36829e-25    8.59244e-26    1.01058e-25    2.26257e-25    4.97292e-25
800    1.22657e-25    1.43677e-25    9.14162e-26    1.06746e-25    2.37049e-25    5.29708e-25
900    1.38931e-25    1.60886e-25    1.01795e-25    1.19593e-25    2.56285e-25    5.79506e-25
1000    1.60332e-25    1.83583e-25    1.16311e-25    1.3352e-25    2.86838e-25    6.60747e-25
1100    1.82589e-25    2.07075e-25    1.32364e-25    1.51931e-25    3.32484e-25    7.5407e-25
1200    2.01679e-25    2.24775e-25    1.43421e-25    1.64255e-25    3.59703e-25    7.92267e-25
1300    2.28541e-25    2.52615e-25    1.60737e-25    1.84557e-25    3.8873e-25    8.22031e-25
1500    2.67943e-25    2.87953e-25    1.8515e-25    2.12935e-25    4.43548e-25    9.57566e-25
1700    3.18522e-25    3.35197e-25    2.14565e-25    2.45585e-25    5.16144e-25    1.08656e-24
2000    3.95697e-25    4.02095e-25    2.54693e-25    2.95512e-25    6.49276e-25    1.24569e-24
2500    5.51335e-25    5.54452e-25    3.22972e-25    3.93117e-25    8.80628e-25    1.80304e-24
3000    7.05039e-25    6.86939e-25    3.85659e-25    4.75593e-25    1.12762e-24    2.33724e-24
4000    1.01879e-24    9.35611e-25    4.97719e-25    6.33404e-25    1.65104e-24    3.48896e-24
5000    1.43144e-24    1.24268e-24    6.19961e-25    8.1351e-25    2.62277e-24    5.73639e-24
6000    1.83945e-24    1.54955e-24    7.28518e-25    9.8509e-25    3.58161e-24    8.38465e-24
7000    2.29442e-24    1.85015e-24    8.30817e-25    1.15013e-24    4.78534e-24    1.06066e-23
8000    2.67872e-24    2.14811e-24    9.28653e-25    1.3028e-24    5.80646e-24    1.21116e-23
9000    3.17456e-24    2.49622e-24    1.03178e-24    1.45019e-24    6.7608e-24    1.48715e-23
10000    3.70831e-24    2.84642e-24    1.13856e-24    1.59531e-24    8.12888e-24    1.7125e-23
12000    4.67494e-24    3.43805e-24    1.30169e-24    1.92367e-24    1.03339e-23    2.1205e-23
15000    6.07282e-24    4.40696e-24    1.61955e-24    2.37975e-24    1.29381e-23    2.75509e-23
20000    8.413e-24    6.39636e-24    2.04469e-24    3.13261e-24    1.81715e-23    4.36415e-23
30000    1.24239e-23    9.60656e-24    2.7127e-24    4.52093e-24    2.84799e-23    6.52095e-23
50000    1.92204e-23    1.63492e-23    4.42679e-24    7.53698e-24    4.96974e-23    1.03953e-22
100000    2.95221e-23    2.96839e-23    8.92062e-24    1.47343e-23    9.39116e-23    1.69767e-22
