2026/2026JCAP...03..035A/Fermi-HAWC-HESS-MAGIC-VERITAS-combined-DM-search_dm_ann_Fig2_WW.ecsv
# %ECSV 0.9
# ---
# datatype:
# - {name: mass      , unit: GeV     , datatype: float32 , description: DM mass              }
# - {name: sigmav    , unit: cm3s-1  , datatype: float32 , description: <sigmav>             }
# - {name: sv_med     , unit: cm3s-1  , datatype: float32 , description: <sigmav>  from null hypothesis           }
# - {name: sv_lo_95    , unit: cm3s-1  , datatype: float32 , description: <sigmav>  Lower bound 3 sigma from null hypothesis           }
# - {name: sv_lo_68    , unit: cm3s-1  , datatype: float32 , description: <sigmav>  Lower bound 1 sigma from null hypothesis          }
# - {name: sv_hi_68    , unit: cm3s-1  , datatype: float32 , description: <sigmav>  Upper bound 1 sigma from null hypothesis          }
# - {name: sv_hi_95    , unit: cm3s-1  , datatype: float32 , description: <sigmav>  Upper bound 2 sigma from null hypothesis          }
# meta: !!omap
# - {reference:        "Combined dark matter search towards dwarf spheroidal galaxies with Fermi-LAT, HAWC, H.E.S.S., MAGIC, and VERITAS"}
# - {doi:              "https://doi.org/10.1088/1475-7516/2026/03/035"}
# - {arxiv:            "https://arxiv.org/abs/2508.20229"}
# - {instrument:       "joint"}
# - {year:             ""}
# - {source:           ""}
# - {channel:          "WW"}
# - {confidence        "0.95" }
# - {dmfraction:       "1"}
# - {obs_time:         "h"}
# - {figure:           "Fig. 2"}
# - {comment:          ""}
# - {status:           ""}
# - {reference_id:     "2026JCAP...03..035A"}
mass    sigmav    sv_med    sv_lo_95    sv_lo_68    sv_hi_68    sv_hi_95
90    4.45481e-27    7.43995e-27    2.82455e-27    4.16235e-27    1.52661e-26    3.68046e-26
100    4.73235e-27    7.69883e-27    3.02265e-27    4.4923e-27    1.57151e-26    3.62235e-26
110    5.04052e-27    8.10566e-27    3.31456e-27    4.79417e-27    1.64196e-26    3.83319e-26
120    5.3713e-27    8.65232e-27    3.47916e-27    5.07675e-27    1.7325e-26    3.5431e-26
130    6.43626e-27    9.65356e-27    4.07162e-27    5.57786e-27    1.88682e-26    4.63349e-26
140    6.81534e-27    1.00759e-26    4.31852e-27    5.89715e-27    1.96405e-26    4.69416e-26
150    7.2113e-27    1.03e-26    4.54676e-27    6.03467e-27    2.01203e-26    4.88866e-26
160    7.59943e-27    1.04e-26    4.81191e-27    6.18603e-27    2.13014e-26    4.97e-26
180    8.7049e-27    1.23057e-26    5.61549e-27    7.34572e-27    2.37252e-26    5.53306e-26
200    9.59633e-27    1.26596e-26    6.20039e-27    7.84686e-27    2.41849e-26    5.69876e-26
220    1.07845e-26    1.43461e-26    6.73049e-27    8.98696e-27    2.54874e-26    5.94754e-26
240    1.20713e-26    1.58073e-26    7.32324e-27    9.63708e-27    3.04616e-26    7.14936e-26
260    1.30081e-26    1.64605e-26    7.93036e-27    1.02998e-26    3.20991e-26    7.3644e-26
280    1.40237e-26    1.7914e-26    8.55272e-27    1.16731e-26    3.43373e-26    7.5724e-26
300    1.54197e-26    1.99798e-26    1.03489e-26    1.29286e-26    3.73499e-26    8.37847e-26
330    1.69854e-26    2.15214e-26    1.09786e-26    1.42094e-26    4.05666e-26    8.6479e-26
360    1.90647e-26    2.3911e-26    1.30809e-26    1.59689e-26    4.50297e-26    9.68338e-26
400    2.13606e-26    2.64739e-26    1.43922e-26    1.81554e-26    5.14295e-26    1.10847e-25
450    2.46813e-26    2.93529e-26    1.62076e-26    2.07885e-26    5.56437e-26    1.18781e-25
500    2.84998e-26    3.38798e-26    1.97278e-26    2.40647e-26    6.28684e-26    1.3865e-25
550    3.27408e-26    3.84282e-26    2.26192e-26    2.76254e-26    7.16272e-26    1.58313e-25
600    3.57814e-26    4.18394e-26    2.4746e-26    3.01725e-26    7.62976e-26    1.68277e-25
650    3.91254e-26    4.50216e-26    2.72446e-26    3.2988e-26    8.13962e-26    1.69187e-25
700    4.38224e-26    4.98179e-26    3.05575e-26    3.67705e-26    9.11345e-26    1.93339e-25
750    4.7272e-26    5.31802e-26    3.29774e-26    3.96064e-26    9.67427e-26    2.04071e-25
800    5.26525e-26    5.90727e-26    3.67684e-26    4.42032e-26    1.03327e-25    2.21575e-25
900    5.96776e-26    6.69242e-26    4.20509e-26    5.11955e-26    1.15208e-25    2.47987e-25
1000    6.90931e-26    7.74553e-26    4.99836e-26    5.98242e-26    1.35269e-25    2.80828e-25
1100    7.96524e-26    8.90303e-26    5.96644e-26    6.99192e-26    1.53356e-25    3.1883e-25
1200    8.69963e-26    9.77489e-26    6.55512e-26    7.74396e-26    1.68584e-25    3.42946e-25
1300    9.8606e-26    1.11777e-25    7.508e-26    8.89804e-26    1.90175e-25    3.74773e-25
1500    1.1429e-25    1.32926e-25    8.78927e-26    1.04268e-25    2.18217e-25    4.02444e-25
1700    1.35683e-25    1.61045e-25    1.03112e-25    1.25782e-25    2.53402e-25    5.26275e-25
2000    1.7025e-25    2.03362e-25    1.30172e-25    1.57751e-25    3.22165e-25    6.69025e-25
2500    2.39586e-25    2.93896e-25    1.83739e-25    2.24078e-25    4.66114e-25    9.68802e-25
3000    3.06349e-25    3.85633e-25    2.34149e-25    2.89622e-25    6.39527e-25    1.3116e-24
4000    4.41389e-25    5.9944e-25    3.32619e-25    4.17517e-25    1.10478e-24    2.3742e-24
5000    5.84151e-25    8.85677e-25    4.41041e-25    5.76693e-25    1.91814e-24    4.20914e-24
6000    6.98866e-25    1.21532e-24    5.44803e-25    7.47021e-25    2.9395e-24    7.67567e-24
7000    7.96855e-25    1.59339e-24    6.47354e-25    9.03039e-25    3.94569e-24    1.02867e-23
8000    8.56873e-25    1.90148e-24    7.22547e-25    1.04118e-24    4.70544e-24    1.20021e-23
9000    9.35907e-25    2.31163e-24    8.27457e-25    1.20801e-24    5.85081e-24    1.39186e-23
10000    1.0213e-24    2.90879e-24    9.39243e-25    1.37692e-24    7.02294e-24    1.72208e-23
12000    1.16745e-24    3.72616e-24    1.11972e-24    1.733e-24    8.7346e-24    2.13579e-23
15000    1.45797e-24    4.95096e-24    1.33461e-24    2.14517e-24    1.18719e-23    2.70232e-23
20000    2.17494e-24    7.20008e-24    1.84267e-24    3.13882e-24    1.77421e-23    3.63202e-23
30000    3.08534e-24    1.10269e-23    2.55736e-24    4.79238e-24    2.58486e-23    5.07867e-23
50000    5.50701e-24    2.03298e-23    4.1513e-24    8.29457e-24    4.55841e-23    8.99763e-23
100000    8.78086e-24    3.65702e-23    5.9844e-24    1.42958e-23    8.07867e-23    1.54592e-22
