2026/2026JCAP...03..035A/Fermi-HAWC-HESS-MAGIC-VERITAS-combined-DM-search_dm_ann_Fig2_bb.ecsv
# %ECSV 0.9
# ---
# datatype:
# - {name: mass      , unit: GeV     , datatype: float32 , description: DM mass              }
# - {name: sigmav    , unit: cm3s-1  , datatype: float32 , description: <sigmav>             }
# - {name: sv_med     , unit: cm3s-1  , datatype: float32 , description: <sigmav>  from null hypothesis           }
# - {name: sv_lo_95    , unit: cm3s-1  , datatype: float32 , description: <sigmav>  Lower bound 3 sigma from null hypothesis           }
# - {name: sv_lo_68    , unit: cm3s-1  , datatype: float32 , description: <sigmav>  Lower bound 1 sigma from null hypothesis          }
# - {name: sv_hi_68    , unit: cm3s-1  , datatype: float32 , description: <sigmav>  Upper bound 1 sigma from null hypothesis          }
# - {name: sv_hi_95    , unit: cm3s-1  , datatype: float32 , description: <sigmav>  Upper bound 2 sigma from null hypothesis          }
# meta: !!omap
# - {reference:        "Combined dark matter search towards dwarf spheroidal galaxies with Fermi-LAT, HAWC, H.E.S.S., MAGIC, and VERITAS"}
# - {doi:              "https://doi.org/10.1088/1475-7516/2026/03/035"}
# - {arxiv:            "https://arxiv.org/abs/2508.20229"}
# - {instrument:       "joint"}
# - {year:             ""}
# - {source:           ""}
# - {channel:          "bb"}
# - {confidence        "0.95" }
# - {dmfraction:       "1"}
# - {obs_time:         "h"}
# - {figure:           "Fig. 2"}
# - {comment:          ""}
# - {status:           ""}
# - {reference_id:     "2026JCAP...03..035A"}
mass   sigmav   sv_med   sv_lo_95   sv_lo_68   sv_hi_68   sv_hi_95
6    5.39165e-28    7.62802e-28    3.1556e-28    4.62887e-28    1.57836e-27    3.70934e-27
8    5.51868e-28    8.70566e-28    3.40824e-28    5.11316e-28    1.83871e-27    3.98204e-27
10    5.91159e-28    1.0457e-27    3.88144e-28    5.66828e-28    2.11065e-27    4.16194e-27
15    7.10015e-28    1.33959e-27    5.16366e-28    7.17597e-28    2.75736e-27    5.11725e-27
20    8.44038e-28    1.67985e-27    6.2536e-28    9.14089e-28    3.3118e-27    6.81422e-27
25    9.76136e-28    1.91541e-27    7.41124e-28    1.07233e-27    3.96287e-27    8.20836e-27
30    1.10748e-27    2.17989e-27    8.57365e-28    1.2402e-27    4.68573e-27    9.99322e-27
40    1.39719e-27    2.72475e-27    1.07634e-27    1.56872e-27    5.70046e-27    1.38569e-26
50    1.69214e-27    3.18796e-27    1.27394e-27    1.86469e-27    6.82694e-27    1.64679e-26
60    1.98313e-27    3.6985e-27    1.43817e-27    2.18208e-27    7.73275e-27    1.89199e-26
70    2.29009e-27    4.19181e-27    1.65418e-27    2.44513e-27    8.54204e-27    2.03733e-26
80    2.60326e-27    4.77928e-27    1.85751e-27    2.70969e-27    9.52715e-27    2.29997e-26
90    2.95214e-27    5.44803e-27    2.05566e-27    2.98508e-27    1.03739e-26    2.52911e-26
100    3.23617e-27    5.67772e-27    2.2337e-27    3.24924e-27    1.12411e-26    2.62535e-26
110    3.64681e-27    6.20188e-27    2.42581e-27    3.61553e-27    1.22539e-26    2.82893e-26
120    3.94278e-27    6.63298e-27    2.59731e-27    3.83492e-27    1.32515e-26    2.86946e-26
130    4.44332e-27    7.22304e-27    2.81527e-27    4.12569e-27    1.40134e-26    3.24188e-26
140    4.71662e-27    7.57311e-27    3.059e-27    4.39416e-27    1.4694e-26    3.3259e-26
150    5.23686e-27    7.88978e-27    3.37716e-27    4.57582e-27    1.55753e-26    3.55296e-26
160    5.55053e-27    8.01989e-27    3.56649e-27    4.66459e-27    1.61336e-26    3.75466e-26
180    6.46066e-27    9.34025e-27    4.09774e-27    5.47282e-27    1.81064e-26    4.31158e-26
200    7.07311e-27    9.83369e-27    4.44289e-27    5.83706e-27    1.93141e-26    4.15279e-26
220    7.88713e-27    1.08519e-26    4.90957e-27    6.57758e-27    2.08599e-26    4.71311e-26
240    8.77815e-27    1.17016e-26    5.26e-27    6.8704e-27    2.33195e-26    5.43771e-26
260    9.42954e-27    1.25039e-26    5.7303e-27    7.54465e-27    2.52043e-26    5.50806e-26
280    1.01249e-26    1.3771e-26    6.60933e-27    8.36596e-27    2.63376e-26    5.9173e-26
300    1.11082e-26    1.51093e-26    7.28743e-27    9.27846e-27    2.81933e-26    6.46007e-26
330    1.21873e-26    1.61445e-26    8.11039e-27    1.01554e-26    2.97296e-26    7.03385e-26
360    1.36222e-26    1.75615e-26    9.06629e-27    1.13103e-26    3.31093e-26    7.62265e-26
400    1.55536e-26    1.96287e-26    1.00792e-26    1.27819e-26    3.78268e-26    8.43129e-26
450    1.74369e-26    2.14763e-26    1.17582e-26    1.44577e-26    4.14525e-26    8.82434e-26
500    1.98955e-26    2.46169e-26    1.34762e-26    1.6408e-26    4.67027e-26    9.8106e-26
550    2.21338e-26    2.79358e-26    1.55816e-26    1.89319e-26    5.28537e-26    1.13159e-25
600    2.44467e-26    2.97735e-26    1.58025e-26    2.05985e-26    5.64643e-26    1.19855e-25
650    2.69231e-26    3.22638e-26    1.84486e-26    2.255e-26    6.07577e-26    1.27028e-25
700    2.99656e-26    3.566e-26    1.93197e-26    2.51729e-26    6.78529e-26    1.47116e-25
750    3.22154e-26    3.82021e-26    2.097e-26    2.70519e-26    7.11459e-26    1.54266e-25
800    3.56381e-26    4.15962e-26    2.45774e-26    3.01573e-26    7.81448e-26    1.77468e-25
900    4.03022e-26    4.70757e-26    2.66842e-26    3.43679e-26    8.54946e-26    1.93659e-25
1000    4.64286e-26    5.37627e-26    3.23604e-26    3.90486e-26    9.65675e-26    2.02576e-25
1100    5.33509e-26    6.08322e-26    3.77394e-26    4.55675e-26    1.11323e-25    2.27962e-25
1200    5.82846e-26    6.64942e-26    4.11958e-26    4.98922e-26    1.19858e-25    2.54651e-25
1300    6.58737e-26    7.46711e-26    4.71477e-26    5.6623e-26    1.31974e-25    2.68237e-25
1500    7.66154e-26    8.69901e-26    5.54845e-26    6.69411e-26    1.52388e-25    3.04666e-25
1700    9.04965e-26    1.02587e-25    6.65866e-26    7.98789e-26    1.73479e-25    3.66219e-25
2000    1.11419e-25    1.26292e-25    8.35553e-26    9.93349e-26    2.1045e-25    4.52403e-25
2500    1.51995e-25    1.75359e-25    1.14969e-25    1.37844e-25    2.95222e-25    6.34683e-25
3000    1.90731e-25    2.22581e-25    1.45391e-25    1.7463e-25    3.62927e-25    7.92153e-25
4000    2.65486e-25    3.24463e-25    2.031e-25    2.50962e-25    5.19326e-25    1.0458e-24
5000    3.57198e-25    4.58821e-25    2.77484e-25    3.45814e-25    7.34769e-25    1.76497e-24
6000    4.41173e-25    5.93778e-25    3.47084e-25    4.30474e-25    1.0142e-24    2.61944e-24
7000    5.30985e-25    7.55573e-25    4.09308e-25    5.19483e-25    1.30645e-24    3.39453e-24
8000    6.03653e-25    8.8472e-25    4.62277e-25    6.03091e-25    1.56656e-24    4.23462e-24
9000    6.97153e-25    1.06411e-24    5.34369e-25    7.17369e-25    2.0369e-24    5.1479e-24
10000    7.96735e-25    1.279e-24    6.11841e-25    8.21873e-25    2.67509e-24    6.2827e-24
12000    9.76079e-25    1.64845e-24    7.37468e-25    1.02515e-24    3.88593e-24    8.1052e-24
15000    1.24456e-24    2.21704e-24    9.7874e-25    1.35653e-24    5.68008e-24    1.39074e-23
20000    1.73337e-24    3.37657e-24    1.36903e-24    1.95456e-24    9.3992e-24    2.21555e-23
30000    2.67461e-24    5.93632e-24    2.10403e-24    3.02378e-24    1.45973e-23    3.33755e-23
50000    4.43555e-24    1.1127e-23    3.53303e-24    5.30495e-24    2.60617e-23    5.68172e-23
100000    7.82592e-24    2.17222e-23    6.14245e-24    9.98403e-24    4.88266e-23    1.21176e-22
