2026/2026JCAP...03..035A/Fermi-HAWC-HESS-MAGIC-VERITAS-combined-DM-search_dm_ann_Fig1_mumu.ecsv
# %ECSV 0.9
# ---
# datatype:
# - {name: mass      , unit: GeV     , datatype: float32 , description: DM mass              }
# - {name: sigmav    , unit: cm3s-1  , datatype: float32 , description: <sigmav>             }
# - {name: sv_med     , unit: cm3s-1  , datatype: float32 , description: <sigmav>  from null hypothesis           }
# - {name: sv_lo_95    , unit: cm3s-1  , datatype: float32 , description: <sigmav>  Lower bound 3 sigma from null hypothesis           }
# - {name: sv_lo_68    , unit: cm3s-1  , datatype: float32 , description: <sigmav>  Lower bound 1 sigma from null hypothesis          }
# - {name: sv_hi_68    , unit: cm3s-1  , datatype: float32 , description: <sigmav>  Upper bound 1 sigma from null hypothesis          }
# - {name: sv_hi_95    , unit: cm3s-1  , datatype: float32 , description: <sigmav>  Upper bound 2 sigma from null hypothesis          }
# meta: !!omap
# - {reference:        "Combined dark matter search towards dwarf spheroidal galaxies with Fermi-LAT, HAWC, H.E.S.S., MAGIC, and VERITAS"}
# - {doi:              "https://doi.org/10.1088/1475-7516/2026/03/035"}
# - {arxiv:            "https://arxiv.org/abs/2508.20229"}
# - {instrument:       "joint"}
# - {year:             ""}
# - {source:           ""}
# - {channel:          "mumu"}
# - {confidence        "0.95" }
# - {dmfraction:       "1"}
# - {obs_time:         "h"}
# - {figure:           "Fig. 1"}
# - {comment:          ""}
# - {status:           ""}
# - {reference_id:     "2026JCAP...03..035A"}
mass   sigmav   sv_med   sv_lo_95   sv_lo_68   sv_hi_68   sv_hi_95
5    1.15429e-26    1.84867e-26    8.34366e-27    1.20377e-26    3.23863e-26    4.71625e-26
6    1.34293e-26    2.1083e-26    9.64175e-27    1.28722e-26    3.89178e-26    5.64834e-26
8    1.4234e-26    2.34163e-26    1.13569e-26    1.51301e-26    4.3614e-26    6.64751e-26
10    1.61511e-26    2.66539e-26    1.32749e-26    1.71857e-26    5.15594e-26    8.85059e-26
15    2.23929e-26    3.29038e-26    1.68327e-26    2.21898e-26    6.76557e-26    1.18067e-25
20    2.75297e-26    3.99594e-26    2.1164e-26    2.70494e-26    7.43226e-26    1.35645e-25
25    3.36311e-26    4.66654e-26    2.57314e-26    3.27905e-26    8.46385e-26    1.68618e-25
30    4.04427e-26    5.28143e-26    3.07007e-26    3.86616e-26    9.43877e-26    1.91392e-25
40    5.57885e-26    7.06029e-26    4.36016e-26    5.27718e-26    1.17473e-25    2.62669e-25
50    7.74682e-26    8.60645e-26    5.57044e-26    6.60051e-26    1.3811e-25    3.3274e-25
60    9.90464e-26    1.0536e-25    6.84711e-26    8.14906e-26    1.61235e-25    3.81481e-25
70    1.17693e-25    1.24645e-25    8.3281e-26    9.83734e-26    1.89486e-25    4.19784e-25
80    1.37817e-25    1.4696e-25    1.00109e-25    1.16377e-25    2.13983e-25    4.96388e-25
90    1.60189e-25    1.68601e-25    1.18041e-25    1.37093e-25    2.44075e-25    5.56961e-25
100    1.81456e-25    1.88356e-25    1.3122e-25    1.49472e-25    2.71679e-25    6.21635e-25
110    2.13061e-25    2.1565e-25    1.49151e-25    1.71025e-25    3.08399e-25    7.16145e-25
120    2.40242e-25    2.38245e-25    1.62441e-25    1.86068e-25    3.3866e-25    7.86591e-25
130    2.75396e-25    2.71115e-25    1.78401e-25    2.07098e-25    3.78177e-25    8.73755e-25
140    3.05844e-25    2.81281e-25    1.84528e-25    2.13922e-25    4.07427e-25    9.03436e-25
150    3.4884e-25    3.12516e-25    1.95322e-25    2.35274e-25    4.69661e-25    9.93036e-25
160    3.76315e-25    3.46625e-25    2.07704e-25    2.54532e-25    4.93351e-25    1.03499e-24
180    4.51684e-25    3.91934e-25    2.23748e-25    2.75193e-25    5.85842e-25    1.36345e-24
200    5.03401e-25    4.61686e-25    2.53373e-25    3.16091e-25    7.14798e-25    1.62869e-24
220    5.68574e-25    5.14449e-25    2.70958e-25    3.36224e-25    8.28226e-25    1.96284e-24
240    6.39045e-25    5.8642e-25    2.95235e-25    3.67132e-25    1.05735e-24    2.41621e-24
260    6.77356e-25    6.58883e-25    3.02008e-25    3.89152e-25    1.21909e-24    2.97027e-24
280    7.31465e-25    7.18515e-25    3.21767e-25    4.08413e-25    1.3296e-24    3.21301e-24
300    8.16671e-25    7.7878e-25    3.42277e-25    4.34713e-25    1.47205e-24    3.79322e-24
330    8.99963e-25    8.44743e-25    3.5541e-25    4.76233e-25    1.81133e-24    4.38486e-24
360    1.02455e-24    9.21896e-25    3.81701e-25    5.07981e-25    2.15663e-24    5.1312e-24
400    1.15972e-24    1.02461e-24    4.17069e-25    5.34951e-25    2.85631e-24    5.91217e-24
450    1.24128e-24    1.19528e-24    4.49703e-25    5.90174e-25    3.18347e-24    6.33866e-24
500    1.33938e-24    1.32455e-24    4.77041e-25    6.56815e-25    3.6616e-24    7.10299e-24
550    1.44517e-24    1.41569e-24    5.05968e-25    7.08128e-25    4.46253e-24    8.04365e-24
600    1.52863e-24    1.47454e-24    5.29631e-25    7.69608e-25    4.83421e-24    9.79873e-24
650    1.6583e-24    1.63176e-24    5.47299e-25    8.30203e-25    5.2938e-24    1.12034e-23
700    1.8531e-24    1.74791e-24    5.59962e-25    9.14573e-25    5.61317e-24    1.20316e-23
750    2.04528e-24    1.84067e-24    6.40909e-25    9.71879e-25    6.16397e-24    1.22869e-23
800    2.33858e-24    2.01232e-24    6.06159e-25    1.01831e-24    6.73995e-24    1.32616e-23
900    2.92983e-24    2.29811e-24    7.01738e-25    1.09383e-24    7.31129e-24    1.57693e-23
1000    3.81337e-24    2.56015e-24    7.46146e-25    1.20789e-24    7.83724e-24    1.85893e-23
1100    4.68623e-24    2.83337e-24    8.10745e-25    1.32559e-24    9.08512e-24    2.09634e-23
1200    5.35579e-24    3.11072e-24    9.01515e-25    1.40537e-24    9.46703e-24    2.22572e-23
1300    6.12281e-24    3.59295e-24    8.39854e-25    1.51754e-24    1.10898e-23    2.55753e-23
1500    6.7338e-24    3.96857e-24    9.98442e-25    1.68386e-24    1.19651e-23    3.03341e-23
1700    7.23745e-24    4.68554e-24    1.12578e-24    1.8674e-24    1.36344e-23    3.37075e-23
2000    7.74782e-24    5.86382e-24    1.28713e-24    2.25968e-24    1.67335e-23    4.05894e-23
2500    8.33087e-24    7.59564e-24    1.62374e-24    2.98443e-24    2.02198e-23    4.99281e-23
3000    9.16203e-24    8.54996e-24    1.91357e-24    3.50256e-24    2.48138e-23    5.67806e-23
4000    1.15433e-23    1.16123e-23    2.3128e-24    4.60399e-24    3.23678e-23    6.98355e-23
5000    1.30037e-23    1.48954e-23    2.7986e-24    5.60151e-24    4.05642e-23    8.52634e-23
6000    1.38812e-23    1.74826e-23    3.38924e-24    6.4671e-24    4.87472e-23    9.86409e-23
7000    1.43668e-23    1.88404e-23    4.08866e-24    7.5717e-24    5.92026e-23    1.10424e-22
8000    1.46532e-23    2.11054e-23    4.73158e-24    8.29109e-24    6.78537e-23    1.20772e-22
9000    1.50555e-23    2.41547e-23    5.04357e-24    9.55592e-24    7.32596e-23    1.38821e-22
10000    1.51819e-23    2.64362e-23    5.57003e-24    1.00816e-23    7.94476e-23    1.45994e-22
12000    1.59588e-23    2.99351e-23    6.72044e-24    1.19132e-23    8.73609e-23    1.41427e-22
15000    1.86682e-23    3.41837e-23    7.91811e-24    1.43992e-23    1.00359e-22    1.679e-22
20000    2.52371e-23    4.58263e-23    1.19921e-23    1.92729e-23    1.24202e-22    2.06432e-22
30000    3.91111e-23    6.60997e-23    1.65677e-23    2.68551e-23    1.42303e-22    2.54703e-22
50000    7.90457e-23    9.18503e-23    2.56184e-23    4.06143e-23    1.92448e-22    3.56778e-22
100000    1.89431e-22    1.46204e-22    3.58249e-23    6.58402e-23    3.15645e-22    5.65449e-22
