2026/2026JCAP...03..035A/Fermi-HAWC-HESS-MAGIC-VERITAS-combined-DM-search_dm_ann_Fig1_bb.ecsv
# %ECSV 0.9
# ---
# datatype:
# - {name: mass      , unit: GeV     , datatype: float32 , description: DM mass              }
# - {name: sigmav    , unit: cm3s-1  , datatype: float32 , description: <sigmav>             }
# - {name: sv_med     , unit: cm3s-1  , datatype: float32 , description: <sigmav>  from null hypothesis           }
# - {name: sv_lo_95    , unit: cm3s-1  , datatype: float32 , description: <sigmav>  Lower bound 3 sigma from null hypothesis           }
# - {name: sv_lo_68    , unit: cm3s-1  , datatype: float32 , description: <sigmav>  Lower bound 1 sigma from null hypothesis          }
# - {name: sv_hi_68    , unit: cm3s-1  , datatype: float32 , description: <sigmav>  Upper bound 1 sigma from null hypothesis          }
# - {name: sv_hi_95    , unit: cm3s-1  , datatype: float32 , description: <sigmav>  Upper bound 2 sigma from null hypothesis          }
# meta: !!omap
# - {reference:        "Combined dark matter search towards dwarf spheroidal galaxies with Fermi-LAT, HAWC, H.E.S.S., MAGIC, and VERITAS"}
# - {doi:              "https://doi.org/10.1088/1475-7516/2026/03/035"}
# - {arxiv:            "https://arxiv.org/abs/2508.20229"}
# - {instrument:       "joint"}
# - {year:             ""}
# - {source:           ""}
# - {channel:          "bb"}
# - {confidence        "0.95" }
# - {dmfraction:       "1"}
# - {obs_time:         "h"}
# - {figure:           "Fig. 1"}
# - {comment:          ""}
# - {status:           ""}
# - {reference_id:     "2026JCAP...03..035A"}
mass  sigmav  sv_med  sv_lo_95  sv_lo_68  sv_hi_68  sv_hi_95
6    1.54352e-27    2.09212e-27    9.29161e-28    1.35206e-27    4.28589e-27    5.85192e-27
8    1.69715e-27    2.3517e-27    1.06867e-27    1.53984e-27    4.68579e-27    6.56321e-27
10    1.90897e-27    2.68153e-27    1.24839e-27    1.7118e-27    5.08439e-27    7.50442e-27
15    2.42388e-27    3.64485e-27    1.72264e-27    2.27513e-27    6.31522e-27    9.94094e-27
20    2.92472e-27    4.58363e-27    2.12118e-27    2.8744e-27    7.7124e-27    1.29994e-26
25    3.38014e-27    5.38134e-27    2.49184e-27    3.35181e-27    9.26841e-27    1.60278e-26
30    3.82325e-27    6.00187e-27    2.86266e-27    3.94176e-27    1.11227e-26    1.85979e-26
40    4.75808e-27    7.71815e-27    3.66881e-27    4.94893e-27    1.41449e-26    2.34975e-26
50    5.64939e-27    8.99406e-27    4.46027e-27    5.89703e-27    1.70399e-26    2.87256e-26
60    6.52949e-27    1.03217e-26    5.20366e-27    7.01004e-27    2.0031e-26    3.24122e-26
70    7.44192e-27    1.17968e-26    5.97954e-27    7.87455e-27    2.30787e-26    3.76218e-26
80    8.4319e-27    1.32438e-26    6.74509e-27    8.72069e-27    2.55653e-26    4.40736e-26
90    9.49452e-27    1.46996e-26    7.54139e-27    9.68272e-27    2.87712e-26    5.05516e-26
100    1.04719e-26    1.57707e-26    8.18561e-27    1.0605e-26    3.06793e-26    5.435e-26
110    1.17003e-26    1.73807e-26    9.01655e-27    1.16779e-26    3.36529e-26    6.21671e-26
120    1.27781e-26    1.85559e-26    9.70117e-27    1.25991e-26    3.52993e-26    6.39564e-26
130    1.44024e-26    2.02531e-26    1.04961e-26    1.37178e-26    3.83863e-26    7.03266e-26
140    1.52528e-26    2.12983e-26    1.1194e-26    1.45945e-26    4.08269e-26    7.41518e-26
150    1.65595e-26    2.23567e-26    1.15022e-26    1.51573e-26    4.37334e-26    8.21672e-26
160    1.74973e-26    2.35776e-26    1.28284e-26    1.64114e-26    4.77162e-26    8.83558e-26
180    1.98556e-26    2.74517e-26    1.43593e-26    1.89962e-26    5.28181e-26    9.80959e-26
200    2.18861e-26    2.75597e-26    1.57237e-26    2.02536e-26    5.19622e-26    1.06612e-25
220    2.44114e-26    3.17851e-26    1.73717e-26    2.30341e-26    5.61505e-26    1.12603e-25
240    2.72216e-26    3.53303e-26    1.91054e-26    2.49698e-26    6.42615e-26    1.25838e-25
260    2.93581e-26    3.83862e-26    2.10308e-26    2.65437e-26    7.14636e-26    1.35576e-25
280    3.16703e-26    4.08982e-26    2.27687e-26    2.93612e-26    7.15065e-26    1.3908e-25
300    3.48423e-26    4.53675e-26    2.52081e-26    3.22518e-26    7.88854e-26    1.55637e-25
330    3.84487e-26    4.944e-26    2.7984e-26    3.54806e-26    8.48554e-26    1.6887e-25
360    4.3306e-26    5.40099e-26    3.13454e-26    3.92927e-26    9.22748e-26    1.94412e-25
400    4.99679e-26    6.08768e-26    3.60077e-26    4.41838e-26    9.97135e-26    2.20312e-25
450    5.63588e-26    6.61503e-26    4.10584e-26    4.95402e-26    1.128e-25    2.35079e-25
500    6.49614e-26    7.64764e-26    4.77309e-26    5.67877e-26    1.22154e-25    2.72576e-25
550    7.35321e-26    8.5996e-26    5.40663e-26    6.45637e-26    1.37171e-25    3.15627e-25
600    8.109e-26    9.23018e-26    5.86279e-26    7.01479e-26    1.47243e-25    3.42641e-25
650    8.929e-26    1.00696e-25    6.49318e-26    7.56612e-26    1.56132e-25    3.69826e-25
700    9.99843e-26    1.10308e-25    7.19762e-26    8.39549e-26    1.72119e-25    4.20318e-25
750    1.08036e-25    1.17538e-25    7.71586e-26    8.99619e-26    1.82539e-25    4.40082e-25
800    1.20494e-25    1.3092e-25    8.55631e-26    9.90021e-26    1.99794e-25    4.90411e-25
900    1.37516e-25    1.47075e-25    9.77471e-26    1.1086e-25    2.23251e-25    5.27333e-25
1000    1.60461e-25    1.68229e-25    1.11341e-25    1.28116e-25    2.52832e-25    5.9489e-25
1100    1.86445e-25    1.91873e-25    1.261e-25    1.44417e-25    2.93447e-25    6.70602e-25
1200    2.05115e-25    2.09018e-25    1.37793e-25    1.57218e-25    3.19094e-25    7.02971e-25
1300    2.33952e-25    2.35472e-25    1.52696e-25    1.76494e-25    3.53428e-25    7.80759e-25
1500    2.74969e-25    2.71844e-25    1.74579e-25    2.01665e-25    4.0112e-25    8.27118e-25
1700    3.28816e-25    3.18181e-25    2.02051e-25    2.35438e-25    4.83666e-25    9.11896e-25
2000    4.10826e-25    3.91506e-25    2.3821e-25    2.7969e-25    5.91693e-25    1.26079e-24
2500    5.74652e-25    5.33534e-25    2.96606e-25    3.6571e-25    8.79053e-25    1.88353e-24
3000    7.37149e-25    6.5226e-25    3.40911e-25    4.48685e-25    1.14723e-24    2.35271e-24
4000    1.07052e-24    8.93811e-25    4.39741e-25    5.74043e-25    1.89149e-24    4.11707e-24
5000    1.50508e-24    1.19604e-24    5.3099e-25    7.22443e-25    2.78812e-24    6.24435e-24
6000    1.92761e-24    1.44602e-24    6.20974e-25    8.69798e-25    3.60686e-24    8.02021e-24
7000    2.39315e-24    1.74484e-24    6.92591e-25    1.00498e-24    4.42477e-24    1.00806e-23
8000    2.78949e-24    2.05874e-24    7.95833e-25    1.13013e-24    5.23459e-24    1.15863e-23
9000    3.28102e-24    2.40057e-24    8.83984e-25    1.27396e-24    6.0187e-24    1.40999e-23
10000    3.80054e-24    2.7193e-24    9.57103e-25    1.40465e-24    6.94298e-24    1.69567e-23
12000    4.72211e-24    3.35971e-24    1.07377e-24    1.70056e-24    9.44327e-24    2.17947e-23
15000    5.99692e-24    4.58878e-24    1.32806e-24    2.06913e-24    1.23947e-23    2.90936e-23
20000    8.01225e-24    6.16715e-24    1.66902e-24    2.75728e-24    1.63968e-23    4.34581e-23
30000    1.13094e-23    9.56192e-24    2.47512e-24    4.16245e-24    2.55353e-23    6.46815e-23
50000    1.66875e-23    1.579e-23    4.04403e-24    6.73982e-24    4.67916e-23    9.24275e-23
100000    2.55339e-23    2.828e-23    8.5979e-24    1.39946e-23    9.0501e-23    1.55579e-22
