2026/2026JCAP...03..035A/Fermi-HAWC-HESS-MAGIC-VERITAS-combined-DM-search_dm_ann_Fig1_tautau.ecsv
# %ECSV 0.9
# ---
# datatype:
# - {name: mass      , unit: GeV     , datatype: float32 , description: DM mass              }
# - {name: sigmav    , unit: cm3s-1  , datatype: float32 , description: <sigmav>             }
# - {name: sv_med     , unit: cm3s-1  , datatype: float32 , description: <sigmav>  from null hypothesis           }
# - {name: sv_lo_95    , unit: cm3s-1  , datatype: float32 , description: <sigmav>  Lower bound 3 sigma from null hypothesis           }
# - {name: sv_lo_68    , unit: cm3s-1  , datatype: float32 , description: <sigmav>  Lower bound 1 sigma from null hypothesis          }
# - {name: sv_hi_68    , unit: cm3s-1  , datatype: float32 , description: <sigmav>  Upper bound 1 sigma from null hypothesis          }
# - {name: sv_hi_95    , unit: cm3s-1  , datatype: float32 , description: <sigmav>  Upper bound 2 sigma from null hypothesis          }
# meta: !!omap
# - {reference:        "Combined dark matter search towards dwarf spheroidal galaxies with Fermi-LAT, HAWC, H.E.S.S., MAGIC, and VERITAS"}
# - {doi:              "https://doi.org/10.1088/1475-7516/2026/03/035"}
# - {arxiv:            "https://arxiv.org/abs/2508.20229"}
# - {instrument:       "joint"}
# - {year:             ""}
# - {source:           ""}
# - {channel:          "tautau"}
# - {confidence        "0.95" }
# - {dmfraction:       "1"}
# - {obs_time:         "h"}
# - {figure:           "Fig. 1"}
# - {comment:          ""}
# - {status:           ""}
# - {reference_id:     "2026JCAP...03..035A"}
mass    sigmav    sv_med    sv_lo_95    sv_lo_68    sv_hi_68    sv_hi_95
5    1.35031e-27    2.0026e-27    9.71937e-28    1.31738e-27    3.21448e-27    4.8964e-27
6    1.52474e-27    2.3363e-27    1.09862e-27    1.52056e-27    3.8834e-27    6.23218e-27
8    1.82011e-27    2.76132e-27    1.33198e-27    1.87353e-27    4.86537e-27    7.43995e-27
10    2.06876e-27    3.34013e-27    1.6511e-27    2.18901e-27    6.23407e-27    9.60137e-27
15    2.75184e-27    4.47931e-27    2.272e-27    2.82758e-27    8.33835e-27    1.33836e-26
20    3.53403e-27    5.4756e-27    2.74939e-27    3.57911e-27    1.07305e-26    1.77633e-26
25    4.29182e-27    6.4497e-27    3.26865e-27    4.28943e-27    1.25744e-26    2.09069e-26
30    5.12806e-27    7.53745e-27    3.84733e-27    5.04737e-27    1.38676e-26    2.4218e-26
40    6.848e-27    9.65787e-27    5.29623e-27    6.77919e-27    1.70727e-26    3.31671e-26
50    9.54555e-27    1.1627e-26    6.83328e-27    8.43119e-27    1.99853e-26    4.00207e-26
60    1.20219e-26    1.40598e-26    8.57355e-27    1.03485e-26    2.30961e-26    5.19797e-26
70    1.46666e-26    1.64575e-26    1.02758e-26    1.25053e-26    2.61862e-26    6.38847e-26
80    1.80761e-26    1.92175e-26    1.26161e-26    1.50063e-26    3.10546e-26    7.12323e-26
90    2.16117e-26    2.24133e-26    1.4788e-26    1.76475e-26    3.52809e-26    8.03174e-26
100    2.44662e-26    2.50723e-26    1.69165e-26    1.97882e-26    3.7708e-26    8.56088e-26
110    2.85327e-26    2.89047e-26    1.98219e-26    2.29811e-26    4.19365e-26    9.86709e-26
120    3.17594e-26    3.19568e-26    2.17749e-26    2.53601e-26    4.58672e-26    1.08249e-25
130    3.64973e-26    3.60877e-26    2.5271e-26    2.91456e-26    5.14249e-26    1.23268e-25
140    4.0145e-26    3.84541e-26    2.70523e-26    3.07359e-26    5.59955e-26    1.33177e-25
150    4.60383e-26    4.38366e-26    3.03392e-26    3.51741e-26    6.37806e-26    1.5645e-25
160    4.99488e-26    4.78238e-26    3.38487e-26    3.81487e-26    6.86791e-26    1.57905e-25
180    6.10607e-26    5.41512e-26    3.84797e-26    4.43886e-26    7.62455e-26    1.8235e-25
200    7.08944e-26    6.40711e-26    4.43234e-26    5.07123e-26    9.13695e-26    1.9795e-25
220    8.48507e-26    7.47662e-26    4.99243e-26    5.77512e-26    1.05393e-25    2.17011e-25
240    1.01498e-25    8.81366e-26    5.36888e-26    6.40602e-26    1.27029e-25    2.67043e-25
260    1.1238e-25    9.69389e-26    5.85657e-26    7.21367e-26    1.428e-25    2.86933e-25
280    1.2477e-25    1.06172e-25    6.21584e-26    7.70202e-26    1.60475e-25    3.08522e-25
300    1.43991e-25    1.22238e-25    6.74715e-26    8.37533e-26    1.90325e-25    3.87187e-25
330    1.62625e-25    1.36386e-25    7.24803e-26    8.96857e-26    2.18317e-25    4.82134e-25
360    1.89213e-25    1.58241e-25    7.70964e-26    9.92267e-26    2.72054e-25    6.41946e-25
400    2.23523e-25    1.82612e-25    8.34292e-26    1.07283e-25    3.52102e-25    8.36719e-25
450    2.49904e-25    2.02202e-25    9.03278e-26    1.19695e-25    4.45527e-25    1.01888e-24
500    2.85235e-25    2.27272e-25    9.94504e-26    1.30192e-25    5.73521e-25    1.27735e-24
550    3.21974e-25    2.55524e-25    1.07942e-25    1.4384e-25    7.70066e-25    1.66752e-24
600    3.42927e-25    2.72543e-25    1.13307e-25    1.49888e-25    8.70756e-25    1.78744e-24
650    3.66935e-25    3.02641e-25    1.19697e-25    1.5957e-25    9.78124e-25    1.89519e-24
700    4.02703e-25    3.39039e-25    1.23956e-25    1.6984e-25    1.12768e-24    2.16008e-24
750    4.26916e-25    3.53629e-25    1.25882e-25    1.77206e-25    1.19405e-24    2.26863e-24
800    4.66998e-25    3.87563e-25    1.29364e-25    1.85494e-25    1.34178e-24    2.52426e-24
900    5.21854e-25    4.11152e-25    1.36843e-25    2.0542e-25    1.4901e-24    3.2914e-24
1000    6.04529e-25    4.54506e-25    1.42503e-25    2.31647e-25    1.70252e-24    3.3461e-24
1100    6.92488e-25    5.04236e-25    1.5287e-25    2.45684e-25    1.90307e-24    4.24993e-24
1200    7.70791e-25    5.36615e-25    1.59864e-25    2.57819e-25    1.96073e-24    4.6658e-24
1300    8.77261e-25    5.88091e-25    1.63995e-25    2.85165e-25    2.24986e-24    5.45222e-24
1500    1.05336e-24    6.72948e-25    1.8792e-25    3.22077e-25    2.5305e-24    5.75026e-24
1700    1.24897e-24    7.67773e-25    2.04902e-25    3.54235e-25    2.88141e-24    7.03977e-24
2000    1.52596e-24    9.37276e-25    2.46145e-25    4.12528e-25    3.39463e-24    7.88698e-24
2500    1.95417e-24    1.2716e-24    3.01791e-25    5.18913e-25    4.34025e-24    9.52223e-24
3000    2.31226e-24    1.62977e-24    3.55282e-25    6.29539e-25    5.22737e-24    1.13739e-23
4000    2.90301e-24    2.18304e-24    4.43394e-25    8.32524e-25    7.12729e-24    1.51388e-23
5000    3.34026e-24    2.90113e-24    5.59909e-25    1.07018e-24    8.36399e-24    1.90196e-23
6000    3.61466e-24    3.26454e-24    6.61932e-25    1.26802e-24    9.96714e-24    2.18393e-23
7000    3.8288e-24    4.07034e-24    7.63053e-25    1.52937e-24    1.18142e-23    2.4156e-23
8000    4.01194e-24    4.50129e-24    8.82897e-25    1.80956e-24    1.35031e-23    2.71383e-23
9000    4.18361e-24    5.28023e-24    1.0237e-24    2.04156e-24    1.5135e-23    3.01717e-23
10000    4.35726e-24    5.89697e-24    1.21172e-24    2.2193e-24    1.67285e-23    3.15903e-23
12000    4.70379e-24    6.92076e-24    1.4921e-24    2.63144e-24    2.00568e-23    3.51364e-23
15000    5.2323e-24    8.54519e-24    1.75718e-24    3.19963e-24    2.45819e-23    4.07034e-23
20000    5.89481e-24    1.1175e-23    2.25911e-24    4.40752e-24    3.06182e-23    5.11355e-23
30000    7.83389e-24    1.54581e-23    3.46646e-24    6.55807e-24    3.91605e-23    6.78281e-23
50000    1.37976e-23    2.5566e-23    6.46381e-24    1.02842e-23    5.08598e-23    9.51241e-23
100000    3.65877e-23    3.95633e-23    1.02207e-23    1.84267e-23    8.5318e-23    1.4649e-22
