2026/2026JCAP...03..035A/Fermi-HAWC-HESS-MAGIC-VERITAS-combined-DM-search_dm_ann_Fig2_mumu.ecsv
# %ECSV 0.9
# ---
# datatype:
# - {name: mass      , unit: GeV     , datatype: float32 , description: DM mass              }
# - {name: sigmav    , unit: cm3s-1  , datatype: float32 , description: <sigmav>             }
# - {name: sv_med     , unit: cm3s-1  , datatype: float32 , description: <sigmav>  from null hypothesis           }
# - {name: sv_lo_95    , unit: cm3s-1  , datatype: float32 , description: <sigmav>  Lower bound 3 sigma from null hypothesis           }
# - {name: sv_lo_68    , unit: cm3s-1  , datatype: float32 , description: <sigmav>  Lower bound 1 sigma from null hypothesis          }
# - {name: sv_hi_68    , unit: cm3s-1  , datatype: float32 , description: <sigmav>  Upper bound 1 sigma from null hypothesis          }
# - {name: sv_hi_95    , unit: cm3s-1  , datatype: float32 , description: <sigmav>  Upper bound 2 sigma from null hypothesis          }
# meta: !!omap
# - {reference:        "Combined dark matter search towards dwarf spheroidal galaxies with Fermi-LAT, HAWC, H.E.S.S., MAGIC, and VERITAS"}
# - {doi:              "https://doi.org/10.1088/1475-7516/2026/03/035"}
# - {arxiv:            "https://arxiv.org/abs/2508.20229"}
# - {instrument:       "joint"}
# - {year:             ""}
# - {source:           ""}
# - {channel:          "mumu"}
# - {confidence        "0.95" }
# - {dmfraction:       "1"}
# - {obs_time:         "h"}
# - {figure:           "Fig. 2"}
# - {comment:          ""}
# - {status:           ""}
# - {reference_id:     "2026JCAP...03..035A"}
mass    sigmav    sv_med    sv_lo_95    sv_lo_68    sv_hi_68    sv_hi_95
5    3.26547e-27    6.89173e-27    2.47891e-27    3.69624e-27    1.41957e-26    2.97167e-26
6    3.50351e-27    7.82847e-27    2.65895e-27    4.29682e-27    1.57619e-26    4.02787e-26
8    4.14498e-27    8.41102e-27    3.14256e-27    4.8773e-27    1.7149e-26    4.47763e-26
10    5.69713e-27    9.53254e-27    3.57965e-27    5.4271e-27    2.0412e-26    5.26397e-26
15    7.59784e-27    1.17374e-26    4.7361e-27    6.62535e-27    2.34063e-26    5.31898e-26
20    9.03997e-27    1.40189e-26    6.129e-27    7.80261e-27    2.66905e-26    6.18362e-26
25    1.07176e-26    1.55327e-26    7.34099e-27    9.45954e-27    3.07863e-26    6.3412e-26
30    1.27025e-26    1.73878e-26    8.59693e-27    1.10849e-26    3.38085e-26    7.09624e-26
40    1.64998e-26    2.23506e-26    1.22461e-26    1.5437e-26    4.28255e-26    9.44117e-26
50    2.34001e-26    2.67486e-26    1.57303e-26    1.92468e-26    5.20671e-26    1.07393e-25
60    2.94529e-26    3.25867e-26    1.94975e-26    2.39429e-26    6.14818e-26    1.35819e-25
70    3.5116e-26    3.76428e-26    2.35583e-26    2.87046e-26    6.79786e-26    1.56819e-25
80    4.12466e-26    4.41815e-26    2.75273e-26    3.34551e-26    7.94658e-26    1.57938e-25
90    4.79028e-26    5.03394e-26    3.28575e-26    3.91625e-26    9.3041e-26    1.71853e-25
100    5.37927e-26    5.65797e-26    3.69613e-26    4.38854e-26    1.02164e-25    1.85831e-25
110    6.18987e-26    6.54462e-26    4.27655e-26    5.12708e-26    1.13013e-25    2.12555e-25
120    6.8041e-26    7.17298e-26    4.74274e-26    5.6454e-26    1.2207e-25    2.33514e-25
130    7.65617e-26    8.03442e-26    5.37665e-26    6.36382e-26    1.37676e-25    2.65249e-25
140    8.28032e-26    8.63812e-26    5.99391e-26    6.72615e-26    1.44147e-25    2.8368e-25
150    9.22218e-26    9.68549e-26    6.58739e-26    7.60534e-26    1.5262e-25    3.12393e-25
160    9.88686e-26    1.04912e-25    7.14276e-26    8.30743e-26    1.68969e-25    3.36391e-25
180    1.17151e-25    1.17888e-25    8.26795e-26    9.58828e-26    1.94358e-25    3.9736e-25
200    1.30251e-25    1.41303e-25    9.45753e-26    1.108e-25    2.1399e-25    4.50872e-25
220    1.47867e-25    1.60519e-25    1.05421e-25    1.25598e-25    2.43553e-25    5.01193e-25
240    1.68103e-25    1.87461e-25    1.20311e-25    1.45367e-25    2.88688e-25    5.80342e-25
260    1.82096e-25    2.06088e-25    1.34003e-25    1.61807e-25    3.16274e-25    6.24178e-25
280    1.95036e-25    2.1955e-25    1.45935e-25    1.75841e-25    3.47226e-25    7.00348e-25
300    2.15169e-25    2.4826e-25    1.61022e-25    1.9503e-25    3.94643e-25    8.39704e-25
330    2.38304e-25    2.76883e-25    1.77756e-25    2.187e-25    4.51434e-25    1.09361e-24
360    2.67983e-25    3.20159e-25    2.01119e-25    2.47802e-25    5.23227e-25    1.27248e-24
400    3.07412e-25    3.85756e-25    2.29426e-25    2.89764e-25    6.76476e-25    1.61172e-24
450    3.45796e-25    4.37101e-25    2.558e-25    3.22045e-25    7.99701e-25    1.92934e-24
500    4.01892e-25    5.23334e-25    2.87859e-25    3.65064e-25    1.00972e-24    2.71595e-24
550    4.65571e-25    6.31732e-25    3.26303e-25    4.18857e-25    1.35828e-24    3.77396e-24
600    5.09046e-25    6.89e-25    3.47279e-25    4.44914e-25    1.50804e-24    3.79161e-24
650    5.59752e-25    7.58871e-25    3.55434e-25    4.77226e-25    1.855e-24    4.59533e-24
700    6.1614e-25    8.95515e-25    3.89217e-25    5.28885e-25    2.33585e-24    5.32126e-24
750    6.49582e-25    9.85311e-25    4.18426e-25    5.65396e-25    2.4865e-24    5.9088e-24
800    6.97713e-25    1.11321e-24    4.49045e-25    6.26947e-25    2.95154e-24    6.28425e-24
900    7.35853e-25    1.27413e-24    4.84014e-25    6.94711e-25    3.39427e-24    7.70038e-24
1000    7.96597e-25    1.53387e-24    5.20721e-25    8.01285e-25    4.07453e-24    9.45201e-24
1100    8.40069e-25    1.78316e-24    5.99755e-25    8.91054e-25    5.13309e-24    1.06678e-23
1200    8.59737e-25    1.99026e-24    6.3941e-25    9.87356e-25    5.89954e-24    1.23058e-23
1300    9.39514e-25    2.39803e-24    7.05601e-25    1.1222e-24    6.77231e-24    1.52865e-23
1500    1.03842e-24    2.93229e-24    8.20296e-25    1.29313e-24    7.91282e-24    1.83467e-23
1700    1.23081e-24    3.67561e-24    9.5247e-25    1.4971e-24    9.472e-24    2.14149e-23
2000    1.59465e-24    4.5588e-24    1.20576e-24    1.73519e-24    1.23237e-23    2.63535e-23
2500    2.27435e-24    5.95802e-24    1.57902e-24    2.34058e-24    1.48588e-23    3.40883e-23
3000    3.11891e-24    7.42566e-24    1.83079e-24    2.91551e-24    1.7759e-23    3.854e-23
4000    5.28632e-24    9.92138e-24    2.30539e-24    3.90875e-24    2.49128e-23    4.94444e-23
5000    6.95142e-24    1.37322e-23    2.80951e-24    4.82884e-24    3.25486e-23    6.83457e-23
6000    7.78964e-24    1.5997e-23    3.26339e-24    5.3525e-24    3.77834e-23    8.07594e-23
7000    7.86319e-24    1.93579e-23    3.54259e-24    6.84729e-24    4.47333e-23    9.33596e-23
8000    7.54562e-24    2.09764e-23    3.9469e-24    7.57614e-24    5.01499e-23    1.05286e-22
9000    7.17736e-24    2.34617e-23    4.34029e-24    8.60847e-24    5.65828e-23    1.12581e-22
10000    6.94387e-24    2.42426e-23    4.73441e-24    9.09262e-24    6.13911e-23    1.21161e-22
12000    6.90962e-24    2.70857e-23    4.78097e-24    1.03572e-23    6.93055e-23    1.35423e-22
15000    7.72531e-24    3.17874e-23    6.1255e-24    1.30954e-23    8.21606e-23    1.66116e-22
20000    1.01108e-23    4.10059e-23    6.4748e-24    1.76974e-23    1.10931e-22    2.04165e-22
30000    1.52298e-23    6.27807e-23    1.08441e-23    2.34348e-23    1.50391e-22    2.83642e-22
50000    2.73765e-23    1.04238e-22    1.56046e-23    3.94042e-23    2.46215e-22    4.68618e-22
100000    5.46776e-23    2.09914e-22    2.73263e-23    7.94943e-23    4.38459e-22    7.29109e-22
