2026/2026JCAP...03..035A/Fermi-HAWC-HESS-MAGIC-VERITAS-combined-DM-search_dm_ann_Fig1_ee.ecsv
# %ECSV 0.9
# ---
# datatype:
# - {name: mass      , unit: GeV     , datatype: float32 , description: DM mass              }
# - {name: sigmav    , unit: cm3s-1  , datatype: float32 , description: <sigmav>             }
# - {name: sv_med     , unit: cm3s-1  , datatype: float32 , description: <sigmav>  from null hypothesis           }
# - {name: sv_lo_95    , unit: cm3s-1  , datatype: float32 , description: <sigmav>  Lower bound 3 sigma from null hypothesis           }
# - {name: sv_lo_68    , unit: cm3s-1  , datatype: float32 , description: <sigmav>  Lower bound 1 sigma from null hypothesis          }
# - {name: sv_hi_68    , unit: cm3s-1  , datatype: float32 , description: <sigmav>  Upper bound 1 sigma from null hypothesis          }
# - {name: sv_hi_95    , unit: cm3s-1  , datatype: float32 , description: <sigmav>  Upper bound 2 sigma from null hypothesis          }
# meta: !!omap
# - {reference:        "Combined dark matter search towards dwarf spheroidal galaxies with Fermi-LAT, HAWC, H.E.S.S., MAGIC, and VERITAS"}
# - {doi:              "https://doi.org/10.1088/1475-7516/2026/03/035"}
# - {arxiv:            "https://arxiv.org/abs/2508.20229"}
# - {instrument:       "joint"}
# - {year:             ""}
# - {source:           ""}
# - {channel:          "ee"}
# - {confidence        "0.95" }
# - {dmfraction:       "1"}
# - {obs_time:         "h"}
# - {figure:           "Fig. 1"}
# - {comment:          ""}
# - {status:           ""}
# - {reference_id:     "2026JCAP...03..035A"}
mass   sigmav   sv_med   sv_lo_95   sv_lo_68   sv_hi_68   sv_hi_95
5    5.94683e-27    9.18424e-27    4.21589e-27    5.82242e-27    1.68004e-26    2.25423e-26
6    6.93832e-27    1.09688e-26    4.74239e-27    6.5898e-27    2.01716e-26    3.08797e-26
8    7.57766e-27    1.2326e-26    5.89917e-27    7.81982e-27    2.35175e-26    3.63711e-26
10    8.90991e-27    1.45348e-26    7.10318e-27    9.21064e-27    2.75677e-26    4.86978e-26
15    1.29371e-26    1.86227e-26    9.47126e-27    1.25217e-26    3.7864e-26    6.49272e-26
20    1.64555e-26    2.26492e-26    1.25661e-26    1.58113e-26    4.18882e-26    8.09457e-26
25    2.07465e-26    2.75224e-26    1.58533e-26    1.9743e-26    5.10102e-26    1.01726e-25
30    2.53929e-26    3.14158e-26    1.93366e-26    2.3729e-26    5.48423e-26    1.21644e-25
40    3.52162e-26    4.44346e-26    2.78965e-26    3.36342e-26    6.97481e-26    1.69314e-25
50    5.21938e-26    5.48049e-26    3.66725e-26    4.35503e-26    8.45046e-26    2.02365e-25
60    6.75224e-26    6.82291e-26    4.62115e-26    5.45425e-26    1.04826e-25    2.25626e-25
70    8.0745e-26    8.26152e-26    5.63217e-26    6.62294e-26    1.1996e-25    2.76958e-25
80    9.52929e-26    9.80733e-26    6.8982e-26    8.0171e-26    1.46857e-25    3.23195e-25
90    1.11231e-25    1.14977e-25    8.13948e-26    9.34243e-26    1.66102e-25    3.8113e-25
100    1.27197e-25    1.28287e-25    9.1264e-26    1.04364e-25    1.81258e-25    4.239e-25
110    1.51264e-25    1.49173e-25    1.03133e-25    1.18696e-25    2.12719e-25    4.62368e-25
120    1.72221e-25    1.64946e-25    1.10594e-25    1.28712e-25    2.28357e-25    5.00872e-25
130    1.99992e-25    1.8725e-25    1.23163e-25    1.43948e-25    2.64328e-25    5.72639e-25
140    2.23669e-25    1.97329e-25    1.25051e-25    1.47447e-25    2.82841e-25    6.33033e-25
150    2.58546e-25    2.24745e-25    1.31174e-25    1.64592e-25    3.26337e-25    6.96611e-25
160    2.78967e-25    2.49231e-25    1.41603e-25    1.77479e-25    3.68338e-25    7.67277e-25
180    3.37723e-25    2.75911e-25    1.54711e-25    1.89081e-25    4.54999e-25    9.66937e-25
200    3.74616e-25    3.2232e-25    1.67979e-25    2.15468e-25    5.61746e-25    9.67387e-25
220    4.2088e-25    3.63923e-25    1.78984e-25    2.30356e-25    6.69585e-25    1.29889e-24
240    4.70988e-25    4.20355e-25    1.96567e-25    2.49717e-25    7.95201e-25    1.74071e-24
260    4.9645e-25    4.75824e-25    2.13231e-25    2.68192e-25    9.24675e-25    2.45749e-24
280    5.35153e-25    4.98785e-25    2.29081e-25    2.77242e-25    9.93242e-25    2.56009e-24
300    5.96341e-25    5.35254e-25    2.35369e-25    2.91818e-25    1.17383e-24    2.6909e-24
330    6.57509e-25    5.71965e-25    2.43417e-25    3.13508e-25    1.54447e-24    3.33615e-24
360    7.45525e-25    6.34161e-25    2.58534e-25    3.42007e-25    1.83408e-24    3.81656e-24
400    8.38837e-25    7.19501e-25    2.67524e-25    3.57919e-25    2.19165e-24    4.30303e-24
450    8.89193e-25    7.9615e-25    2.82491e-25    4.10906e-25    2.34468e-24    4.7619e-24
500    9.49579e-25    8.76052e-25    3.19974e-25    4.483e-25    2.89504e-24    5.23057e-24
550    1.01412e-24    9.46995e-25    3.36446e-25    4.93708e-25    3.11167e-24    6.44194e-24
600    1.07419e-24    1.01677e-24    3.37303e-25    5.28703e-25    3.22744e-24    6.76833e-24
650    1.16573e-24    1.18911e-24    3.78143e-25    5.64446e-25    3.83022e-24    7.7645e-24
700    1.30648e-24    1.27451e-24    3.87085e-25    6.02944e-25    4.12865e-24    8.45783e-24
750    1.44828e-24    1.38031e-24    4.00586e-25    6.42162e-25    4.54765e-24    9.51338e-24
800    1.65969e-24    1.49471e-24    4.08726e-25    6.80221e-25    4.73836e-24    1.06112e-23
900    2.09595e-24    1.65341e-24    4.61168e-25    7.4267e-25    5.18047e-24    1.04131e-23
1000    2.73084e-24    1.77475e-24    4.97455e-25    8.07102e-25    5.58728e-24    1.17028e-23
1100    3.32178e-24    2.00978e-24    5.63022e-25    8.86923e-25    6.09094e-24    1.41021e-23
1200    3.78042e-24    2.10145e-24    5.95264e-25    9.60399e-25    6.64281e-24    1.57027e-23
1300    4.33273e-24    2.38722e-24    6.59542e-25    1.07089e-24    7.43313e-24    1.84574e-23
1500    4.77867e-24    2.71106e-24    7.23661e-25    1.22051e-24    8.39377e-24    2.09703e-23
1700    5.18112e-24    3.22552e-24    8.21321e-25    1.37085e-24    9.8886e-24    2.52068e-23
2000    5.62051e-24    4.21834e-24    9.46817e-25    1.65317e-24    1.17652e-23    2.95727e-23
2500    6.13289e-24    5.36277e-24    1.14702e-24    2.14175e-24    1.53574e-23    3.32151e-23
3000    6.84352e-24    6.8115e-24    1.48978e-24    2.82021e-24    1.82069e-23    3.83369e-23
4000    8.89617e-24    9.63493e-24    1.73386e-24    3.53311e-24    2.45766e-23    5.32864e-23
5000    1.02053e-23    1.16425e-23    2.27787e-24    4.27706e-24    3.27917e-23    6.3516e-23
6000    1.10482e-23    1.31786e-23    2.85979e-24    4.84896e-24    4.06541e-23    7.4097e-23
7000    1.14724e-23    1.66494e-23    3.40962e-24    5.71218e-24    4.80218e-23    8.77411e-23
8000    1.18175e-23    1.85426e-23    3.92609e-24    6.81726e-24    5.33973e-23    9.7568e-23
9000    1.22638e-23    1.98605e-23    4.52812e-24    7.70034e-24    5.88084e-23    1.03925e-22
10000    1.23718e-23    2.1621e-23    4.56397e-24    8.5002e-24    6.52944e-23    1.15528e-22
12000    1.32959e-23    2.52716e-23    4.78662e-24    1.05301e-23    7.10277e-23    1.30185e-22
15000    1.59359e-23    3.14491e-23    6.1915e-24    1.33154e-23    8.26119e-23    1.4867e-22
20000    2.22586e-23    4.10585e-23    1.02768e-23    1.85056e-23    1.0567e-22    1.82776e-22
30000    3.57444e-23    5.84818e-23    1.67048e-23    2.52307e-23    1.25836e-22    2.29e-22
50000    7.53282e-23    8.59674e-23    2.3702e-23    3.86457e-23    1.88705e-22    3.40633e-22
100000    1.85329e-22    1.394e-22    3.52805e-23    6.71187e-23    3.19243e-22    5.48134e-22
