2021/2021ApJ...923...17T/MW-000030-sed-3.ecsv
# %ECSV 0.9
# ---
# datatype:
# - {name: e_ref, unit: keV, datatype: float32}
# - {name: e2dnde, unit:  erg cm-2 s-1, datatype: float32}
# - {name: e2dnde_err, unit: erg cm-2 s-1, datatype: float32}
# meta: !!omap
# - data_type: sed
# - source_id: 30
# - file_id: 3
# - reference_id: 2021ApJ...923...17T
# - telescope: veritas
# - mjd: {min: 58837, max: 58851}
# - description: "Ve2a"
# - UL_CONF: 0.95
# - comments: |
#       Period Ve2a
e_ref e2dnde e2dnde_err
3.06 8.291904951603599e-13 1.763996474034e-13
3.18 6.825913331493598e-13 1.5461004518099998e-13
3.28 1.1453960756465999e-12 2.3566416109506e-13
3.36 1.02209256189396e-12 2.1928991589558e-13
3.46 7.821345674197799e-13 1.56465365723172e-13
3.56 9.1907260432776e-13 2.0474215205885996e-13
3.64 9.105810681675598e-13 2.0331621485459998e-13
3.72 9.4145501190474e-13 2.0658465518795997e-13
3.8 7.154519759126999e-13 1.781620417008e-13
3.9 8.308086935606999e-13 1.57610922016482e-13
4.0 7.798915201321798e-13 1.8620496840347998e-13
4.08 1.3025535816756597e-12 2.3886851436305996e-13
4.16 1.1177745504764399e-12 2.2001089538087995e-13
4.24 7.512766454489399e-13 1.8207135268775997e-13
4.32 1.0899126988111798e-12 2.1879324113904e-13
4.4 9.615142633624198e-13 2.0815478828927999e-13
4.5 9.618827639882398e-13 1.6971857083961998e-13
4.6 8.015048829248399e-13 1.9049880178259998e-13
4.7 7.732745306337599e-13 1.56640002976278e-13
4.8 1.1252406935908798e-12 2.3010460817508e-13
4.88 1.1300952887919e-12 2.3298852611628e-13
4.96 1.15550581020714e-12 2.3580835699212e-13
5.06 5.8892808712572e-13 1.3985239620522597e-13
5.18 9.0518173291098e-13 1.7441294837723998e-13
5.28 9.7024612601772e-13 2.2247824739723998e-13
5.38 9.301756884013798e-13 1.7953991360603997e-13
5.48 9.944069496584399e-13 2.2859856213911997e-13
5.56 1.2041318710490398e-12 2.5261518988277997e-13
5.64 1.1340526650778798e-12 2.4510098146931994e-13
5.72 1.1424160271073598e-12 2.4862577006411994e-13
5.82 1.2115018835654398e-12 2.1083042326805999e-13
5.94 7.727297905781999e-13 1.7173731339845996e-13
6.06 8.522458169236199e-13 1.8308072396718e-13
6.16 1.2858749229157198e-12 2.7406833501203995e-13
6.26 1.05710012134686e-12 2.0488634795591997e-13
6.38 9.363440684422799e-13 1.9476059162903998e-13
6.5 6.224936876080199e-13 1.6420708321866e-13
6.62 8.845937631640799e-13 1.9567383231041998e-13
6.74 6.883111037327399e-13 1.7721675748673998e-13
6.86 9.7611009249816e-13 2.0990116082033998e-13
6.98 1.09560042586188e-12 2.2403235873221996e-13
7.1 1.1397564138949199e-12 2.2981621638095994e-13
7.22 1.10066330402532e-12 2.3138634948227995e-13
7.34 1.1965215320375399e-12 2.4173641053791995e-13
7.48 7.535196927365399e-13 1.7173731339845996e-13
7.62 6.413993718892199e-13 1.8775907973845996e-13
7.72 1.5607924115437799e-12 3.5164572763031997e-13
7.84 8.374737483581399e-13 1.8831984156035998e-13
7.98 1.2702056354351999e-12 2.6935793570807996e-13
8.1 1.0523096132112e-12 2.465749839726e-13
8.24 9.085623256087199e-13 2.0386095491016e-13
8.38 8.750447904254399e-13 2.3278024315386e-13
8.52 1.0587183197472e-12 2.2449698995608e-13
8.66 1.1730977096484598e-12 2.7485340156269996e-13
8.8 1.0328431671080999e-12 2.2739692966361997e-13
8.96 1.0701097956149397e-12 2.3451059391857997e-13
9.12 1.0392839171767799e-12 2.3686579357055994e-13
9.24 1.3236382261791e-12 3.7293865509618e-13
9.38 9.980118470849398e-13 2.1300938349029998e-13
9.54 1.2338842911424198e-12 3.1192776887345993e-13
9.68 1.08656414964612e-12 2.5458586714259997e-13
9.84 1.2603842926687798e-12 2.7967595323104e-13
10.06 6.662651532489e-13 1.6579323808632e-13
10.28 1.4434009295705998e-12 3.2602692325265994e-13
10.46 1.1606327754359398e-12 2.7377994321791995e-13
10.68 8.574528909841199e-13 2.2146887611782e-13
10.88 1.49023255258242e-12 3.5813454299801993e-13
11.08 9.307684937559597e-13 2.4494076380592e-13
11.34 9.871330677400797e-13 2.4023036450195993e-13
11.6 1.1576687486630398e-12 2.9532921894521994e-13
11.84 1.0505151753811197e-12 2.9411156470338e-13
12.1 1.4734257196917597e-12 3.3371737109585994e-13
12.38 1.1561466808607398e-12 3.0303568855475996e-13
12.64 1.4202014119102798e-12 3.7106410843439996e-13
12.92 9.306723631579199e-13 2.7684010058885997e-13
13.22 1.5876288701632798e-12 3.8264784549821993e-13
13.64 7.038522170825399e-13 2.0137758112745998e-13
14.14 1.05061130597916e-12 2.8646918215919995e-13
14.6 1.0701418391476198e-12 2.8701392221475994e-13
15.04 1.7141687807165996e-12 4.0709706093305993e-13
15.42 2.1461156012429997e-12 4.984531726037399e-13
15.8 1.3713350245732799e-12 4.078500839510399e-13
16.38 8.821744764467398e-13 2.5420134475043995e-13
17.04 1.2887908843895999e-12 3.7731259730699994e-13
17.7 1.34292843285246e-12 3.4903417971689997e-13
18.3 2.3239572076169995e-12 6.1711037411778e-13
18.96 1.4665203383992197e-12 3.830003243577e-13
20.1 1.0618746077161799e-12 2.9614632902855997e-13
21.44 1.3200653722852799e-12 3.8399367387077993e-13
22.56 1.934628285555e-12 5.825193805897199e-13
23.66 2.1073429267001997e-12 6.0669622599678e-13
26.06 1.3590783733231799e-12 3.985574594738399e-13
562341000.0 2.0189125608578863e-12 6.271112341026682e-13
1122020000.0 1.2048445202276093e-12 4.579255117752192e-13
2238720000.0 7.649729158292846e-13 4.579710992396053e-13
4466840000.0 4.2745589963257473e-13 3.373111838043648e-13
8912510000.0 nan nan
141254000000.0 nan nan
