2025/2025ApJ...983...73A/MW-100223-1.sed.ecsv
# %ECSV 0.9
# ---
# datatype:
# - {name: e_ref, unit: eV, datatype: float32}
# - {name: e2dnde, unit: erg cm-2 s-1, datatype: float32}
# - {name: e_errn, unit: eV, datatype: float32}
# - {name: e_errp, unit: eV, datatype: float32}
# - {name: e2dnde_errn, unit: erg cm-2 s-1, datatype: float32}
# - {name: e2dnde_errp, unit: erg cm-2 s-1, datatype: float32}
# - {name: e2dnde_ul, unit: erg cm-2 s-1, datatype: float32}
# - {name: observatory, datatype: string}
# meta: !!omap
# - {data_type: sed}
# - {source_id: 100223}
# - {file_id: 1}
# - {reference_id:  https://doi.org/10.3847/1538-4357/adc07d }
# - {telescope: veritas}
# - mjd: {max: 54587, min: 57570}
# - comments: |
#     Figure 3
e_ref e2dnde e_errn e_errp e2dnde_errn e2dnde_errp e2dnde_ul observatory
8.0254e+07 3.2699e-11 1.9439e+07 2.6666e+07 1.9620e-12 1.9620e-12 nan Fermi-LAT
1.2460e+08 6.2001e-11 1.7680e+07 1.9230e+07 3.7202e-12 3.7202e-12 nan Fermi-LAT
1.6601e+08 9.3618e-11 2.2180e+07 2.7460e+07 5.0786e-12 5.0786e-12 nan Fermi-LAT
2.2119e+08 1.1015e-10 2.7720e+07 3.4120e+07 6.0408e-12 6.0408e-12 nan Fermi-LAT
2.9752e+08 1.2961e-10 4.2210e+07 4.5900e+07 7.7771e-12 7.7771e-12 nan Fermi-LAT
3.9640e+08 1.5755e-10 5.2980e+07 6.1150e+07 1.0258e-11 1.0258e-11 nan Fermi-LAT
5.3321e+08 1.6633e-10 7.5660e+07 1.0625e+08 9.9802e-12 9.9802e-12 nan Fermi-LAT
7.0364e+08 1.7370e-10 6.4180e+07 1.1635e+08 9.3213e-12 9.3213e-12 nan Fermi-LAT
9.4649e+08 1.6453e-10 1.2650e+08 1.4601e+08 9.8726e-12 9.8726e-12 nan Fermi-LAT
1.2610e+09 1.5585e-10 1.6850e+08 1.9460e+08 8.4545e-12 8.4545e-12 nan Fermi-LAT
1.6963e+09 1.3983e-10 2.4070e+08 2.6160e+08 7.5857e-12 7.5857e-12 nan Fermi-LAT
2.2600e+09 1.2546e-10 3.0210e+08 3.4860e+08 6.7327e-12 6.7327e-12 nan Fermi-LAT
3.0110e+09 9.9912e-11 4.0240e+08 4.6450e+08 5.4200e-12 5.4200e-12 nan Fermi-LAT
4.0502e+09 8.6775e-11 5.7470e+08 6.2480e+08 4.7073e-12 4.7073e-12 nan Fermi-LAT
5.3962e+09 6.2677e-11 7.2120e+08 8.3240e+08 3.4001e-12 3.4001e-12 nan Fermi-LAT
7.1895e+09 4.8314e-11 9.6090e+08 1.1888e+09 2.6209e-12 2.6209e-12 nan Fermi-LAT
9.6708e+09 3.5278e-11 1.2925e+09 1.4922e+09 2.4485e-12 2.4485e-12 nan Fermi-LAT
1.2885e+10 2.1191e-11 1.7220e+09 2.1300e+09 2.5064e-12 2.5064e-12 nan Fermi-LAT
1.7332e+10 1.5812e-11 2.3170e+09 2.6730e+09 2.5834e-12 2.5834e-12 nan Fermi-LAT
2.3091e+10 9.9192e-12 3.0860e+09 3.5620e+09 2.4049e-12 2.4049e-12 nan Fermi-LAT
5.5136e+10 2.8813e-12 2.8483e+10 5.8914e+10 6.2981e-13 6.2981e-13 nan Fermi-LAT
1.9117e+11 2.1734e-12 7.7120e+10 1.2317e+11 1.1158e-12 1.1158e-12 nan Fermi-LAT
5.6335e+11 nan 2.4901e+11 4.3665e+11 0.0000e+00 0.0000e+00 1.1587e-12 Fermi-LAT
7.9600e+11 nan 3.0000e+11 5.0000e+11 nan nan 1.0464e-12 VERITAS
2.5180e+12 nan 1.2000e+12 2.5000e+12 nan nan 1.3151e-12 VERITAS
1.2400e-04 3.6325e-11 nan nan 2.4617e-12 2.4617e-12 nan Planck
1.8200e-04 2.9588e-11 nan nan 2.2896e-12 2.2896e-12 nan Planck
2.9000e-04 2.0665e-11 nan nan 2.3116e-12 2.3116e-12 nan Planck
2.0000e+03 nan 1.4000e+03 6.0000e+03 nan nan 5.5000e-13 XMM-Newton
3.0000e+11 nan nan nan nan nan 1.4418e-11 Whipple
9.0980e-08 1.9383e-13 9.0980e-10 9.0980e-10 2.3761e-14 2.3761e-14 nan Radio
1.2780e-07 2.6235e-13 1.2780e-09 1.2780e-09 5.2532e-14 5.2532e-14 nan Radio
1.5720e-07 2.9109e-13 1.5720e-09 1.5720e-09 8.7403e-14 8.7403e-14 nan Radio
3.0600e-07 4.6918e-13 3.0600e-09 3.0600e-09 5.1802e-14 5.1802e-14 nan Radio
3.4330e-07 4.1501e-13 3.4330e-09 3.4330e-09 2.2411e-14 2.2411e-14 nan Radio
3.5150e-07 3.7061e-13 3.5150e-09 3.5150e-09 1.1135e-13 1.1135e-13 nan Radio
4.2180e-07 4.4270e-13 4.2180e-09 4.2180e-09 7.1402e-14 7.1402e-14 nan Radio
4.5910e-07 5.5502e-13 4.5910e-09 4.5910e-09 7.7703e-14 7.7703e-14 nan Radio
6.5760e-07 1.0812e-12 6.5760e-09 6.5760e-09 1.9399e-13 1.9399e-13 nan Radio
7.3610e-07 7.6899e-13 7.3610e-09 7.3610e-09 2.3141e-13 2.3141e-13 nan Radio
7.3610e-07 7.1202e-13 7.3610e-09 7.3610e-09 1.4240e-13 1.4240e-13 nan Radio
7.3610e-07 6.7286e-13 7.3610e-09 7.3610e-09 2.0115e-13 2.0115e-13 nan Radio
8.0650e-07 7.7613e-13 8.0650e-09 8.0650e-09 2.3206e-13 2.3206e-13 nan Radio
1.3400e-06 1.3317e-12 1.3400e-08 1.3400e-08 1.6200e-13 1.6200e-13 nan Radio
1.3650e-06 1.5477e-12 1.3650e-08 1.3650e-08 3.1021e-13 3.1021e-13 nan Radio
1.3650e-06 1.3200e-12 1.3650e-08 1.3650e-08 1.3200e-13 1.3200e-13 nan Radio
1.6540e-06 1.4400e-12 1.6540e-08 1.6540e-08 2.8801e-13 2.8801e-13 nan Radio
1.6870e-06 1.1873e-12 1.6870e-08 1.6870e-08 2.3665e-13 2.3665e-13 nan Radio
1.6870e-06 1.7953e-12 1.6870e-08 1.6870e-08 3.5905e-13 3.5905e-13 nan Radio
1.6870e-06 1.1832e-12 1.6870e-08 1.6870e-08 2.3665e-13 2.3665e-13 nan Radio
1.7780e-06 1.2513e-12 1.7780e-08 1.7780e-08 2.5371e-13 2.5371e-13 nan Radio
1.7780e-06 2.4382e-12 1.7780e-08 1.7780e-08 7.6543e-13 7.6543e-13 nan Radio
2.1220e-06 1.5237e-12 2.1220e-08 2.1220e-08 1.5390e-13 1.5390e-13 nan Radio
2.5230e-06 1.9155e-12 2.5230e-08 2.5230e-08 1.9521e-13 1.9521e-13 nan Radio
3.0600e-06 1.8427e-12 3.0600e-08 3.0600e-08 1.1100e-13 1.1100e-13 nan Radio
3.1020e-06 1.8151e-12 3.1020e-08 3.1020e-08 1.8001e-13 1.8001e-13 nan Radio
3.9700e-06 2.2081e-12 3.9700e-08 3.9700e-08 1.5361e-13 1.5361e-13 nan Radio
3.9700e-06 2.5537e-12 3.9700e-08 3.9700e-08 3.8401e-13 3.8401e-13 nan Radio
5.7490e-06 2.4048e-12 5.7490e-08 5.7490e-08 4.8652e-13 4.8652e-13 nan Radio
5.7900e-06 2.6321e-12 5.7900e-08 5.7900e-08 3.2201e-13 3.2201e-13 nan Radio
5.7900e-06 2.4221e-12 5.7900e-08 5.7900e-08 3.6401e-13 3.6401e-13 nan Radio
5.8310e-06 3.3277e-12 5.8310e-08 5.8310e-08 6.6272e-13 6.6272e-13 nan Radio
5.8310e-06 3.3277e-12 5.8310e-08 5.8310e-08 4.9352e-13 4.9352e-13 nan Radio
5.8730e-06 2.5561e-12 5.8730e-08 5.8730e-08 5.1122e-13 5.1122e-13 nan Radio
1.0960e-05 4.4256e-12 1.0960e-07 1.0960e-07 4.5052e-13 4.5052e-13 nan Radio
1.1170e-05 2.8891e-12 1.1170e-07 1.1170e-07 2.7001e-13 2.7001e-13 nan Radio
1.1170e-05 4.5631e-12 1.1170e-07 1.1170e-07 4.8602e-13 4.8602e-13 nan Radio
1.1170e-05 4.8332e-12 1.1170e-07 1.1170e-07 2.7001e-12 2.7001e-12 nan Radio
1.1170e-05 3.3481e-12 1.1170e-07 1.1170e-07 5.1302e-13 5.1302e-13 nan Radio
1.2410e-05 4.3801e-12 1.2410e-07 1.2410e-07 8.7003e-13 8.7003e-13 nan Radio
1.2920e-05 4.2189e-12 1.2920e-07 1.2920e-07 4.3751e-13 4.3751e-13 nan Radio
2.0160e-05 5.9965e-12 2.0160e-07 2.0160e-07 5.8502e-13 5.8502e-13 nan Radio
2.0680e-05 6.3502e-12 2.0680e-07 2.0680e-07 7.5003e-13 7.5003e-13 nan Radio
2.0680e-05 7.7503e-12 2.0680e-07 2.0680e-07 1.1500e-12 1.1500e-12 nan Radio
3.4530e-05 7.9328e-12 3.4530e-07 3.4530e-07 1.9206e-12 1.9206e-12 nan Radio
4.4250e-05 1.1128e-11 4.4250e-07 4.4250e-07 7.4903e-13 7.4903e-13 nan Radio
1.0000e+12 nan nan nan nan nan 2.4593e-12 HESS
2.0000e+12 nan nan nan nan nan 1.9976e-12 HESS
3.0000e+12 nan nan nan nan nan 1.7688e-12 HESS
4.0000e+12 nan nan nan nan nan 1.6226e-12 HESS
5.0000e+12 nan nan nan nan nan 1.5175e-12 HESS
6.0000e+12 nan nan nan nan nan 1.4367e-12 HESS
7.0000e+12 nan nan nan nan nan 1.3718e-12 HESS
8.0000e+12 nan nan nan nan nan 1.3179e-12 HESS
9.0000e+12 nan nan nan nan nan 1.2722e-12 HESS
1.0000e+13 nan nan nan nan nan 1.2326e-12 HESS
