2023/2023ApJ...945..101A/VER-Figure_4_UHDM_radius_ttbar.ecsv
# %ECSV 1.0
# ---
# datatype:
# - {name: mass, unit: TeV, datatype: float64}
# - {name: radius, unit: 1 / GeV, datatype: float64}
# schema: astropy-2.0
# meta: !!omap
# - data_type: table
# - reference_id: 2023ApJ...945..101A
# - file_id: 1
# - telescope: veritas
mass radius
[from data line 424]
2254.5146049620676 0.9065879977791091
2268.0658298509243 0.9103889247090088
2281.6985071710847 0.9142035493829365
2295.4131265091837 0.9180319337612883
2309.210180394618 0.9218741400022324
2323.0901643172247 0.9257302304627824
2337.0535767451 0.9296002676998739
2351.1009191424705 0.9334843144714033
2365.232695987726 0.9373824337373285
2379.4494147915266 0.9412946886607141
2393.751586115023 0.9452211426088158
2408.139723588208 0.949161859154172
2422.6143439283514 0.9531169020756527
2437.1759669585513 0.9570863353595772
2451.8251156264187 0.9610702232007682
2466.5623160228474 0.9650686300036533
2481.3880974009026 0.9690816203833669
2496.302992194841 0.9731092591668151
2511.3075360392254 0.9771516113938048
2526.4022677881508 0.9812087423181135
2541.5877295346236 0.9852807174086028
2556.8644666299933 0.9893676023503353
2572.2330277035676 0.9934694630456535
2587.693964682303 0.9975863656153231
2603.2478328106185 1.0017183763996147
2618.8951906703533 1.005865561959436
2634.636600200817 1.0100279890774586
2650.4726267189644 1.0142057247592153
2666.40383893971 1.0183988362342542
2682.4308089963497 1.0226073909572388
2698.5541124610913 1.0268314566090908
2714.7743283657587 1.0310711010981377
2731.0920392225453 1.0353263925612182
2747.507831044966 1.0395973993648566
2764.022293368892 1.043884190106377
2780.63601927371 1.0481868336150595
2797.3496054036445 1.052505398953305
2814.16365198917 1.0568399554177563
2831.0787628685634 1.0611905725404862
2848.095545509605 1.0655573200901296
2865.2146110313834 1.069940268073055
2882.436574226238 1.0743394867345444
2899.7620535818514 1.0787550465599296
2917.191671303455 1.0831870182758012
2934.7260533361614 1.0876354728511501
2952.3658293874746 1.092100481498561
2970.111632949866 1.0965821156754056
2987.964101323556 1.1010804470849973
3005.9238756393884 1.1055955476778152
3023.9916008818477 1.1101274896526636
3042.16792591224 1.1146763454578814
3060.4535034919863 1.1192421877925538
3078.848990306054 1.1238250896076876
3097.355046986562 1.1284251241074288
3115.9723381364934 1.1330423647502876
3134.701532353552 1.1376768852503163
3153.5433022542097 1.1423287595783647
3172.498324497815 1.1469980619632603
3191.567279810932 1.1516848668930697
3210.750853011761 1.1563892491162944
3230.0497330347525 1.1611112836431117
3249.4646129553353 1.1658510457466262
3268.9961900148155 1.1706086109640774
3288.6451656454014 1.1753840550980963
3308.4122454954145 1.1801774542179642
3328.2981394546205 1.1849888846608294
3348.3035616797138 1.1898184230329956
3368.429230619986 1.1946661462111434
3388.6758690431116 1.1995321313436267
3409.0442040611138 1.2044164558517036
3429.5349671564613 1.2093191974308197
3450.1488942083597 1.214240434051893
3470.8867255191653 1.2191802439625572
3491.749205840977 1.2241387056884785
3512.7370844023703 1.229115898034607
3533.8511149353226 1.2341119000864778
3555.092055702274 1.2391267912115176
3576.4606695233465 1.24416065106031
3597.95772380376 1.2492135595679112
3619.5839905613784 1.254285596955167
3641.340246454442 1.2593768437299868
3663.227272809444 1.2644873806886956
3685.245855649213 1.2696172889173079
3707.39678572113 1.2747666497928904
3729.680858525515 1.2799355449848493
3752.0988743442176 1.2851240564562743
3774.651638269343 1.2903322664652868
3797.3399602321724 1.2955602575663456
3820.164655032234 1.3008081126116038
3843.126542366588 1.3060759147522691
3866.226446859255 1.3113637474399182
3889.4651980908125 1.3166716944278916
3912.8436306282183 1.3219998397726151
3936.362584054762 1.3273482678349793
3960.0229030002256 1.3327170632817222
3983.8254371712005 1.3381063110867624
4007.771041381626 1.3435160965326203
4031.8605755834797 1.3489465052117577
4056.0949048976418 1.3543976230279815
4080.4748996449944 1.3598695361978494
4105.001435377659 1.3653623312520227
4129.675392910446 1.370876095036713
4154.497658352475 1.3764109147150427
4179.469123139017 1.3819668777684726
4204.5906840635 1.3875440719982286
4229.8632433097 1.3931425855266808
4255.287708484168 1.3987625067988092
4280.86499264881 1.4044039245835922
4306.596014353677 1.4100669279754527
4332.481697669946 1.415751606395712
4358.522972223126 1.4214580495939904
4384.720773226429 1.4271863476496982
4411.0760415143595 1.4329365909734473
4437.589723576493 1.4387088703085191
4464.262771591486 1.4445032767323485
4491.096143461262 1.4503199016579411
4518.090802845398 1.4561588368353955
4545.24771919576 1.462020174353333
4572.567867791298 1.4679040066403968
4600.052229773084 1.4738104264667538
4627.701792179526 1.4797395269455436
4655.517547981842 1.4856914015344187
4683.500496119711 1.4916661440370056
4711.65164153713 1.4976638486044247
4739.9719952185305 1.5036846097368206
4768.462574225075 1.509728522284833
4797.124401731182 1.5157956814511677
4825.958507061258 1.5218861827920769
4854.965925726691 1.5280001222189115
4884.147699463024 1.534137595999672
4913.50487626735 1.5402987007605082
4943.038510435979 1.5464835334873175
4972.749662602285 1.552692191527249
5002.6393997748 1.5589247725902817
5032.7087953755145 1.5651813747508059
5062.95892927846 1.5714620964491466
5093.39088784847 1.577767036493189
5124.0057639802 1.5840962940599104
5154.80465713736 1.5904499686969844
5185.788673392229 1.5968281603243915
5216.95892546536 1.6032309692359745
5248.316532765531 1.6096584961010583
5279.862621429967 1.6161108419660783
5311.5983243647715 1.6225881082561429
5343.524781285619 1.629090396776708
5375.643138758663 1.6356178097151444
5407.954550241745 1.642170449642421
5440.460176125804 1.648748419514694
5473.1611837765295 1.6553518226749664
5506.058747576323 1.661980762854753
5539.154048966445 1.668635344175689
5572.44827648946 1.6753156711512391
5605.9426258318945 1.682021848688314
5639.638299867212 1.6887539820889625
5673.536508698996 1.6955121770520651
5707.6384697043895 1.7022965396749763
5741.945407577849 1.70910717645523
5776.458554375106 1.7159441942922575
5811.179149557418 1.7228077004890352
5846.108440036067 1.7296978027538474
5881.247680217167 1.7366146092019414
5916.598132046701 1.7435582283573006
5952.161065055818 1.7505287691543214
5987.937756406465 1.7575263409395607
6023.929490937231 1.7645510534734972
6060.1375612094935 1.771603016932228
6096.56326755382 1.77868234190924
6133.207918116704 1.7857891394171854
6170.07282890752 1.792923520889594
6207.15932384577 1.8000855981826964
6244.468734808668 1.80727548357715
6282.002401678942 1.8144932897798367
6319.76167239297 1.8217391299256758
6357.7479029891565 1.8290131175793627
6395.962457656678 1.836315366737229
6434.406708784444 1.8436459918289887
6473.082037010396 1.85100510771961
6511.989831271063 1.8583928297110826
6551.131488851486 1.865809273544266
6590.508415435376 1.8732545554007438
6630.122025155574 1.880728791904618
6669.973740644879 1.8882321001243754
6710.064993087111 1.8957645975747668
6750.397222268523 1.9033264022186083
6790.971876629478 1.9109176324687116
6831.79041331651 1.9185384071897007
6872.854298234633 1.926188845699915
6914.165006099963 1.9338690677733208
6955.724020492725 1.9415791936413465
6997.532833910498 1.9493193439948489
7039.592947821838 1.957089639985962
7081.905872720159 1.9648902032300384
7124.473128178034 1.9727211558075899
7167.296242901739 1.980582620266164
7210.376754786132 1.988924254276664
7253.716210969926 1.9982905939041298
7297.316167891224 2.007700253148724
7341.17819134343 2.0171534370408652
7385.303856531446 2.026650351553153
7429.694748128295 2.036191203604864
7474.352460331992 2.045776201066471
7519.278596922819 2.0554055527641837
7564.474771320885 2.0650794684844747
7609.942606644117 2.0747981589787114
7655.683735766527 2.084561835967716
7701.69980137683 2.0943707121463992
7747.992456037481 2.104225001188399
7794.563362243999 2.1141249177507437
7841.41419248468 2.124070677478543
7888.546629300633 2.1340624970096616
7935.9623653462495 2.144100593979493
7983.6631034499715 2.154185187025679
8031.650556675418 2.16431649579288
8079.926448382952 2.174494740937574
8128.492512291544 2.1847201441328665
8177.350492541047 2.1949929280733347
8226.5021437548 2.205313316479849
8275.949231102697 2.2156815341045073
8325.693530364542 2.226097806735501
8375.736827993813 2.2365623612020467
8426.080921181852 2.247075425379335
8476.727617922388 2.2576372281934987
8527.678737076474 2.268247999626613
8578.93610843778 2.2789079707216775
8630.50157279835 2.2896173735877037
8682.37698201469 2.3003764414047447
8734.564199074248 2.3111854084289845
8787.065098162362 2.322044509997847
8839.881564729545 2.3329539825351366
8893.015495559204 2.3439140635561544
8946.46879883573 2.3549249916729322
9000.243394213072 2.3659870065993958
9054.341212883659 2.3771003491566023
9108.764197647724 2.388265261277985
9163.514302983125 2.3994819860146346
9218.593495115503 2.410750767540598
9274.003752088918 2.4220718511581643
9329.747063836838 2.433445483303274
9385.825432253667 2.4448719115508446
9442.240871266598 2.4563513846201803
9498.99540690796 2.4678841523803876
9556.091077387937 2.479470465855827
9613.529933167822 2.4911105772315874
9671.314037033631 2.502804739858944
9729.445464170156 2.51455320826094
9787.926302235534 2.526356238137888
9846.7586514362 2.5382140863729568
9905.944624602318 2.5501270110377665
9965.48634726363 2.5620952713980083
10025.385957725844 2.5741191279191082
10085.645607147353 2.5861988422718576
10146.267459616598 2.5983346773381744
10207.253692229657 2.6105268972167934
10268.606495168497 2.6227757672290237
10330.328071779682 2.6350815539245347
10392.420638653392 2.647444525087168
10454.886425703065 2.6598649497407303
10517.727676245571 2.6723430981549177
10580.946647081628 2.684879241851157
10644.545608576918 2.697473653608534
10708.52684474367 2.7101266074697326
10772.892653322664 2.722838378747014
10837.645345865589 2.7356092440281707
10902.787247818324 2.748439481182603
10968.3206986043 2.7613293693673846
11034.248051708491 2.7742791890332374
11100.571674761977 2.787289221930756
11167.29394962704 2.8003597511164817
11234.417272482566 2.8134910609590835
11301.94405391017 2.826683437145544
11369.876718980839 2.839937166687397
11438.21770734187 2.853252537926928
11506.96947330457 2.8666298405435224
11576.13448593246 2.8800693655599265
11645.715229129803 2.893571405348598
11715.714201730882 2.907136253638067
11786.133917589808 2.9207642055193466
11856.976905670665 2.9344555574523077
11928.24571013839 2.948210607272208
11999.942890450224 2.962029654196124
12072.07102144748 2.97591299882948
12144.632693448086 2.9898609431725913
12217.630512339681 3.00387379062725
12291.06709967306 3.0179518460032826
12364.945092756387 3.0320954155252564
12439.267144749956 3.046304806839099
12514.035924761462 3.0605803290188045
12589.254117941662 3.074922292573162
