2023/2023ApJ...945..101A/VER-Figure_4_UHDM_radius_tt.ecsv
# %ECSV 1.0
# ---
# datatype:
# - {name: mass, unit: TeV, datatype: float64}
# - {name: radius, unit: 1 / GeV, datatype: float64}
# schema: astropy-2.0
# meta: !!omap
# - data_type: table
# - reference_id: 2023ApJ...945..101A
# - file_id: 1
# - telescope: veritas
mass radius
177.64359339517304 1e-05
177.64359339517304 0.0018182610504751436
178.71135684139952 0.005099111624365832
179.78553829998066 0.008442980562137563
180.8661763477026 0.01178667782324635
181.95330979322588 0.015130320701409287
183.0469776784784 0.018474026472028414
184.14721928005721 0.021817912396301098
185.2540741106398 0.02516209572534308
186.36758192040273 0.028506693704296534
187.4877826984491 0.03185182357644424
188.61471667424502 0.03519760258732225
189.74842431906345 0.0385441479888301
190.8889463474389 0.04189157704334406
192.036323718629 0.04524000702782763
193.19059763808488 0.04858955523794157
194.35180955893202 0.05194033899215646
195.52000118345853 0.055292475635865146
196.69521446461212 0.0586460825454881
197.87749160750795 0.06200127713259523
199.06687507094347 0.06535817684801239
200.26340756892358 0.06871689918593685
201.46713207219463 0.07207756168805216
202.67809180978693 0.07544028194764277
203.89633027056843 0.07880517761371295
205.1218912048058 0.08217236639510386
206.3548186257352 0.08554196606461298
207.59515681114394 0.08891409446311724
208.84295030496014 0.09228886950369701
210.09824391885184 0.09566640917575496
211.36108273383735 0.09904683154915343
212.63151210190378 0.1024302547783378
213.90957764763513 0.10581679710646939
215.19532526985193 0.10920657686956096
216.48880114325885 0.11259971250061375
217.79005172010318 0.11599632253375734
219.09912373184318 0.119396525608393
220.41606419082555 0.12280044047333921
221.74092039197504 0.1262081859909819
223.07373991449234 0.12961988114142897
224.41457062356196 0.13303564502665918
225.7634606720728 0.13645559687469308
227.12045850234648 0.13987985604374992
228.4856128478766 0.14330854202641666
229.8589727350801 0.14674177445382114
231.24058748505735 0.1501796730998079
232.63050671536263 0.1536223578851182
234.02878034178747 0.15706994888157783
235.43545858015236 0.16052256631628084
236.85059194811026 0.16398033057579284
238.2742312669612 0.16744336221034586
239.7064276634764 0.1709117819380437
241.14723257173577 0.1743857106490733
242.59669773497433 0.17786526940992012
244.05487520743984 0.18135057946758915
245.52181735626348 0.1848417622538325
246.99757686334 0.18833893938938417
248.48220672721865 0.1918422326881917
249.97576026500826 0.19535176416167202
251.47829111429078 0.1988676560229562
252.98985323504803 0.202390030691149
254.51050091159956 0.2059190107955939
256.0402887545513 0.20945471918014336
257.57927170275826 0.21299727890743872
259.1275050252968 0.21654681326319536
260.6850443234486 0.22010344576049368
262.25194553269915 0.22366730014408145
263.8282649247457 0.22723850039468188
265.4140591095173 0.2308171707333014
267.0093850372096 0.2344034356255645
268.6143000003289 0.23799741978603706
270.2288616357493 0.2415992481825664
271.85312792678394 0.24520904604063062
273.48715720526644 0.24882693884769272
275.1310081536459 0.25245305235756615
276.7847398070945 0.2560875125947873
278.4484115556269 0.2597304458589974
280.1220831462344 0.2633819787293345
281.8058146850299 0.267042238068835
283.49966663940563 0.2707113510288355
285.2036998402066 0.2743894450534038
286.9179754839138 0.27807664788375985
288.6425551348417 0.2817730875627155
290.3775007273506 0.2854788924391247
292.1228745680697 0.28919419117234046
293.878739338135 0.2929191127366845
295.64515809544076 0.29665378642592644
297.42219427690287 0.3003983418577735
299.20991170073864 0.30415290897837327
301.0083745687581 0.3079176180668179
302.8176474686684 0.3116925997396771
304.63779537639545 0.3154779849555252
306.4688836584164 0.3192739050194879
308.31097807410606 0.3230804915877986
310.16414477810054 0.3268978766723672
312.028450322672 0.33072619264536013
313.9039616601177 0.33456557224379174
315.7907461451666 0.33841614857413205
317.6888715373972 0.34227805511691406
319.5984060036693 0.3461514257313751
321.5194181205763 0.35003639466009157
323.4519768769029 0.35393309653363375
325.3961516761064 0.3578416663752347
327.35201233880804 0.3617622396054701
329.31962910529904 0.36569495204695196
331.2990726380657 0.36963993992903715
333.2904140243255 0.37359733989254895
335.2937247785795 0.37756728899450365
337.3090768451822 0.38154992471287286
339.33654260092464 0.38554538495133633
341.3761948576321 0.3895538080440621
343.42810686478265 0.39357533276049766
345.4923523121332 0.3976100983101752
347.56900533236944 0.4016582443475337
349.6581405037668 0.405719910976754
351.7598328528678 0.40979523875660867
353.87415785717855 0.41388436870533
356.00119144787834 0.41798744230549256
358.14101001254517 0.4221046015089005
360.2936903979017 0.42623598874151597
362.45930991257336 0.43038174690837744
364.6379463298641 0.4345420193985471
366.8296778905516 0.4387169500900725
369.03458330569543 0.44290668335496375
371.25274175946316 0.44711136406418783
373.48423291197753 0.45133113759268095
375.72913690217223 0.455566149824374
377.98753435067414 0.45981654715724024
380.2595063626969 0.46408247650835954
382.5451345309529 0.46836408531898743
384.84450093858516 0.4726615215596696
387.1576881621146 0.4769749337353461
389.484779274404 0.48130447089048756
391.825857847644 0.48565028261424775
394.18100795635314 0.49001251904563314
396.5503141803955 0.49439133087869136
398.93386160802277 0.49878686936771993
401.3317358389242 0.5031992863324909
403.7440229873054 0.5076287341634977
406.170809684979 0.5120753658272226
408.61218308447485 0.5165393348714085
411.06823086217236 0.5210207954303814
413.5390412214477 0.5255199022303617
416.02470289584056 0.5300368105948109
418.52530515224305 0.5345716764497961
421.0409377941043 0.5391246563293739
423.5716911646544 0.5439909192160327
426.1176561501513 0.5489833374127115
428.67892418314347 0.5539993037934217
431.2555872457519 0.5590390233145424
433.8477378729782 0.5641027019462165
436.4554691560215 0.569190546680778
439.0788747456266 0.574302765541251
441.7180488554454 0.5794395675898658
444.37308626541903 0.5846011629366195
447.0440823251844 0.5897877627479097
449.7311329574969 0.5949995792551708
452.4343346616744 0.6002368257635989
455.1537845170648 0.6054997166608798
457.8895801865317 0.6107884674260038
460.6418199199595 0.6161032946380945
463.4106025577871 0.6214444159853055
466.19602753455143 0.6268120502737435
468.9981948824612 0.6322064174364587
471.81720523499206 0.6376277385424809
474.6531598304949 0.643076235805891
477.50616051583603 0.6485521325949399
480.37630975005385 0.6540556534412426
483.26371060803615 0.6595870240489923
486.16846678422513 0.6651464713042278
489.0906825963399 0.6707342232841795
492.03046298912113 0.6763505092666184
494.9879135381031 0.6819955597393053
497.96314045340347 0.6876696064094575
500.9562505835358 0.6933728822132684
503.96735141925217 0.699105621325507
506.9965510973965 0.7048680591691409
510.0439584047934 0.7106604324250126
513.1096827821533 0.7164829790416014
516.193834328001 0.7223359382447885
519.2965238026325 0.728219550547727
522.4178626320918 0.7341340577607334
525.5579629121702 0.7400797030012316
528.7169374124356 0.7460567307037836
531.8948995802807 0.752065386630148
535.0919635449953 0.7581059178793882
538.3082441218688 0.7641785728980781
541.5438568163113 0.7702836014905086
544.7989178279997 0.7764212548290043
548.0735440550574 0.7825917854642644
551.3678530982435 0.7887954473357601
554.6819632651833 0.7950324957822228
558.0159935746146 0.8013031875521598
561.3700637606602 0.8076077808144283
564.7442942771306 0.8139465351689072
568.1388063018495 0.8203197116571719
571.553721741003 0.8267275727732912
574.9891632335208 0.8331703824746256
578.4452541554797 0.8396484061927403
581.9221186245312 0.8461619108443437
585.4198815043657 0.8527111648423074
588.9386684091885 0.8592964381067284
592.4786057082373 0.8659180020760949
596.0398205303183 0.8725761297184612
599.6224407683693 0.8792710955427445
603.2265950840575 0.8860031756100297
606.8524129123971 0.8927726475449937
610.5000244663966 0.8995797905473579
614.169560741738 0.9064248854034076
617.8611535214803 0.9133082144976158
621.57493538079 0.9202300618242771
625.3110396917053 0.9271907129992665
629.0696006279251 0.9341904552718285
632.850753169624 0.9412295775364335
636.6546331083074 0.9483083703447404
640.4813770516793 0.9554271259175913
644.3311224285545 0.9625861381570773
648.2040074937928 0.9697857026587179
652.1001713332605 0.9770261167236428
656.0197538688309 0.9843076793709165
659.9628958634062 0.9916306913498883
663.9297389259709 0.9989954551526127
667.920425516682 1.0064022750263883
671.9350989519822 1.013851456986325
675.9739034097448 1.021343308827989
680.0369839344585 1.0288781401401652
684.1244864424278 1.036456262317629
688.2365577270172 1.0440779885740599
692.3733454639272 1.0517436339549884
696.5349982164886 1.0594535153508169
700.7216654410056 1.0672079515099622
704.9334974921204 1.075007263052032
709.1706456282103 1.0828517724810813
713.4332620168249 1.0907418041989942
717.7214997401478 1.0986776845188753
722.0355128004927 1.1066597416785944
726.3754561258381 1.1146883058543404
730.7414855753892 1.1227637091743237
735.1337579451717 1.1308862857325102
739.5524309736719 1.1390563716024669
743.9976633474902 1.1472743048512577
748.4696147070484 1.1555404255534825
752.9684456523206 1.1638550758053208
757.4943177485973 1.1722185997387435
762.0473935322927 1.1806313435357279
766.6278365167805 1.1890936554426346
771.2358111982617 1.1976058857846203
775.871483061679 1.2061683869801383
780.5350185866558 1.2147815135555773
785.2265852534737 1.2234456221599097
789.9463515490911 1.2321610715795113
794.6944869731923 1.2409282227530116
799.4711620442708 1.2497474387862413
804.2765483057628 1.2586190849673116
809.1108183321957 1.267543528781743
813.9741457353948 1.2765211399276801
818.8667051707156 1.2855522903312602
823.7886723433126 1.294637354161985
828.7402240144552 1.3037767078482771
833.7215380078726 1.3129707300930678
838.732793216138 1.3222198018894877
843.7741696070975 1.3315243065366986
848.8458482303312 1.3408846296557708
853.9480112236516 1.3503011592056622
859.0808418196541 1.3597742854993469
864.2445243522853 1.369304401219961
869.4392442634727 1.3788919014371306
874.6651881097803 1.388537183623342
879.9225435691066 1.3982406476704154
885.211499447429 1.4080026959061303
890.5322456855827 1.4178237331108974
895.8849733660783 1.42770416653454
901.2698747199702 1.4376444059132314
906.6871431337571 1.4476448634864483
912.1369731563243 1.4577059540141284
917.6195605059363 1.4678280947938331
923.1351020772624 1.4780117056781086
928.6837959484441 1.488257209091887
934.2658413882192 1.4985650300500322
939.8814388630644 1.5089355961749547
945.5307900444058 1.5193693377144073
951.2140978158566 1.5298666875592941
956.9315662805013 1.5404280812616926
962.683400768231 1.5510539570528832
968.4698078431142 1.5617447558615893
974.2909953108124 1.572500921332264
980.1471722260491 1.583322899843491
986.0385489001142 1.594211140526565
991.9653369084126 1.6051660952840885
997.9277490980746 1.616188218808783
1003.9259995955853 1.6266067914032376
1009.9603038144814 1.6367276507051673
1016.0308784630935 1.6469042937215879
1022.1379415523147 1.6571370683699136
1028.2817124034418 1.6674263244805387
1034.4624116560476 1.6777724138088224
1040.6802612759013 1.688175690047068
1046.9354845629464 1.6986365088366475
1053.2283061593164 1.709155227780152
1059.5589520574 1.7197322064536096
1065.9276496079622 1.730367806418806
1072.3346275283077 1.741062391235604
1078.7801159104883 1.7518163264743918
1085.2643462295803 1.7626299797286031
1091.7875513519796 1.7735037206272386
1098.3499655437793 1.7844379208475312
1104.9518244791764 1.7954329541276421
1111.593365248933 1.806489196279433
1118.274826368898 1.8176070252013365
1124.9964477885683 1.828786820891233
1131.7584708997035 1.8400289654594684
1138.5611385450018 1.8513338431418973
1145.4046950268175 1.8627018403130502
1152.289386115931 1.8741333454992932
1159.2154590603818 1.8856287493921358
1166.1831625943455 1.8971884448615788
1173.1927469470604 1.9088128269695335
1180.2444638518275 1.9205022929833553
1187.3385665550347 1.9322572423893756
1194.4753098252645 1.9440780769065749
1201.654949962438 1.9559652005003403
1208.8777448070161 1.9679190193962202
1216.1439537492674 1.9799399420938422
1223.4538377385784 1.9920283793808613
1230.8076592928223 2.004184744346997
1238.2056825077939 2.0164094523981735
1245.64817306669 2.028702921270678
1253.1353982496464 2.0410655710454497
1260.6676269433497 2.0534978241624677
1268.2451296506765 2.0660001054351325
1275.8681785004221 2.0785728420648195
1283.537047257068 2.091216463655466
1291.2520113306095 2.1039314022282443
1299.0133477864545 2.116718092236357
1306.8213353553695 2.1295769705798335
1314.676254443486 2.14250847662049
1322.5783871423782 2.1555130521969277
1330.52801723919 2.1685911416396637
1338.5254302268222 2.1817431917862615
1346.5709133141938 2.1949696519966313
1354.6647554365522 2.208270974168381
1362.8072472658441 2.221647612752238
1370.9986812211696 2.2351000247676245
1379.2393514792643 2.2486286698182063
1387.5295539850797 2.262234010107631
1395.8695864624046 2.275916510455347
1404.2597484245548 2.2896766383124225
1412.700341185136 2.303514863777563
1421.1916678688622 2.317431659613155
1429.7340334224361 2.331427501261411
1438.3277446255104 2.3455028668606537
1446.9731101016991 2.35965823726159
1455.6704403296576 2.3738940960437684
1464.4200476542464 2.3882109295321317
1473.222246297731 2.4026092268135684
1482.0773523710743 2.417089479753664
1490.9856838852984 2.4316521830134943
1499.9475607628858 2.4462978340665122
1508.9633048492847 2.4610269332155834
1518.0332399244624 2.4758399836100207
1527.157691714527 2.4907374912628053
1536.3369879034358 2.50571996506786
1545.571458144758 2.5207879168174694
1554.8614340735087 2.535941861219705
1564.2072493180685 2.5511823159160447
1573.6092395121602 2.56650980149905
1583.0677423068953 2.581924841530135
1592.5830973829193 2.5974279625574948
1602.155646462586 2.6130196941340285
1611.7857333222487 2.6287005688354594
1621.4737038045994 2.64447112227856
1631.219905831084 2.6603318931393827
1641.0246894144066 2.6762834231717036
1650.8884066710953 2.6923262572255156
1660.811411834142 2.70846094326563
1670.7940612657342 2.724688032390437
1680.8367134700475 2.7410080788506623
1690.9397291061157 2.7574216400683453
1701.1034710007934 2.7739292766558523
1711.328304161781 2.790531552435076
1721.6145957907256 2.8072290344566184
1731.9627152964279 2.8240222930192127
1742.3730343080842 2.8409119016891724
1752.8459266886514 2.8578984373200296
1763.3817685482675 2.8749824800721715
1773.9809382577516 2.8921646134326995
1784.6438164622052 2.9094454242353316
1795.3707860946747 2.926825502680501
1806.1622323898998 2.9443054423554345
1817.018542898158 2.9618858402544785
1827.9401074991779 2.9795672967994626
1838.9273184161332 2.9973504158602573
1849.9805702297488 3.015235804775321
1861.1002598924451 3.0332240743724954
1872.286786742615 3.051315838989841
1883.540552518957 3.069511716496668
1894.861961374896 3.0878123283145653
1906.251419893112 3.1062182994386704
1917.7093371001329 3.1247302584590044
1929.236124481019 3.143348837581927
1940.8321959941527 3.1620746726517788
1952.4979680860986 3.1809084031725163
1964.233859706553 3.199850672329608
1976.040292323402 3.218902127011973
1987.917689937851 3.2380634178341223
1999.8664790996445 3.2573351991583057
2011.8870889224058 3.2767181291169036
2023.9799510990201 3.2962128696348802
2036.1454999171604 3.315820086452445
2048.3841722748743 3.3355404491477043
2060.6964076962695 3.355374631159578
2073.0826483473106 3.3753233098107787
2085.5433390516914 3.3953871663309894
2098.078927306804 3.4155668858800494
2110.6898632998223 3.4358631575714056
2123.376599923863 3.4562766744956175
2136.1395927942413 3.476808133744082
2148.979300264858 3.497458236432757
2161.8961834446313 3.5182276877261542
2174.8907062140693 3.539117196861395
2187.963335241943 3.5601274771724896
2201.114540002016 3.581259246114605
2214.3447927899315 3.602513225288626
2227.6545687401613 3.623890140465766
2241.0443458430645 3.6453907216124106
2254.5146049620676 3.6670157029149544
2268.0658298509243 3.688765822804936
