2023/2023ApJ...945..101A/VER-Figure_4_UHDM_radius_ee.ecsv
# %ECSV 1.0
# ---
# datatype:
# - {name: mass, unit: TeV, datatype: float64}
# - {name: radius, unit: 1 / GeV, datatype: float64}
# schema: astropy-2.0
# meta: !!omap
# - data_type: table
# - reference_id: 2023ApJ...945..101A
# - file_id: 1
# - telescope: veritas
mass radius
[from data line 429]
1455.6704403296576 3.246916461542357
1464.4200476542464 3.2611864248307976
1473.222246297731 3.2755154487155154
1482.0773523710743 3.2899037989344637
1490.9856838852984 3.304351742289533
1499.9475607628858 3.3188595466514426
1508.9633048492847 3.3334274809648696
1518.0332399244624 3.348055815253457
1527.157691714527 3.3627448206248305
1536.3369879034358 3.377494769275789
1545.571458144758 3.3923059344972906
1554.8614340735087 3.4071785906796945
1564.2072493180685 3.422113013317784
1573.6092395121602 3.437109479016051
1583.0677423068953 3.452168265493755
1592.5830973829193 3.46728965159023
1602.155646462586 3.4824739172700636
1611.7857333222487 3.497721343628291
1621.4737038045994 3.51303221289576
1631.219905831084 3.5284068084442977
1641.0246894144066 3.5435190320494265
1650.8884066710953 3.557992173672181
1660.811411834142 3.572521372594102
1670.7940612657342 3.587106863816171
1680.8367134700475 3.6017488832142
1690.9397291061157 3.616447667542756
1701.1034710007934 3.631203454439105
1711.328304161781 3.6460164824270214
1721.6145957907256 3.66088699092083
1731.9627152964279 3.67581522022923
1742.3730343080842 3.690801411559361
1752.8459266886514 3.7058458070206544
1763.3817685482675 3.7209486496289306
1773.9809382577516 3.73611018331027
1784.6438164622052 3.7513306529051462
1795.3707860946747 3.766610304172333
1806.1622323898998 3.7819493837929925
1817.018542898158 3.797348139374766
1827.9401074991779 3.8128068194557256
1838.9273184161332 3.828325673508583
1849.9805702297488 3.84390495194465
1861.1002598924451 3.8595449061180656
1872.286786742615 3.8752457883298033
1883.540552518957 3.8910078518319136
1894.861961374896 3.9068313508315606
1906.251419893112 3.922716540495302
1917.7093371001329 3.938663676953164
1929.236124481019 3.9546730173028695
1940.8321959941527 3.9707448196141044
1952.4979680860986 3.9868793429326224
1964.233859706553 4.003076847284607
1976.040292323402 4.019337593680802
1987.917689937851 4.035661844120899
1999.8664790996445 4.052049861597695
2011.8870889224058 4.0685019101015145
2023.9799510990201 4.085018254624413
2036.1454999171604 4.10159916116455
2048.3841722748743 4.118244896730582
2060.6964076962695 4.1349557293459025
2073.0826483473106 4.151731928053154
2085.5433390516914 4.168573762918476
2098.078927306804 4.185481505036055
2110.6898632998223 4.202455426532396
2123.376599923863 4.21949580057091
2136.1395927942413 4.236602901356221
2148.979300264858 4.2537770041387715
2161.8961834446313 4.271018385219187
2174.8907062140693 4.288327321952834
2187.963335241943 4.305704092754382
2201.114540002016 4.323148977102218
2214.3447927899315 4.340662255543134
2227.6545687401613 4.358244209696755
2241.0443458430645 4.375895122260259
2254.5146049620676 4.393615277012838
2268.0658298509243 4.411404958820454
2281.6985071710847 4.429264453640344
2295.4131265091837 4.447194048525726
2309.210180394618 4.465194031630519
2323.0901643172247 4.4832646922139
2337.0535767451 4.501406320645142
2351.1009191424705 4.519619208408198
2365.232695987726 4.53790364810657
2379.4494147915266 4.556259933467943
2393.751586115023 4.5746883593489915
2408.139723588208 4.593189221740246
2422.6143439283514 4.611762817770747
2437.1759669585513 4.630409445713021
2451.8251156264187 4.649129404987778
2466.5623160228474 4.667922996168905
2481.3880974009026 4.686790520988201
2496.302992194841 4.705732282340419
2511.3075360392254 4.724748584288037
2526.4022677881508 4.743839732066252
2541.5877295346236 4.763006032087981
2556.8644666299933 4.782247791948692
2572.2330277035676 4.801565320431538
2587.693964682303 4.820958927512214
2603.2478328106185 4.8404289243641205
2618.8951906703533 4.8599756233632565
2634.636600200817 4.879599338093426
2650.4726267189644 4.899300383351166
2666.40383893971 4.919079075150987
2682.4308089963497 4.9389357307303605
2698.5541124610913 4.958870668554905
2714.7743283657587 4.978884208323603
2731.0920392225453 4.998976670973824
2747.507831044966 5.019148378686684
2764.022293368892 5.039399654892089
2780.63601927371 5.059730824274129
2797.3496054036445 5.080142212776163
2814.16365198917 5.100634147606251
2831.0787628685634 5.121206957242277
2848.095545509605 5.141860971437422
2865.2146110313834 5.162596521225352
2882.436574226238 5.183413938925615
2899.7620535818514 5.204313558149087
2917.191671303455 5.2252957138032
2934.7260533361614 5.2463607420975285
2952.3658293874746 5.2675089805490405
2970.111632949866 5.288740767987722
2987.964101323556 5.31005644456187
3005.9238756393884 5.33145635174376
3023.9916008818477 5.352940832334999
3042.16792591224 5.374510230472127
3060.4535034919863 5.396164891632227
3078.848990306054 5.417905162638357
3097.355046986562 5.439731391665306
3115.9723381364934 5.461643928245038
3134.701532353552 5.483643123272511
3153.5433022542097 5.505729329011144
3172.498324497815 5.527902899098689
3191.567279810932 5.5501641885527615
3210.750853011761 5.572513553776638
3230.0497330347525 5.594951352565061
3249.4646129553353 5.617477944109854
3268.9961900148155 5.640093689005881
3288.6451656454014 5.662798949256681
3308.4122454954145 5.685594088280475
3328.2981394546205 5.708479470915844
3348.3035616797138 5.7314554634277775
3368.429230619986 5.754522433513399
3388.6758690431116 5.777680750308062
3409.0442040611138 5.800930784391135
3429.5349671564613 5.824272907792034
3450.1488942083597 5.84770749399628
3470.8867255191653 5.8712349179513525
3491.749205840977 5.894855556072901
3512.7370844023703 5.918569786250622
3533.8511149353226 5.942377987854522
3555.092055702274 5.9662805417408595
3576.4606695233465 5.990277830258338
3597.95772380376 6.0143702372543295
3619.5839905613784 6.038558148080883
3641.340246454442 6.062841949601105
3663.227272809444 6.087222030195198
3685.245855649213 6.111698779766898
3707.39678572113 6.136272589749528
3729.680858525515 6.160943853112519
3752.0988743442176 6.185712964367501
3774.651638269343 6.2105803195748575
3797.3399602321724 6.235546316349912
3820.164655032234 6.260611353869389
3843.126542366588 6.285775832877906
3866.226446859255 6.31104015569424
3889.4651980908125 6.336404726217984
3912.8436306282183 6.3618699499358415
3936.362584054762 6.387436233928335
3960.0229030002256 6.413103986876143
3983.8254371712005 6.438873619066872
4007.771041381626 6.464745542401432
4031.8605755834797 6.490720170400864
4056.0949048976418 6.516797918212791
4080.4748996449944 6.542979202618168
4105.001435377659 6.569264442038047
4129.675392910446 6.595654056540109
4154.497658352475 6.622148467845617
4179.469123139017 6.648748099335977
4204.5906840635 6.675453376059744
4229.8632433097 6.70226472473922
4255.287708484168 6.729182573777532
4280.86499264881 6.7562073532653
4306.596014353677 6.783339494987632
4332.481697669946 6.810579432431121
4358.522972223126 6.837927600790618
4384.720773226429 6.865384436976422
4411.0760415143595 6.892950379621078
4437.589723576493 6.92062586908662
4464.262771591486 6.9484113474714215
4491.096143461262 6.976307258617503
4518.090802845398 7.004314048117455
4545.24771919576 7.03243216332166
4572.567867791298 7.0606620533455615
4600.052229773084 7.089004169076652
4627.701792179526 7.117458963181938
4655.517547981842 7.146026890114965
4683.500496119711 7.174708406123323
4711.65164153713 7.203503969255744
4739.9719952185305 7.232414039369663
4768.462574225075 7.261439078138354
4797.124401731182 7.290579549058567
4825.958507061258 7.319835917457745
4854.965925726691 7.349208650501571
4884.147699463024 7.378698217201543
4913.50487626735 7.408305088422271
4943.038510435979 7.438029736889271
4972.749662602285 7.467872637196285
5002.6393997748 7.497834265813129
5032.7087953755145 7.527915101093091
5062.95892927846 7.558115623280819
5093.39088784847 7.588436314519776
5124.0057639802 7.618877658860214
5154.80465713736 7.649440142266695
5185.788673392229 7.680124252625971
5216.95892546536 7.710930479754895
5248.316532765531 7.741859315408033
5279.862621429967 7.772911253285797
5311.5983243647715 7.804086789042096
5343.524781285619 7.835386420292519
5375.643138758663 7.866810646622079
5407.954550241745 7.898359969593303
5440.460176125804 7.930034892754363
5473.1611837765295 7.961835921646909
5506.058747576323 7.993763563814408
5539.154048966445 8.025818328810018
5572.44827648946 8.058000728204997
5605.9426258318945 8.090311275596626
5639.638299867212 8.1227504866167
5673.536508698996 8.155318878939534
5707.6384697043895 8.188016972290344
5741.945407577849 8.220845288453685
5776.458554375106 8.253804351281534
5811.179149557418 8.286894686701956
5846.108440036067 8.320116822727245
5881.247680217167 8.353471289462634
5916.598132046701 8.386958619114518
5952.161065055818 8.420579345999222
5987.937756406465 8.454334006551276
6023.929490937231 8.488223139332282
6060.1375612094935 8.522247285039267
6096.56326755382 8.556406986513451
6133.207918116704 8.590702788749018
6170.07282890752 8.625135238901594
6207.15932384577 8.659704886297273
6244.468734808668 8.694412282441121
6282.002401678942 8.729257981026272
6319.76167239297 8.764242537942543
6357.7479029891565 8.799366511285413
6395.962457656678 8.834630461365025
6434.406708784444 8.870034950715068
6473.082037010396 8.905580544101712
6511.989831271063 8.941267808532677
6551.131488851486 8.97709731326644
6590.508415435376 9.01306962982105
6630.122025155574 9.04918533198357
6669.973740644879 9.085444995818964
6710.064993087111 9.12184919967957
6750.397222268523 9.158398524214103
6790.971876629478 9.195093552377049
6831.79041331651 9.231934869438083
6872.854298234633 9.268923062991156
6914.165006099963 9.3060587229642
6955.724020492725 9.343342441628243
6997.532833910498 9.380774813607172
7039.592947821838 9.418356435886931
7081.905872720159 9.45608790782538
7124.473128178034 9.493969831161538
7167.296242901739 9.532002810025523
7210.376754786132 9.571472101268558
7253.716210969926 9.613933576119738
7297.316167891224 9.656582669749342
7341.17819134343 9.699420215643027
7385.303856531446 9.742447050962332
7429.694748128295 9.785664016561052
7474.352460331992 9.829071957001682
7519.278596922819 9.872671720571933
7564.474771320885 9.916464159301313
7609.942606644117 9.960450128977758
7655.683735766527 10.004630489164523
7701.69980137683 10.049006103216746
7747.992456037481 10.093577838298497
7794.563362243999 10.138346565399685
7841.41419248468 10.183313159353096
7888.546629300633 10.2284784988515
7935.9623653462495 10.273843466464822
7983.6631034499715 10.319408948657408
8031.650556675418 10.365175835805314
8079.926448382952 10.411145022213878
8128.492512291544 10.457317406134951
8177.350492541047 10.50369388978464
8226.5021437548 10.5502753793609
8275.949231102697 10.59706278506123
8325.693530364542 10.644057021100503
8375.736827993813 10.691259005728819
8426.080921181852 10.738669661249412
8476.727617922388 10.786289914036864
8527.678737076474 10.83412069455495
8578.93610843778 10.882162937375002
8630.50157279835 10.930417581194135
8682.37698201469 10.978885568853597
8734.564199074248 11.027567847357203
8787.065098162362 11.076465367889847
8839.881564729545 11.1255790858361
8893.015495559204 11.174909960798871
8946.46879883573 11.224458956618138
9000.243394213072 11.274227041389961
9054.341212883659 11.324215187485139
9108.764197647724 11.374424371568384
9163.514302983125 11.424855574617393
9218.593495115503 11.47550978194199
9274.003752088918 11.526387983203419
9329.747063836838 11.577491172433659
9385.825432253667 11.628820348054829
9442.240871266598 11.68037651289888
9498.99540690796 11.732160674226913
9556.091077387937 11.78417384374906
9613.529933167822 11.836417037644216
9671.314037033631 11.888891276579875
9729.445464170156 11.941597585732119
9787.926302235534 11.994536994805623
9846.7586514362 12.047710538053737
9905.944624602318 12.101119254298961
9965.48634726363 12.15476418695269
10025.385957725844 12.208646384036305
10085.645607147353 12.262766898201109
10146.267459616598 12.31712678674915
10207.253692229657 12.371727111653831
10268.606495168497 12.426568939580667
10330.328071779682 12.481653341908137
10392.420638653392 12.53698139474861
10454.886425703065 12.592554178969328
10517.727676245571 12.648372780213748
10580.946647081628 12.704438288922423
10644.545608576918 12.76075180035455
10708.52684474367 12.817314414609298
10772.892653322664 12.874127236647308
10837.645345865589 12.931191376312302
10902.787247818324 12.988507948352709
10968.3206986043 13.04607807244365
11034.248051708491 13.10390287320853
11100.571674761977 13.161983480241181
11167.29394962704 13.220321028127938
11234.417272482566 13.278916656469756
11301.94405391017 13.337771509904526
11369.876718980839 13.3968867381294
11438.21770734187 13.4562634959233
11506.96947330457 13.515902943169381
11576.13448593246 13.575806244878017
11645.715229129803 13.635974571208969
11715.714201730882 13.696409097494795
11786.133917589808 13.757111004263718
11856.976905670665 13.81808147726245
11928.24571013839 13.879321707479543
11999.942890450224 13.940832891168654
12072.07102144748 14.002616229871883
12144.632693448086 14.064672930443264
12217.630512339681 14.127004205072335
12291.06709967306 14.189611271307855
12364.945092756387 14.252495352081482
12439.267144749956 14.315657675731948
12514.035924761462 14.37909947602869
12589.254117941662 14.442821992196198
