2023/2023ApJ...945..101A/VER-Figure_4_UHDM_radius_nue.ecsv
# %ECSV 1.0
# ---
# datatype:
# - {name: mass, unit: TeV, datatype: float64}
# - {name: radius, unit: 1 / GeV, datatype: float64}
# schema: astropy-2.0
# meta: !!omap
# - data_type: table
# - reference_id: 2023ApJ...945..101A
# - file_id: 1
# - telescope: veritas
mass radius
67.69093773972749 1e-05
67.69093773972749 0.004238408645985374
68.09780807812741 0.009970623053267558
68.50712399458841 0.01567881058837793
68.91890018876171 0.021363132954913
69.33315144865375 0.027023750922531235
69.74989265115731 0.03266082433261374
70.16913876258593 0.03827451210384675
70.59090483921116 0.04386497223781282
71.01520602780336 0.04943236182450756
71.44205756617576 0.05497683704785436
71.87147478373161 0.06049855319118387
72.3034731020146 0.06599766464264963
72.73806803526284 0.07147432490066172
73.17527519096602 0.07692868657923509
73.61511027042575 0.08236090141335535
74.05758906931969 0.08777112026426982
74.50272747826853 0.09315949312477266
74.95054148340697 0.09852616912446434
75.40104716695753 0.10387129653494323
75.85426070780827 0.10919502277501704
76.31019838209392 0.1144974944158322
76.76887656378005 0.11977885718602023
77.23031172525158 0.12503925597677176
77.69452043790388 0.13027883484690528
78.16151937273825 0.13549773702791185
78.63132530096043 0.14069610492893275
79.10395509458287 0.14587408014175957
79.57942572703087 0.15103180344575093
80.05775427375195 0.15616941481277252
80.53895791282913 0.16128705341205432
81.02305392559775 0.1663848576150717
81.51005969726634 0.17146296500035202
81.99999271754069 0.1765215123582783
82.49287058125209 0.18156063569586992
82.98871098898923 0.18658047024150096
83.48753174773387 0.19158115044963828
83.98935077150021 0.19656281000549883
84.49418608197834 0.20152558182973346
85.00205580918154 0.20662496988499923
85.51297819209717 0.21202295519914277
86.02697157934175 0.2174044052580273
86.54405442982006 0.2227694560987983
87.06424531338793 0.22811824303405923
87.58756291151902 0.23345090065639662
88.11402601797589 0.238767562842914
88.64365353948496 0.24406836275970648
89.1764644964153 0.2493534328663087
89.712478023462 0.2546229049201488
90.25171337033296 0.25987690998094276
90.79418990244064 0.2651155784150684
91.33992710159716 0.27033903989994074
91.88894456671406 0.27554742342831606
92.44126201450638 0.28074085731262116
92.9968992802003 0.28591946918921907
93.55587631824591 0.29108338602265643
94.11821320303346 0.29623273410990986
94.68393012961467 0.3013676390845818
95.2530474144276 0.30648822592106967
95.82558549602649 0.31159461893874074
96.40156493581577 0.3166869418060543
96.9810064187885 0.32176531754465737
97.56393075426898 0.32682986853348733
98.15035887666032 0.331880716512821
98.74031184619626 0.3369179825883004
99.33381084969731 0.34194178723496693
99.93087720133173 0.3469522503012222
100.53153234338106 0.351949491012818
101.13579784701004 0.35693362797678285
101.74369541304151 0.3619047791853489
102.35524687273518 0.3668630620198308
102.97047418857241 0.3718085932545269
103.5893994550446 0.37674148906053956
104.2120448994463 0.38166186500962684
104.8384328826741 0.3865698360779993
105.46858590002941 0.3914655166500923
106.10252658202593 0.3963490205223463
106.74027769520309 0.40122046090693875
107.38186214294326 0.40607995043548983
108.02730296629402 0.41092760116277727
108.6766233447962 0.4157635245704038
109.32984659731599 0.4205878315704367
109.98699618288238 0.4254006325090621
110.64809570152984 0.43020203717018374
111.31316889514537 0.4349921547790015
111.98223964832177 0.4397710940056064
112.65533198921517 0.4445389629684991
113.33247009040753 0.4492958692381401
114.0136782697754 0.45404191984044895
114.698980991363 0.45877722126027753
115.38840286626036 0.4635018794448969
116.08196865348788 0.46821599980743406
116.77970326088506 0.47291968723028577
117.48163174600506 0.4776130460685457
118.18777931701483 0.4822961801533813
118.89817133359976 0.48696919279538575
119.61283330787528 0.49163218678795073
120.33179090530263 0.4962852644105803
121.0550699456102 0.5009285274321873
121.78269640372162 0.5055620771144063
122.51469641068807 0.5101860142148513
123.2510962546265 0.5148004389903549
123.99192238166435 0.5194054512002267
124.73720139688896 0.5240011501094372
125.48696006530267 0.5285876344918361
126.24122531278474 0.5331650026333207
127.00002422705785 0.5377333523349791
127.76338405866107 0.5422927809162539
128.53133222192855 0.5468433852180514
129.30389629597354 0.5513852616058327
130.08110402567968 0.5559185059727224
130.8629833226969 0.5604432137425653
131.64956226644347 0.5649594798729616
132.44086910511524 0.5694673988583243
133.23693225669962 0.5739670647328817
134.03778030999575 0.5784585710736608
134.8434420256422 0.5829420110034965
135.65394633714894 0.5874174771939618
136.46932235193694 0.5918850618683394
137.28959935238342 0.5963448568045404
138.11480679687287 0.6007969533380009
138.94497432085598 0.6052414423646031
139.78013173791342 0.6096784143435403
140.62030904082604 0.6141079593001643
141.46553640265304 0.6185301668288573
142.31584417781485 0.6229451260958463
143.1712629031831 0.6273529258420029
144.03182329917797 0.6317536543856643
144.89755627087106 0.6361473996254012
145.76849290909482 0.6405342490427672
146.64466449156004 0.6449142897050738
147.52610248397846 0.6492876082681082
148.41283854119297 0.6536542909788385
149.30490450831462 0.6580144236781429
150.20233242186552 0.6623680918034608
151.10515451093042 0.6667153803914928
152.01340319831365 0.6710563740808428
152.92711110170296 0.6753911571146434
153.84631103484196 0.6797198133432057
154.77103600870802 0.6840424262266167
155.7013192326973 0.6883590788373178
156.63719411581837 0.6926698538627124
157.57869426789156 0.6969748336077164
158.52585350075543 0.7012740999972934
159.4787058294821 0.7055677345790177
160.43728547359805 0.7098558185255809
161.40162685831342 0.7141384326372854
162.37176461575817 0.7184156573445659
163.34773358622547 0.7226875727104317
164.32956881942366 0.7269542584329622
165.31730557573462 0.7312157938477418
166.31097932747952 0.7354722579302811
167.3106257601937 0.7397237292984671
168.31628077390778 0.7439702862149549
169.32798048443647 0.7482120065895498
170.34576122467647 0.7524489679816131
171.3696595459107 0.7566812476024161
172.3997122191211 0.7609089223174792
173.4359562363094 0.7651320686489379
174.47842881182476 0.769350762777856
175.52716738370142 0.773565080546526
176.58220961500274 0.777775097460795
177.64359339517304 0.7819808886923374
178.71135684139952 0.7861825290809169
179.78553829998066 0.790380093136677
180.8661763477026 0.7945736550423546
181.95330979322588 0.7987632886555454
183.0469776784784 0.8029490675109133
184.14721928005721 0.8071310648223877
185.2540741106398 0.8113093534853867
186.36758192040273 0.8154840060789887
187.4877826984491 0.8196550948680915
188.61471667424502 0.8238226918056009
189.74842431906345 0.8279868685345618
190.8889463474389 0.832147696390284
192.036323718629 0.8363052464024919
193.19059763808488 0.8404595892974207
194.35180955893202 0.8446107954999053
195.52000118345853 0.8487589351354995
196.69521446461212 0.8529040780325133
197.87749160750795 0.8570462937241119
199.06687507094347 0.8611856514503543
200.26340756892358 0.8653222201602191
201.46713207219463 0.8694560685136643
202.67809180978693 0.8735872648836278
203.89633027056843 0.8777158773580247
205.1218912048058 0.8818419737417688
206.3548186257352 0.8859656215587411
207.59515681114394 0.8900868880537525
208.84295030496014 0.8942058401945312
210.09824391885184 0.8983225446736607
211.36108273383735 0.9024370679105054
212.63151210190378 0.9065494760531696
213.90957764763513 0.9106598349803985
215.19532526985193 0.9147682103034748
216.48880114325885 0.9188746673681428
217.79005172010318 0.9229792712564793
219.09912373184318 0.9270820867887578
220.41606419082555 0.9311831785253439
221.74092039197504 0.9352826107685145
223.07373991449234 0.9393804475643344
224.41457062356196 0.9434767527044755
225.7634606720728 0.9475715897280289
227.12045850234648 0.9516650219233447
228.4856128478766 0.9557571123298213
229.8589727350801 0.9598479237396864
231.24058748505735 0.9639375186998086
232.63050671536263 0.9680259595134559
234.02878034178747 0.9721133082420456
235.43545858015236 0.9761996267069264
236.85059194811026 0.9802849764911102
238.2742312669612 0.9843694189409901
239.7064276634764 0.9884530151680987
241.14723257173577 0.9925358260507874
242.59669773497433 0.9966179122359633
244.05487520743984 1.000699334140773
245.52181735626348 1.0047801519542732
246.99757686334 1.0088604256391402
248.48220672721865 1.01294021493332
249.97576026500826 1.0170195793516763
251.47829111429078 1.0210985781876665
252.98985323504803 1.025177270514972
254.51050091159956 1.029255715189111
256.0402887545513 1.0333339708490925
257.57927170275826 1.0374120959190183
259.1275050252968 1.0414901486096675
260.6850443234486 1.045568186920127
262.25194553269915 1.0496462686393615
263.8282649247457 1.0537244513477795
265.4140591095173 1.0578027924188353
267.0093850372096 1.061881349020553
268.6143000003289 1.0659601781171133
270.2288616357493 1.0700393364703822
271.85312792678394 1.074118880641433
273.48715720526644 1.0781988669921034
275.1310081536459 1.0822793516864995
276.7847398070945 1.0863603906924912
278.4484115556269 1.0904420397832455
280.1220831462344 1.0945243545387067
281.8058146850299 1.098607390347064
283.49966663940563 1.1026912024062647
285.2036998402066 1.1067758457254662
286.9179754839138 1.1108613751264829
288.6425551348417 1.1149478452452772
290.3775007273506 1.1190353105333637
292.1228745680697 1.1231238252592843
293.878739338135 1.1272134435100185
295.64515809544076 1.1313042191924167
297.42219427690287 1.1353962060345921
299.20991170073864 1.1394894575873686
301.0083745687581 1.143584027225636
302.8176474686684 1.14767996814978
304.63779537639545 1.1517773333870527
306.4688836584164 1.155876175792931
308.31097807410606 1.159976548052521
310.16414477810054 1.1640785026819043
312.028450322672 1.1681820920294756
313.9039616601177 1.172287368277325
315.7907461451666 1.1763943834425614
317.6888715373972 1.18050318937863
319.5984060036693 1.184613837776671
321.5194181205763 1.1887263801668249
323.4519768769029 1.192840867919523
325.3961516761064 1.1969573522468386
327.35201233880804 1.2010758842037343
329.31962910529904 1.2051965146893964
331.2990726380657 1.2093192944485003
333.2904140243255 1.213444274072474
335.2937247785795 1.2175715040007993
337.3090768451822 1.2217010345222619
339.33654260092464 1.225832915776191
341.3761948576321 1.2299671977537427
343.42810686478265 1.23410393029913
345.4923523121332 1.2382431631108388
347.56900533236944 1.2423849457428988
349.6581405037668 1.2465293276060851
351.7598328528678 1.2506763579691238
353.87415785717855 1.2548260859599345
356.00119144787834 1.2589785605668211
358.14101001254517 1.2631338306396516
360.2936903979017 1.2672919448910909
362.45930991257336 1.271452951897743
364.6379463298641 1.2756169001013689
366.8296778905516 1.279783837810045
369.03458330569543 1.283953813199314
371.25274175946316 1.2881268743133785
373.48423291197753 1.292471571558702
375.72913690217223 1.297172491808037
377.98753435067414 1.3018793023292168
380.2595063626969 1.306592060856791
382.5451345309529 1.3113108250345327
384.84450093858516 1.3160356524166332
387.1576881621146 1.3207666004689822
389.484779274404 1.3255037265703522
391.825857847644 1.3302470880136386
394.18100795635314 1.3349967420070923
396.5503141803955 1.3397527456754883
398.93386160802277 1.344515156061382
401.3317358389242 1.3492840301262612
403.7440229873054 1.3540594247517646
406.170809684979 1.358841396740886
408.61218308447485 1.3636300028191237
411.06823086217236 1.368425299635678
413.5390412214477 1.3732273437646427
416.02470289584056 1.3780361917061321
418.52530515224305 1.3828518998874941
421.0409377941043 1.3876745246644258
423.5716911646544 1.392504122322147
426.1176561501513 1.3973407490765672
428.67892418314347 1.4021844610753933
431.2555872457519 1.4070353143992866
433.8477378729782 1.411893365063019
436.4554691560215 1.4167586690165557
439.0788747456266 1.4216312821462325
441.7180488554454 1.4265112602758332
444.37308626541903 1.4313986591677215
447.0440823251844 1.4362935345239733
449.7311329574969 1.4411959419874396
452.4343346616744 1.4461059371428975
455.1537845170648 1.451023575518103
457.8895801865317 1.4559489125849048
460.6418199199595 1.4608820037603514
463.4106025577871 1.4658229044077364
466.19602753455143 1.470771669837697
468.9981948824612 1.4757283553093088
471.81720523499206 1.4806930160311136
474.6531598304949 1.4856657071622337
477.50616051583603 1.4906464838133937
480.37630975005385 1.4956354010479933
483.26371060803615 1.5006325138831849
486.16846678422513 1.5056378772908745
489.0906825963399 1.5106515461988224
492.03046298912113 1.5156735754916342
494.9879135381031 1.520704020011824
497.96314045340347 1.5257429345608626
500.9562505835358 1.5307903739001616
503.96735141925217 1.5358463927521537
506.9965510973965 1.540911045801264
510.0439584047934 1.5459843876949504
513.1096827821533 1.5510664730447348
516.193834328001 1.5561573564271731
519.2965238026325 1.561257092384883
522.4178626320918 1.5663657354275615
525.5579629121702 1.57148334003294
528.7169374124356 1.5766099606478308
531.8948995802807 1.5817456516890693
535.0919635449953 1.5868904675445232
538.3082441218688 1.5920444625740946
541.5438568163113 1.5972076911106579
544.7989178279997 1.6023802074610576
548.0735440550574 1.6075620659071017
551.3678530982435 1.6127533207064788
554.6819632651833 1.617954026093782
558.0159935746146 1.6231642362814194
561.3700637606602 1.6283840054605956
564.7442942771306 1.6336133878022836
568.1388063018495 1.6388524374581308
571.553721741003 1.6441012085614604
574.9891632335208 1.6493597552281671
578.4452541554797 1.6546281315576798
581.9221186245312 1.6599063916339194
585.4198815043657 1.6651945895261846
588.9386684091885 1.6704927792901398
592.4786057082373 1.675801014968692
596.0398205303183 1.6811193505929374
599.6224407683693 1.6864478401831047
603.2265950840575 1.6917865377494228
606.8524129123971 1.697135497293092
610.5000244663966 1.7024947728071491
614.169560741738 1.707864418277393
617.8611535214803 1.713244487683316
621.57493538079 1.718635034998962
625.3110396917053 1.724036114193846
629.0696006279251 1.7294477792338767
632.850753169624 1.7348700840821933
636.6546331083074 1.7403030827001218
640.4813770516793 1.7457468290480052
644.3311224285545 1.7512013770861135
648.2040074937928 1.756666780775547
652.1001713332605 1.7621430940790723
656.0197538688309 1.7676303709620198
659.9628958634062 1.7731286653931786
663.9297389259709 1.7786380313456167
667.920425516682 1.784158522797609
671.9350989519822 1.7896901937334466
675.9739034097448 1.7952330981443279
680.0369839344585 1.8007872900292345
684.1244864424278 1.8063528233957478
688.2365577270172 1.8119297522609228
692.3733454639272 1.8175181306521664
696.5349982164886 1.823118012608029
700.7216654410056 1.8287294521791164
704.9334974921204 1.8343525034288763
709.1706456282103 1.8399872204344665
713.4332620168249 1.8456336572876157
717.7214997401478 1.8512918680954045
722.0355128004927 1.8569619069811634
726.3754561258381 1.86264382808525
730.7414855753892 1.8683376855658986
735.1337579451717 1.874043533600076
739.5524309736719 1.879761426384246
743.9976633474902 1.8854914181352551
748.4696147070484 1.8912335630911
752.9684456523206 1.8969879155117657
757.4943177485973 1.902754529680066
762.0473935322927 1.9085334599023989
766.6278365167805 1.9143247605096227
771.2358111982617 1.9201284858578083
775.871483061679 1.925944690329066
780.5350185866558 1.931773428332379
785.2265852534737 1.9376147543043523
789.9463515490911 1.9434687227100385
794.6944869731923 1.9493353880437587
799.4711620442708 1.9552148048298406
804.2765483057628 1.9611070276234799
809.1108183321957 1.9670121110114678
813.9741457353948 1.9729301096130116
818.8667051707156 1.9788610780805422
823.7886723433126 1.9848050711004428
828.7402240144552 1.990762143393897
833.7215380078726 1.996732349717613
838.732793216138 2.0027157448646262
843.7741696070975 2.008712383665104
848.8458482303312 2.0147223209870666
853.9480112236516 2.0207456117371883
859.0808418196541 2.026782310861594
864.2445243522853 2.0328324733465712
869.4392442634727 2.038896154219398
874.6651881097803 2.0449734085490583
