2023/2023ApJ...945..101A/VER-Figure_4_UHDM_radius_ee.ecsv
# %ECSV 1.0
# ---
# datatype:
# - {name: mass, unit: TeV, datatype: float64}
# - {name: radius, unit: 1 / GeV, datatype: float64}
# schema: astropy-2.0
# meta: !!omap
# - data_type: table
# - reference_id: 2023ApJ...945..101A
# - file_id: 1
# - telescope: veritas
mass radius
111.98223964832177 1e-05
111.98223964832177 0.004034483764799802
112.65533198921517 0.008982777277742798
113.33247009040753 0.01392667548476186
114.0136782697754 0.018866332053237157
114.698980991363 0.02380190037733712
115.38840286626036 0.028733533582905577
116.08196865348788 0.03366138453235976
116.77970326088506 0.03858560582955363
117.48163174600506 0.04350634982463816
118.18777931701483 0.04842376861890955
118.89817133359976 0.05333801406964192
119.61283330787528 0.058249237794914845
120.33179090530263 0.06315759117841531
121.0550699456102 0.06806322537424746
121.78269640372162 0.0729662913117158
122.51469641068807 0.07786693970010401
123.2510962546265 0.08276532103343169
123.99192238166435 0.08766158559522301
124.73720139688896 0.09255588346324134
125.48696006530267 0.09744836451422301
126.24122531278474 0.10233917842860199
127.00002422705785 0.10722847469522048
127.76338405866107 0.1121164026160331
128.53133222192855 0.11700311131079108
129.30389629597354 0.12188874972173415
130.08110402567968 0.12677346661825709
130.8629833226969 0.13165741060157524
131.64956226644347 0.13654073010936754
132.44086910511524 0.14142357342043488
133.23693225669962 0.1463060886593251
134.03778030999575 0.1511884238009593
134.8434420256422 0.15607072667525063
135.65394633714894 0.16095314497170984
136.46932235193694 0.165835826244048
137.28959935238342 0.1707189179147581
138.11480679687287 0.17560256727970863
138.94497432085598 0.18048692151271256
139.78013173791342 0.18537212767009567
140.62030904082604 0.190258332695245
141.46553640265304 0.1951456834231762
142.31584417781485 0.2000343265850646
143.1712629031831 0.20492440881278404
144.03182329917797 0.20981607664343602
144.89755627087106 0.2147094765238725
145.76849290909482 0.2196047548152003
146.64466449156004 0.2245020577973034
147.52610248397846 0.22940153167333419
148.41283854119297 0.23430332257420924
149.30490450831462 0.23920757656310027
150.20233242186552 0.2441144396399044
151.10515451093042 0.24902405774573586
152.01340319831365 0.25393657676738446
152.92711110170296 0.2588521425417809
153.84631103484196 0.26377090086045557
154.77103600870802 0.2686929974739932
155.7013192326973 0.2736185780964677
156.63719411581837 0.27854778840990085
157.57869426789156 0.2834807740686876
158.52585350075543 0.28841768070402846
159.4787058294821 0.2933586539283605
160.43728547359805 0.29830383933976784
161.40162685831342 0.30325338252641326
162.37176461575817 0.30820742907094173
163.34773358622547 0.3131661245548892
164.32956881942366 0.31812961456308897
165.31730557573462 0.32309804468807307
166.31097932747952 0.3280715605344571
167.3106257601937 0.3330503077233491
168.31628077390778 0.33803443189672794
169.32798048443647 0.3430240787218296
170.34576122467647 0.3480193938955331
171.3696595459107 0.35302052314872734
172.3997122191211 0.35802761225070295
173.4359562363094 0.3630408070135138
174.47842881182476 0.36806025329634867
175.52716738370142 0.3730860970098993
176.58220961500274 0.37811848412072696
177.64359339517304 0.3831575606556125
178.71135684139952 0.3882034727059339
179.78553829998066 0.39325636643201173
180.8661763477026 0.39831638806746694
181.95330979322588 0.40338368392357865
183.0469776784784 0.40845840039362363
184.14721928005721 0.413540683957243
185.2540741106398 0.41863068118478064
186.36758192040273 0.42372853874163235
187.4877826984491 0.4288344033925925
188.61471667424502 0.43394842200620204
189.74842431906345 0.43907074155907994
190.8889463474389 0.4442015091402846
192.036323718629 0.4493408719556451
193.19059763808488 0.45448897733210436
194.35180955893202 0.4596459727220658
195.52000118345853 0.4648120057077214
196.69521446461212 0.46998722400540976
197.87749160750795 0.4751717754699471
199.06687507094347 0.4803658080989697
200.26340756892358 0.4855694700372764
201.46713207219463 0.4907829095811728
202.67809180978693 0.49600627518280027
203.89633027056843 0.5012397154544985
205.1218912048058 0.5064833791731365
206.3548186257352 0.5117374152844589
207.59515681114394 0.5170019729074359
208.84295030496014 0.5222772013385969
210.09824391885184 0.5275632500563961
211.36108273383735 0.5328602687255507
212.63151210190378 0.5381684072013971
213.90957764763513 0.5434878155342304
215.19532526985193 0.5488186439736784
216.48880114325885 0.5541610429730445
217.79005172010318 0.559515163193669
219.09912373184318 0.56488115550929
220.41606419082555 0.570259171010405
221.74092039197504 0.5756493610086404
223.07373991449234 0.5810518770411061
224.41457062356196 0.5864668708747837
225.7634606720728 0.5918944945108894
227.12045850234648 0.5973349001892544
228.4856128478766 0.6027882403926922
229.8589727350801 0.6082546678514003
231.24058748505735 0.6137343355473334
232.63050671536263 0.6192273967185952
234.02878034178747 0.624734004863832
235.43545858015236 0.6302543137466327
236.85059194811026 0.635788477399915
238.2742312669612 0.6413366501303512
239.7064276634764 0.6468989865227627
241.14723257173577 0.6524756414445362
242.59669773497433 0.6580667700500453
244.05487520743984 0.6636725277850567
245.52181735626348 0.6692930703911792
246.99757686334 0.6749285539102807
248.48220672721865 0.6805791346889263
249.97576026500826 0.6862449693828213
251.47829111429078 0.6919262149612565
252.98985323504803 0.6976230287115637
254.51050091159956 0.7033355682435577
256.0402887545513 0.7090639914940212
257.57927170275826 0.7148084567311586
259.1275050252968 0.7205691225590772
260.6850443234486 0.7263461479222512
262.25194553269915 0.7321396921100322
263.8282649247457 0.7379499147611249
265.4140591095173 0.7437769758680901
267.0093850372096 0.7496210357818492
268.6143000003289 0.7554822552162009
270.2288616357493 0.7613607952523226
271.85312792678394 0.767256817343319
273.48715720526644 0.7731704833187403
275.1310081536459 0.7791019553891235
276.7847398070945 0.7850513961505442
278.4484115556269 0.7910189685891533
280.1220831462344 0.7970048360857642
281.8058146850299 0.8030091624204035
283.49966663940563 0.8090321117768942
285.2036998402066 0.8150738487474379
286.9179754839138 0.8211345383372143
288.6425551348417 0.8272143459689634
290.3775007273506 0.8333134374876207
292.1228745680697 0.8394319791649174
293.878739338135 0.8455701377040117
295.64515809544076 0.8517280802441272
297.42219427690287 0.8579059743651787
299.20991170073864 0.8641039880924524
301.0083745687581 0.8703222899012496
302.8176474686684 0.8765610487215598
304.63779537639545 0.8828204339427451
306.4688836584164 0.8891006154182303
308.31097807410606 0.8954017634701871
310.16414477810054 0.9017240488942688
312.028450322672 0.9080676429643112
313.9039616601177 0.9144327174370664
315.7907461451666 0.920819444556947
317.6888715373972 0.9272279970607569
319.5984060036693 0.9336585481824766
321.5194181205763 0.9401112716580189
323.4519768769029 0.9465863417300114
325.3961516761064 0.9530839331525899
327.35201233880804 0.9596042211962055
329.31962910529904 0.9661473816524193
331.2990726380657 0.9727135908387564
333.2904140243255 0.9793030256035234
335.2937247785795 0.9859158633306643
337.3090768451822 0.9925522819446041
339.33654260092464 0.9992124599151458
341.3761948576321 1.005896576262336
343.42810686478265 1.0126048105613643
345.4923523121332 1.0193373429474721
347.56900533236944 1.02609435412087
349.6581405037668 1.0328760253516776
351.7598328528678 1.0396825384848458
353.87415785717855 1.0465140759451461
356.00119144787834 1.0533708207421209
358.14101001254517 1.0602529564750705
360.2936903979017 1.0671606673380556
362.45930991257336 1.0740941381248879
364.6379463298641 1.0810535542341801
366.8296778905516 1.0880391016743673
369.03458330569543 1.095050967068759
371.25274175946316 1.1020893376606031
373.48423291197753 1.108843394229439
375.72913690217223 1.1149700237474334
377.98753435067414 1.1211147066839704
380.2595063626969 1.1272775694616861
382.5451345309529 1.1334587387520945
384.84450093858516 1.1396583414784391
387.1576881621146 1.1458765048184996
389.484779274404 1.1521133562073942
391.825857847644 1.1583690233404402
394.18100795635314 1.1646436341759363
396.5503141803955 1.1709373169380295
398.93386160802277 1.1772502001195042
401.3317358389242 1.1835824124846508
403.7440229873054 1.189934083072059
406.170809684979 1.1963053411974933
408.61218308447485 1.2026963164566868
411.06823086217236 1.2091071387282186
413.5390412214477 1.215537938176339
416.02470289584056 1.2219888452537955
418.52530515224305 1.2284599907047211
421.0409377941043 1.234951505567435
423.5716911646544 1.2414635211773408
426.1176561501513 1.2479961691697372
428.67892418314347 1.2545495814827172
431.2555872457519 1.2611238903599853
433.8477378729782 1.2677192283537597
436.4554691560215 1.2743357283276202
439.0788747456266 1.2809735234593609
441.7180488554454 1.287632747243902
444.37308626541903 1.2943135334961196
447.0440823251844 1.3010160163537698
449.7311329574969 1.307740330280325
452.4343346616744 1.3144866100679051
455.1537845170648 1.3212549908401192
457.8895801865317 1.328045608055007
460.6418199199595 1.3348585975078837
463.4106025577871 1.3416940953342864
466.19602753455143 1.3485522380128543
468.9981948824612 1.3554331623682203
471.81720523499206 1.3623370055739654
474.6531598304949 1.3692639051554827
477.50616051583603 1.3762139989929407
480.37630975005385 1.3831874253241874
483.26371060803615 1.3901843227476596
486.16846678422513 1.3972048302253561
489.0906825963399 1.4042490870857272
492.03046298912113 1.4113172330266588
494.9879135381031 1.4184094081183745
497.96314045340347 1.4255257528064271
500.9562505835358 1.4326664079146076
503.96735141925217 1.439831514647951
506.9965510973965 1.4470212145956494
510.0439584047934 1.454235649734063
513.1096827821533 1.4614749624296757
516.193834328001 1.468739295442051
519.2965238026325 1.476028791926861
522.4178626320918 1.4833435954388199
525.5579629121702 1.490683849934731
528.7169374124356 1.4980496997764305
531.8948995802807 1.5054412897338434
535.0919635449953 1.5128587649879386
538.3082441218688 1.5203022711337884
541.5438568163113 1.5277719541835688
544.7989178279997 1.535267960569563
548.0735440550574 1.5427904371472387
551.3678530982435 1.5503395311982295
554.6819632651833 1.5579153904334304
558.0159935746146 1.5655181629959922
561.3700637606602 1.573147997464427
564.7442942771306 1.580805042855613
568.1388063018495 1.588489448627915
571.553721741003 1.5962013646842002
574.9891632335208 1.6039409413749632
578.4452541554797 1.611708329501388
581.9221186245312 1.6195036803184186
585.4198815043657 1.6273271455379017
588.9386684091885 1.6351788773316345
592.4786057082373 1.6430590283345277
596.0398205303183 1.6509677516476668
599.6224407683693 1.6589052008414888
603.2265950840575 1.6668715299588543
606.8524129123971 1.6748668935182411
610.5000244663966 1.6828914465168263
614.169560741738 1.6909453444336882
617.8611535214803 1.6990287432329394
621.57493538079 1.7071417993668683
625.3110396917053 1.7152846697791597
629.0696006279251 1.7234575119080127
632.850753169624 1.7316604836893794
636.6546331083074 1.7398937435601303
640.4813770516793 1.7481574504612352
644.3311224285545 1.7564517638410166
648.2040074937928 1.7647768436583111
652.1001713332605 1.7731328503857435
656.0197538688309 1.7815199450129007
659.9628958634062 1.7899382890496263
663.9297389259709 1.7983880445292066
667.920425516682 1.8068693740116817
671.9350989519822 1.8153824405870471
675.9739034097448 1.8239274078785732
680.0369839344585 1.8325044400460615
684.1244864424278 1.8411137017891115
688.2365577270172 1.8497553583504296
692.3733454639272 1.8584295755191456
696.5349982164886 1.8671365196341074
700.7216654410056 1.8758763575871735
704.9334974921204 1.884649256826595
709.1706456282103 1.8934553853602873
713.4332620168249 1.9022949117592305
717.7214997401478 1.9111680051607949
722.0355128004927 1.9200748352720785
726.3754561258381 1.929015572373335
730.7414855753892 1.9379903873212845
735.1337579451717 1.94699945155257
739.5524309736719 1.9560429370870847
743.9976633474902 1.965121016531444
748.4696147070484 1.9742338630823388
752.9684456523206 1.9833816505300204
757.4943177485973 1.9925645532616691
762.0473935322927 2.001782746264897
766.6278365167805 2.0110364051311755
771.2358111982617 2.020325706059268
775.871483061679 2.029650825858765
780.5350185866558 2.039011941953497
785.2265852534737 2.048409232385089
789.9463515490911 2.0578428758163985
794.6944869731923 2.067313051535094
799.4711620442708 2.076819939457102
804.2765483057628 2.0863637201302048
809.1108183321957 2.095944574737551
813.9741457353948 2.1055626851011815
818.8667051707156 2.1152182336856544
823.7886723433126 2.124911403601542
828.7402240144552 2.134642378609087
833.7215380078726 2.144411343121724
838.732793216138 2.1542184822097523
843.7741696070975 2.1640639816038796
848.8458482303312 2.1739480276989176
853.9480112236516 2.1838708075573443
859.0808418196541 2.1938325089130193
864.2445243522853 2.2038333201748053
869.4392442634727 2.213873430430213
874.6651881097803 2.2239530294491465
879.9225435691066 2.2340723076875184
885.211499447429 2.2442314562910224
890.5322456855827 2.254430667098778
895.8849733660783 2.2646701326471246
901.2698747199702 2.2749500461732866
906.6871431337571 2.2852706016191897
912.1369731563243 2.295631993635152
917.6195605059363 2.3060344175837173
923.1351020772624 2.3164780695434084
928.6837959484441 2.3269631463124942
934.2658413882192 2.337489845412864
939.8814388630644 2.3480583650937663
945.5307900444058 2.3586689043357087
951.2140978158566 2.3693216628542717
956.9315662805013 2.3800168411039326
962.683400768231 2.3907546402820032
968.4698078431142 2.401535262332428
974.2909953108124 2.412358909949759
980.1471722260491 2.423225786582976
986.0385489001142 2.43413609643949
991.9653369084126 2.4450900444889845
997.9277490980746 2.4560878364674474
1003.9259995955853 2.4671296788810397
1009.9603038144814 2.4782157790101382
1016.0308784630935 2.4893463449132835
1022.1379415523147 2.5005215854311484
1028.2817124034418 2.511741710190614
1034.4624116560476 2.523006929608706
1040.6802612759013 2.5343174548967204
1046.9354845629464 2.5456734980641795
1053.2283061593164 2.5570752719229812
1059.5589520574 2.56852299009139
1065.9276496079622 2.580016866998196
1072.3346275283077 2.591557117886791
1078.7801159104883 2.6031439588192464
1085.2643462295803 2.614777606680525
1091.7875513519796 2.6264582791825326
1098.3499655437793 2.6381861948683683
1104.9518244791764 2.6499615731164035
1111.593365248933 2.661784634144563
1118.274826368898 2.673655599014433
1124.9964477885683 2.685574689635567
1131.7584708997035 2.6975421287696246
1138.5611385450018 2.7095581400346958
1145.4046950268175 2.7216229479095295
1152.289386115931 2.733736777737765
1159.2154590603818 2.7458998557323073
1166.1831625943455 2.758112408979538
1173.1927469470604 2.770374665443722
1180.2444638518275 2.7826868539712533
1187.3385665550347 2.795049204295094
1194.4753098252645 2.807461947039045
1201.654949962438 2.819925313722209
1208.8777448070161 2.8324395367633484
1216.1439537492674 2.8450048494852593
1223.4538377385784 2.857621486119285
1230.8076592928223 2.8702896818096546
1238.2056825077939 2.8830096726180434
1245.64817306669 2.8957816955279454
1253.1353982496464 2.908605988449249
1260.6676269433497 2.9214827902227043
1268.2451296506765 2.9344123406244083
1275.8681785004221 2.9473948803704313
1283.537047257068 2.9604306511212646
1291.2520113306095 2.973519895486497
1299.0133477864545 2.9866628570292977
1306.8213353553695 2.9998597802711235
1314.676254443486 3.013110910696231
1322.5783871423782 3.0264164947564227
1330.52801723919 3.039776779875593
1338.5254302268222 3.0531920144544884
1346.5709133141938 3.0666624478753586
1354.6647554365522 3.0801883305066364
1362.8072472658441 3.093769913707678
1370.9986812211696 3.107407449833537
1379.2393514792643 3.1211011922396854
1387.5295539850797 3.13485139528676
1395.8695864624046 3.148658314345432
1404.2597484245548 3.1625222058011206
1412.700341185136 3.1764433270589074
1421.1916678688622 3.190421936548342
1429.7340334224361 3.204458293728268
1438.3277446255104 3.2185526590917903
