2023/2023ApJ...945..101A/VER-Figure_4_UHDM_radius_bbar.ecsv
# %ECSV 1.0
# ---
# datatype:
# - {name: mass, unit: TeV, datatype: float64}
# - {name: radius, unit: 1 / GeV, datatype: float64}
# schema: astropy-2.0
# meta: !!omap
# - data_type: table
# - reference_id: 2023ApJ...945..101A
# - file_id: 1
# - telescope: veritas
mass radius
[from data line 424]
2451.8251156264187 0.9768859641389611
2466.5623160228474 0.9812597466225551
2481.3880974009026 0.9856509294255714
2496.302992194841 0.9900595941883892
2511.3075360392254 0.9944858228549309
2526.4022677881508 0.9989296976742246
2541.5877295346236 1.003391301201968
2556.8644666299933 1.0078707163020981
2572.2330277035676 1.0123680261483698
2587.693964682303 1.016883314225933
2603.2478328106185 1.0214166643329203
2618.8951906703533 1.0259681605820379
2634.636600200817 1.0305378874021667
2650.4726267189644 1.0351259295399455
2666.40383893971 1.0397323720614042
2682.4308089963497 1.0443573003535602
2698.5541124610913 1.049000800126038
2714.7743283657587 1.0536629574126941
2731.0920392225453 1.058343858573245
2747.507831044966 1.0630435902949007
2764.022293368892 1.067762239594005
2780.63601927371 1.07249989381768
2797.3496054036445 1.0772566406454764
2814.16365198917 1.0820325680910308
2831.0787628685634 1.0868277645037259
2848.095545509605 1.0916423185703592
2865.2146110313834 1.0964763193168212
2882.436574226238 1.1013298561097546
2899.7620535818514 1.1062030186582663
2917.191671303455 1.1110958970156024
2934.7260533361614 1.1160085815808451
2952.3658293874746 1.1209411631006183
2970.111632949866 1.1258937326707932
2987.964101323556 1.130866381738204
3005.9238756393884 1.1358592021023675
3023.9916008818477 1.1408722859172074
3042.16792591224 1.1459057256927891
3060.4535034919863 1.1509596142970606
3078.848990306054 1.156034044957578
3097.355046986562 1.1611291112632849
3115.9723381364934 1.1662449071662488
3134.701532353552 1.1713815269834293
3153.5433022542097 1.176539065398447
3172.498324497815 1.1817176174633588
3191.567279810932 1.1869172786004376
3210.750853011761 1.1921381446039634
3230.0497330347525 1.1973803116420143
3249.4646129553353 1.2026438762582685
3268.9961900148155 1.2079289353738123
3288.6451656454014 1.2132355862889508
3308.4122454954145 1.2185639266850306
3328.2981394546205 1.2239140546262703
3348.3035616797138 1.229286068561573
3368.429230619986 1.2346800673263978
3388.6758690431116 1.240096150144584
3409.0442040611138 1.2455344166302111
3429.5349671564613 1.2509949667894573
3450.1488942083597 1.2564779010224665
3470.8867255191653 1.2619833201252224
3491.749205840977 1.267511325291427
3512.7370844023703 1.2730620181143895
3533.8511149353226 1.278635500588919
3555.092055702274 1.2842318751132313
3576.4606695233465 1.2898512444908354
3597.95772380376 1.2954937119324799
3619.5839905613784 1.3011593810580542
3641.340246454442 1.3068483558985224
3663.227272809444 1.3125607408978601
3685.245855649213 1.318296640914997
3707.39678572113 1.3240561612257673
3729.680858525515 1.3298394075248683
3752.0988743442176 1.3356464859278245
3774.651638269343 1.3414775029729606
3797.3399602321724 1.34733256562338
3820.164655032234 1.353211781268954
3843.126542366588 1.3591152577283132
3866.226446859255 1.3650431032508579
3889.4651980908125 1.3709954265187432
3912.8436306282183 1.3769723366489308
3936.362584054762 1.3829739431951902
3960.0229030002256 1.3890003561501367
3983.8254371712005 1.3950516859472712
4007.771041381626 1.4011280434630278
4031.8605755834797 1.4072295400188286
4056.0949048976418 1.4133562873831471
4080.4748996449944 1.4195083977735796
4105.001435377659 1.4256859838589213
4129.675392910446 1.4318891587612619
4154.497658352475 1.4381180360580537
4179.469123139017 1.444372729784251
4204.5906840635 1.4506533544343967
4229.8632433097 1.4569600249647467
4255.287708484168 1.4632928567953942
4280.86499264881 1.469651965812409
4306.596014353677 1.4760374683699746
4332.481697669946 1.482449481292544
4358.522972223126 1.4888881218769958
4384.720773226429 1.4953535078948041
4411.0760415143595 1.501845757594212
4437.589723576493 1.5083649897024167
4464.262771591486 1.5149113234277645
4491.096143461262 1.5214848784619535
4518.090802845398 1.5280857749822216
4545.24771919576 1.5347141336536019
4572.567867791298 1.5413700756311222
4600.052229773084 1.5480537225620483
4627.701792179526 1.5547651965881282
4655.517547981842 1.5615046203478435
4683.500496119711 1.5682721169786717
4711.65164153713 1.5750678101193554
4739.9719952185305 1.581891823912182
4768.462574225075 1.5887442830052718
4797.124401731182 1.5956253125548818
4825.958507061258 1.6025350382276822
4854.965925726691 1.609473586203114
4884.147699463024 1.6164410831756852
4913.50487626735 1.6234376563573092
4943.038510435979 1.630463433479649
4972.749662602285 1.6375185427964665
5002.6393997748 1.6446031130859824
5032.7087953755145 1.6517172736532484
5062.95892927846 1.658861154332524
5093.39088784847 1.6660348854896647
5124.0057639802 1.6732385980245217
5154.80465713736 1.6804724233733461
5185.788673392229 1.687736493511208
5216.95892546536 1.6950309409544286
5248.316532765531 1.7023558987629877
5279.862621429967 1.7097115005430108
5311.5983243647715 1.7170978804491976
5343.524781285619 1.7245151731872916
5375.643138758663 1.731963514016557
5407.954550241745 1.7394430387522593
5440.460176125804 1.7469538837681637
5473.1611837765295 1.7544961859990362
5506.058747576323 1.762070082943158
5539.154048966445 1.769675712664851
5572.44827648946 1.7773132137970165
5605.9426258318945 1.7849827255436517
5639.638299867212 1.7926843876824483
5673.536508698996 1.8004183405673257
5707.6384697043895 1.8081847251310146
5741.945407577849 1.8159836828876406
5776.458554375106 1.8238153559353205
5811.179149557418 1.8316798869587665
5846.108440036067 1.8395774192319039
5881.247680217167 1.847508096620496
5916.598132046701 1.8554720635847815
5952.161065055818 1.8634694651821224
5987.937756406465 1.8715004470696615
6023.929490937231 1.8795651555069925
6060.1375612094935 1.8876637373588454
6096.56326755382 1.8957963400977458
6133.207918116704 1.903963111806765
6170.07282890752 1.9121642011821987
6207.15932384577 1.9203997575362963
6244.468734808668 1.9286699308
6282.002401678942 1.9369748715256818
6319.76167239297 1.945314730889908
6357.7479029891565 1.9536896606961984
6395.962457656678 1.9620998133778103
6434.406708784444 1.9705453420005241
6473.082037010396 1.9790264002654459
6511.989831271063 1.9875431425118266
6551.131488851486 1.9960957237198527
6590.508415435376 2.004684299513533
6630.122025155574 2.0133090261635056
6669.973740644879 2.0219700605899105
6710.064993087111 2.0306675603652558
6750.397222268523 2.0394016837172977
6790.971876629478 2.0481725895319367
6831.79041331651 2.0569804373561182
6872.854298234633 2.0658253874007513
6914.165006099963 2.074707600543636
6955.724020492725 2.0836272383324013
6997.532833910498 2.092584462987461
7039.592947821838 2.1015794374049843
7081.905872720159 2.110612325159835
7124.473128178034 2.1196832905086165
7167.296242901739 2.1287924983926314
7210.376754786132 2.138201482548969
7253.716210969926 2.1482271034600346
7297.316167891224 2.158298946620392
7341.17819134343 2.168417229795241
7385.303856531446 2.1785821717476415
7429.694748128295 2.1887939922431894
7474.352460331992 2.1990529120548445
7519.278596922819 2.209359152967652
7564.474771320885 2.2197129377835716
7609.942606644117 2.230114490326328
7655.683735766527 2.240564035446204
7701.69980137683 2.251061799024939
7747.992456037481 2.261608007980642
7794.563362243999 2.272202890272645
7841.41419248468 2.28284667490651
7888.546629300633 2.293539591938923
7935.9623653462495 2.304281872482702
7983.6631034499715 2.315073748711826
8031.650556675418 2.325915453866398
8079.926448382952 2.3368072222577676
8128.492512291544 2.347749289273538
8177.350492541047 2.358741891382685
8226.5021437548 2.369785266140709
8275.949231102697 2.380879652194704
8325.693530364542 2.3920252892886054
8375.736827993813 2.4032224182683044
8426.080921181852 2.414471281086892
8476.727617922388 2.4257721208099228
8527.678737076474 2.437125181620617
8578.93610843778 2.448530708825173
8630.50157279835 2.4599889488581037
8682.37698201469 2.4715001492875097
8734.564199074248 2.483064558820464
8787.065098162362 2.4946824273084247
8839.881564729545 2.5063540057525686
8893.015495559204 2.5180795463093024
8946.46879883573 2.5298593022956437
9000.243394213072 2.541693528194736
9054.341212883659 2.5535824796613786
9108.764197647724 2.5655264135274902
9163.514302983125 2.5775255878077403
9218.593495115503 2.5895802617050636
9274.003752088918 2.6016906956162904
9329.747063836838 2.613857151137814
9385.825432253667 2.6260798910711753
9442.240871266598 2.638359179428828
9498.99540690796 2.650695281439773
9556.091077387937 2.6630884635553285
9613.529933167822 2.675538993454921
9671.314037033631 2.6880471400518133
9729.445464170156 2.700613173498944
9787.926302235534 2.71323736519481
9846.7586514362 2.72591998778925
9905.944624602318 2.7386613151894346
9965.48634726363 2.751461622565704
10025.385957725844 2.764321186357555
10085.645607147353 2.7772402842796486
10146.267459616598 2.790219195327737
10207.253692229657 2.8032581997847825
10268.606495168497 2.8163575792269384
10330.328071779682 2.82951761652967
10392.420638653392 2.842738595873904
10454.886425703065 2.856020802752088
10517.727676245571 2.8693645239744576
10580.946647081628 2.882770047675152
10644.545608576918 2.896237663318476
10708.52684474367 2.9097676617051933
10772.892653322664 2.92336033497874
10837.645345865589 2.937015976631572
10902.787247818324 2.950734881511548
10968.3206986043 2.9645173458282126
11034.248051708491 2.978363667159298
11100.571674761977 2.9922741444570544
11167.29394962704 3.00624907805481
11234.417272482566 3.020288769673375
11301.94405391017 3.0343935224275964
11369.876718980839 3.048563640832947
11438.21770734187 3.062799430812028
11506.96947330457 3.0771011997012208
11576.13448593246 3.0914692562573602
11645.715229129803 3.1059039106643342
11715.714201730882 3.1204054745398198
11786.133917589808 3.1349742609420557
11856.976905670665 3.1496105843765294
11928.24571013839 3.164314760802813
11999.942890450224 3.1790871076414198
12072.07102144748 3.193927943780578
12144.632693448086 3.208837589583225
12217.630512339681 3.223816366893828
12291.06709967306 3.238864599045385
12364.945092756387 3.2539826108664425
12439.267144749956 3.2691707286880254
12514.035924761462 3.2844292803507864
12589.254117941662 3.299758595211999
