2023/2023ApJ...945..101A/VER-Figure_4_UHDM_radius_nue.ecsv
# %ECSV 1.0
# ---
# datatype:
# - {name: mass, unit: TeV, datatype: float64}
# - {name: radius, unit: 1 / GeV, datatype: float64}
# schema: astropy-2.0
# meta: !!omap
# - data_type: table
# - reference_id: 2023ApJ...945..101A
# - file_id: 1
# - telescope: veritas
mass radius
[from data line 430]
885.211499447429 2.0571688580680645
890.5322456855827 2.063287163610908
895.8849733660783 2.069419263319077
901.2698747199702 2.0755652124816444
906.6871431337571 2.0817250664339335
912.1369731563243 2.0878988805583423
917.6195605059363 2.0940867102850325
923.1351020772624 2.100288611092706
928.6837959484441 2.1065046385093824
934.2658413882192 2.1127348481130808
939.8814388630644 2.1189792955326383
945.5307900444058 2.125238036448389
951.2140978158566 2.1315111265929367
956.9315662805013 2.1377986217519176
962.683400768231 2.1441005777646804
968.4698078431142 2.150417050525094
974.2909953108124 2.15674809598222
980.1471722260491 2.1630937701410744
986.0385489001142 2.16945412906339
991.9653369084126 2.1758292288682806
997.9277490980746 2.1822191257330465
1003.9259995955853 2.1886238758938386
1009.9603038144814 2.1950435356464135
1016.0308784630935 2.2014781613468855
1022.1379415523147 2.2079278094123977
1028.2817124034418 2.214392536321872
1034.4624116560476 2.2208723986167564
1040.6802612759013 2.2273674529016865
1046.9354845629464 2.2338777558452714
1053.2283061593164 2.2404033641807515
1059.5589520574 2.2469443347067424
1065.9276496079622 2.253500724287976
1072.3346275283077 2.2600725898559606
1078.7801159104883 2.2666599884097214
1085.2643462295803 2.2732629770165382
1091.7875513519796 2.2798816128125936
1098.3499655437793 2.2865159530037538
1104.9518244791764 2.293166054866213
1111.593365248933 2.299831975747228
1118.274826368898 2.3065137730658534
1124.9964477885683 2.3132115043135757
1131.7584708997035 2.3199252270550983
1138.5611385450018 2.3266549989289738
1145.4046950268175 2.3334008776483355
1152.289386115931 2.340162921001625
1159.2154590603818 2.3469411868532237
1166.1831625943455 2.3537357331442332
1173.1927469470604 2.360546617893096
1180.2444638518275 2.3673738991963287
1187.3385665550347 2.374217635229242
1194.4753098252645 2.3810778842465776
1201.654949962438 2.387954704583232
1208.8777448070161 2.3948481546549742
1216.1439537492674 2.4017582929590726
1223.4538377385784 2.408685178075063
1230.8076592928223 2.415628868665368
1238.2056825077939 2.422589423476014
1245.64817306669 2.4295669013373526
1253.1353982496464 2.4365613611646757
1260.6676269433497 2.4435728619589803
1268.2451296506765 2.4506014628075854
1275.8681785004221 2.457647222884846
1283.537047257068 2.4647102014528643
1291.2520113306095 2.4717904578621197
1299.0133477864545 2.478888051552169
1306.8213353553695 2.48600304205237
1314.676254443486 2.4931354889824844
1322.5783871423782 2.500285452053437
1330.52801723919 2.507452991067932
1338.5254302268222 2.5146381659211525
1346.5709133141938 2.521841036601473
1354.6647554365522 2.5290616631910776
1362.8072472658441 2.536300105866661
1370.9986812211696 2.54355642490014
1379.2393514792643 2.550830680659253
1387.5295539850797 2.558122933608319
1395.8695864624046 2.5654332443088395
1404.2597484245548 2.5727616734201995
1412.700341185136 2.5801082817003724
1421.1916678688622 2.5874731300065226
1429.7340334224361 2.594856279295756
1438.3277446255104 2.6022577906257185
1446.9731101016991 2.609677725155298
1455.6704403296576 2.6171161441453283
1464.4200476542464 2.62457310895918
1473.222246297731 2.6320486810635164
1482.0773523710743 2.6395429220288875
1490.9856838852984 2.647055893530429
1499.9475607628858 2.654587657348563
1508.9633048492847 2.6621382753695975
1518.0332399244624 2.6697078095864284
1527.157691714527 2.6772963220992354
1536.3369879034358 2.6849038751160745
1545.571458144758 2.692530530953626
1554.8614340735087 2.700176352037788
1564.2072493180685 2.707841400904367
1573.6092395121602 2.715525740199784
1583.0677423068953 2.7232294326816513
1592.5830973829193 2.730952541219531
1602.155646462586 2.738695128795517
1611.7857333222487 2.746457258504933
1621.4737038045994 2.7542389935570255
1631.219905831084 2.7620403972755643
1641.0246894144066 2.7706916389449074
1650.8884066710953 2.781148382068575
1660.811411834142 2.7916417252622385
1670.7940612657342 2.802171813263785
1680.8367134700475 2.8127387912793362
1690.9397291061157 2.8233428049853293
1701.1034710007934 2.833984000530662
1711.328304161781 2.844662524538724
1721.6145957907256 2.855378524109552
1731.9627152964279 2.8661321468219225
1742.3730343080842 2.8769235407355147
1752.8459266886514 2.8877528543929656
1763.3817685482675 2.8986202368220515
1773.9809382577516 2.9095258375378084
1784.6438164622052 2.920469806544663
1795.3707860946747 2.931452294338629
1806.1622323898998 2.942473451909391
1817.018542898158 2.953533430742505
1827.9401074991779 2.9646323828215597
1838.9273184161332 2.97577046063033
1849.9805702297488 2.986947817155005
1861.1002598924451 2.9981646058862963
1872.286786742615 3.0094209808216656
1883.540552518957 3.020717096467554
1894.861961374896 3.0320531078415103
1906.251419893112 3.043429170474447
1917.7093371001329 3.054845440412845
1929.236124481019 3.0663020742209506
1940.8321959941527 3.0777992289830616
1952.4979680860986 3.089337062305678
1964.233859706553 3.1009157323197907
1976.040292323402 3.112535397683102
1987.917689937851 3.1241962175823264
1999.8664790996445 3.1358983517353702
2011.8870889224058 3.1476419603936456
2023.9799510990201 3.1594272043443294
2036.1454999171604 3.1712542449126238
2048.3841722748743 3.1831232439640944
2060.6964076962695 3.195034363906877
2073.0826483473106 3.2069877676940295
2085.5433390516914 3.2189836188258156
2098.078927306804 3.2310220813520094
2110.6898632998223 3.2431033198742525
2123.376599923863 3.255227499548309
2136.1395927942413 3.267394786086424
2148.979300264858 3.279605345759704
2161.8961834446313 3.2918593454003817
2174.8907062140693 3.3041569524042136
2187.963335241943 3.3164983347328274
2201.114540002016 3.328883660916068
2214.3447927899315 3.341313100054427
2227.6545687401613 3.35378682182133
2241.0443458430645 3.3663049964655873
2254.5146049620676 3.378867794813746
2268.0658298509243 3.3914753882725495
2281.6985071710847 3.40412794883126
2295.4131265091837 3.416825649064126
2309.210180394618 3.429568662132786
2323.0901643172247 3.4423571617886832
2337.0535767451 3.4551913223755615
2351.1009191424705 3.4680713188318095
2365.232695987726 3.4809973266929806
2379.4494147915266 3.4939695220942255
2393.751586115023 3.5069880817727435
2408.139723588208 3.520053183070318
2422.6143439283514 3.5331650039356983
2437.1759669585513 3.54632372292715
2451.8251156264187 3.559529519214921
2466.5623160228474 3.5727825725837943
2481.3880974009026 3.5860830634355194
2496.302992194841 3.5994311727913786
2511.3075360392254 3.6128270822947033
2526.4022677881508 3.6262709742133867
2541.5877295346236 3.6397630314424863
2556.8644666299933 3.6533034375066813
2572.2330277035676 3.666892376562888
2587.693964682303 3.6805300334027957
2603.2478328106185 3.694216593455494
2618.8951906703533 3.7079522427899656
2634.636600200817 3.721737168117734
2650.4726267189644 3.735571556795426
2666.40383893971 3.7494555968274397
2682.4308089963497 3.7633894768684644
2698.5541124610913 3.77737338622616
2714.7743283657587 3.7914075148637707
2731.0920392225453 3.805492053402746
2747.507831044966 3.8196271931254473
2764.022293368892 3.8338131259777124
2780.63601927371 3.848050044571569
2797.3496054036445 3.862338142187883
2814.16365198917 3.876677612779094
2831.0787628685634 3.8910686509718135
2848.095545509605 3.9055114520695757
2865.2146110313834 3.92000621205553
2882.436574226238 3.9345531275951395
2899.7620535818514 3.9491523960389605
2917.191671303455 3.96380421542528
2934.7260533361614 3.9785087844829192
2952.3658293874746 3.993266302633945
2970.111632949866 4.008076969996493
2987.964101323556 4.022940987387437
3005.9238756393884 4.037858556325222
3023.9916008818477 4.052829879032638
3042.16792591224 4.067855158439587
3060.4535034919863 4.082934598185958
3078.848990306054 4.098068402624333
3097.355046986562 4.11325677682287
3115.9723381364934 4.128499926568101
3134.701532353552 4.143798058367837
3153.5433022542097 4.15915137945391
3172.498324497815 4.174560097785098
3191.567279810932 4.190024422049973
3210.750853011761 4.205544561669753
3230.0497330347525 4.221120726801265
3249.4646129553353 4.236753128339723
3268.9961900148155 4.252441977921707
3288.6451656454014 4.268187487928034
3308.4122454954145 4.283989871486756
3328.2981394546205 4.299849342475982
3348.3035616797138 4.315766115526884
3368.429230619986 4.3317404060266265
3388.6758690431116 4.347772430121377
3409.0442040611138 4.363862404719188
3429.5349671564613 4.3800105474930335
3450.1488942083597 4.396217076883788
3470.8867255191653 4.4124822121032095
3491.749205840977 4.428806173137011
3512.7370844023703 4.445189180747779
3533.8511149353226 4.461631456478073
3555.092055702274 4.478133222653429
3576.4606695233465 4.494694702385479
3597.95772380376 4.511316119574897
3619.5839905613784 4.527997698914557
3641.340246454442 4.544739665892576
3663.227272809444 4.561542246795392
3685.245855649213 4.578405668710946
3707.39678572113 4.595330159531667
3729.680858525515 4.61231594795768
3752.0988743442176 4.629363263499889
3774.651638269343 4.646472336483205
3797.3399602321724 4.663643398049577
3820.164655032234 4.680876680161232
3843.126542366588 4.698172415603812
3866.226446859255 4.715530837989636
3889.4651980908125 4.732952181760776
3912.8436306282183 4.750436682192342
3936.362584054762 4.767984575395677
3960.0229030002256 4.7855960983215695
3983.8254371712005 4.80327148876356
4007.771041381626 4.821010985361088
4031.8605755834797 4.838814827602812
4056.0949048976418 4.856683255829857
4080.4748996449944 4.874616511239167
4105.001435377659 4.892614835886681
4129.675392910446 4.910678472690717
4154.497658352475 4.928807665435264
4179.469123139017 4.947002658773304
4204.5906840635 4.965263698230206
4229.8632433097 4.983591030206976
4255.287708484168 5.001984901983686
4280.86499264881 5.020445561722811
4306.596014353677 5.038973258472693
4332.481697669946 5.057568242170815
4358.522972223126 5.0762307636472865
4384.720773226429 5.094961074628224
4411.0760415143595 5.1137594277392635
4437.589723576493 5.132626076508876
4464.262771591486 5.151561275371905
4491.096143461262 5.170565279673014
4518.090802845398 5.189638345670141
4545.24771919576 5.2087807305380665
4572.567867791298 5.2279926923717985
4600.052229773084 5.247274490190164
4627.701792179526 5.266626383939312
4655.517547981842 5.286048634496234
4683.500496119711 5.305541503672396
4711.65164153713 5.3251052542171715
4739.9719952185305 5.344740149821507
4768.462574225075 5.364446455121453
4797.124401731182 5.3842244357018645
4825.958507061258 5.40407435809987
4854.965925726691 5.423996489808592
4884.147699463024 5.44399109928075
4913.50487626735 5.464058455932296
4943.038510435979 5.484198830146162
4972.749662602285 5.5044124932758
5002.6393997748 5.524699717648958
5032.7087953755145 5.545060776571333
5062.95892927846 5.565495944330378
5093.39088784847 5.5860054961988865
5124.0057639802 5.6065897084388245
5154.80465713736 5.627248858305034
5185.788673392229 5.647983224049089
5216.95892546536 5.668793084922938
5248.316532765531 5.689678721182781
5279.862621429967 5.710640414092853
5311.5983243647715 5.731678445929219
5343.524781285619 5.752793099983691
5375.643138758663 5.773984660567541
5407.954550241745 5.795253413015439
5440.460176125804 5.8165996436892895
5473.1611837765295 5.838023639982198
5506.058747576323 5.859525690322235
5539.154048966445 5.881106084176433
5572.44827648946 5.902765112054696
5605.9426258318945 5.924503065513708
5639.638299867212 5.946320237160984
5673.536508698996 5.968216920658687
5707.6384697043895 5.990193410727712
5741.945407577849 6.012250003151625
5776.458554375106 6.034386994780764
5811.179149557418 6.056604683536127
5846.108440036067 6.078903368413494
5881.247680217167 6.101283349487434
5916.598132046701 6.12374492791546
5952.161065055818 6.146288405941977
5987.937756406465 6.168914086902451
6023.929490937231 6.191622275227504
6060.1375612094935 6.214413276447005
6096.56326755382 6.237287397194319
6133.207918116704 6.260244945210289
6170.07282890752 6.2832862293475165
6207.15932384577 6.306411559574477
6244.468734808668 6.329621246979831
6282.002401678942 6.352915603776469
6319.76167239297 6.376294943305843
6357.7479029891565 6.399759580042177
6395.962457656678 6.423309829596702
6434.406708784444 6.446946008722019
6473.082037010396 6.470668435316235
6511.989831271063 6.494477428427363
6551.131488851486 6.51837330825758
6590.508415435376 6.542356396167675
6630.122025155574 6.566427014681222
6669.973740644879 6.590585487489047
6710.064993087111 6.614832139453564
6750.397222268523 6.639167296613255
6790.971876629478 6.663591286186938
6831.79041331651 6.688104436578266
6872.854298234633 6.712707077380172
6914.165006099963 6.737399539379268
6955.724020492725 6.762182154560445
6997.532833910498 6.787055256111177
7039.592947821838 6.812019178426146
7081.905872720159 6.83707425711172
7124.473128178034 6.862220828990465
7167.296242901739 6.887459232105812
7210.376754786132 6.914344764856357
7253.716210969926 6.944759069865322
7297.316167891224 6.975306413587089
7341.17819134343 7.005987382405107
7385.303856531446 7.036802565260728
7429.694748128295 7.06775255366455
7474.352460331992 7.098837941707765
7519.278596922819 7.130059326073584
7564.474771320885 7.161417306048695
7609.942606644117 7.19291248353478
7655.683735766527 7.224545463060083
7701.69980137683 7.2563168517910155
7747.992456037481 7.2882272595438335
7794.563362243999 7.32027729879634
7841.41419248468 7.352467584699663
7888.546629300633 7.384798735090065
7935.9623653462495 7.417271370500815
7983.6631034499715 7.449886114174117
8031.650556675418 7.482643592073063
8079.926448382952 7.515544432893681
8128.492512291544 7.5485892680769915
8177.350492541047 7.581778731821147
8226.5021437548 7.615113461093616
8275.949231102697 7.648594095643409
8325.693530364542 7.682221278013374
8375.736827993813 7.715995653552535
8426.080921181852 7.749917870428487
8476.727617922388 7.78398857963985
8527.678737076474 7.818208435028757
8578.93610843778 7.852578093293436
8630.50157279835 7.887098214000803
8682.37698201469 7.9217694595991315
8734.564199074248 7.956592495430788
8787.065098162362 7.991567989744989
8839.881564729545 8.026696613710651
8893.015495559204 8.061979041429277
8946.46879883573 8.097415949947889
9000.243394213072 8.133008019272047
9054.341212883659 8.168755932378897
9108.764197647724 8.20466037523029
9163.514302983125 8.240722036785948
9218.593495115503 8.276941609016703
9274.003752088918 8.313319786917775
9329.747063836838 8.34985726852212
9385.825432253667 8.38655475491384
9442.240871266598 8.423412950241635
9498.99540690796 8.460432561732324
9556.091077387937 8.49761429970443
9613.529933167822 8.534958877581813
9671.314037033631 8.57246701190741
9729.445464170156 8.6101394223568
9787.926302235534 8.647976831752398
9846.7586514362 8.68597996607695
9905.944624602318 8.724149554487717
9965.48634726363 8.762486329330228
10025.385957725844 8.800991026152758
10085.645607147353 8.839664383719894
10146.267459616598 8.878507144027301
10207.253692229657 8.917520052315425
10268.606495168497 8.95670385708416
10330.328071779682 8.996059310107217
10392.420638653392 9.035587166446229
10454.886425703065 9.075288184465574
10517.727676245571 9.115163125846928
10580.946647081628 9.155212755603563
10644.545608576918 9.1954378420954
10708.52684474367 9.235839157043527
10772.892653322664 9.27641747554525
10837.645345865589 9.317173576088578
10902.787247818324 9.35810824056753
10968.3206986043 9.399222254297078
11034.248051708491 9.440516406028086
11100.571674761977 9.481991487962413
11167.29394962704 9.523648295768481
11234.417272482566 9.565487628596044
11301.94405391017 9.60751028909187
11369.876718980839 9.649717083415181
11438.21770734187 9.692108821252763
11506.96947330457 9.734686315834885
11576.13448593246 9.777450383950738
11645.715229129803 9.82040184596412
11715.714201730882 9.863541525829211
11786.133917589808 9.906870251106358
11856.976905670665 9.950388852977982
11928.24571013839 9.994098166264509
11999.942890450224 10.037999029440403
