2023/2023ApJ...945..101A/VER-Figure_4_UHDM_radius_bbar.ecsv
# %ECSV 1.0
# ---
# datatype:
# - {name: mass, unit: TeV, datatype: float64}
# - {name: radius, unit: 1 / GeV, datatype: float64}
# schema: astropy-2.0
# meta: !!omap
# - data_type: table
# - reference_id: 2023ApJ...945..101A
# - file_id: 1
# - telescope: veritas
mass radius
194.35180955893202 1e-05
194.35180955893202 0.0013827524739829756
195.52000118345853 0.0034991685943183194
196.69521446461212 0.005607698321743015
197.87749160750795 0.007708399434272251
199.06687507094347 0.009801329388580627
200.26340756892358 0.011886545321977422
201.46713207219463 0.013964104054365094
202.67809180978693 0.016034062090194225
203.89633027056843 0.01809647562040061
205.1218912048058 0.02015140052432858
206.3548186257352 0.022198892371652134
207.59515681114394 0.024239006424276795
208.84295030496014 0.026271797638234205
210.09824391885184 0.028297320665558744
211.36108273383735 0.030315629856166624
212.63151210190378 0.03232677925971163
213.90957764763513 0.03433082262743011
215.19532526985193 0.03632781341398621
216.48880114325885 0.03831780477929442
217.79005172010318 0.04030084959033656
219.09912373184318 0.04227700042296897
220.41606419082555 0.04424630956371149
221.74092039197504 0.04620882901154039
223.07373991449234 0.04816461047965774
224.41457062356196 0.05011370539725029
225.7634606720728 0.052056164911251014
227.12045850234648 0.05399203988807719
228.4856128478766 0.055921380915358206
229.8589727350801 0.057844238303666404
231.24058748505735 0.05976066208822297
232.63050671536263 0.06167070203060192
234.02878034178747 0.06357440762041773
235.43545858015236 0.06547182807701372
236.85059194811026 0.06736301235112888
238.2742312669612 0.0692480091265628
239.7064276634764 0.07112686682182198
241.14723257173577 0.07299963359177042
242.59669773497433 0.07486635732925703
244.05487520743984 0.07672708566674047
245.52181735626348 0.07858186597789912
246.99757686334 0.08043074537924161
248.48220672721865 0.08227377073169677
249.97576026500826 0.08411098864219685
251.47829111429078 0.08594244546525963
252.98985323504803 0.08776818730454986
254.51050091159956 0.08958826001443952
256.0402887545513 0.09140270920155044
257.57927170275826 0.09321158022630109
259.1275050252968 0.0950149182044317
260.6850443234486 0.0968127680085266
262.25194553269915 0.0986051742695225
263.8282649247457 0.10039218137821868
265.4140591095173 0.10217383348676602
267.0093850372096 0.10395017451015111
268.6143000003289 0.10572124812767858
270.2288616357493 0.10748709778443419
271.85312792678394 0.10924776669274754
273.48715720526644 0.11100329783363748
275.1310081536459 0.11275373395826138
276.7847398070945 0.11449911758934418
278.4484115556269 0.11623949102260603
280.1220831462344 0.1179748963281747
281.8058146850299 0.11970537535200124
283.49966663940563 0.12143096971725616
285.2036998402066 0.12315172082571872
286.9179754839138 0.12486766985916786
288.6425551348417 0.12657885778075226
290.3775007273506 0.12828532533636192
292.1228745680697 0.12998711305598176
293.878739338135 0.1316842612550511
295.64515809544076 0.13337681003580246
297.42219427690287 0.13506479928859955
299.20991170073864 0.13674826869326084
301.0083745687581 0.13842725772038703
302.8176474686684 0.14010180563266914
304.63779537639545 0.14177195148619046
306.4688836584164 0.1434377341317309
308.31097807410606 0.14509919221605055
310.16414477810054 0.1467563641831756
312.028450322672 0.1484092882756667
313.9039616601177 0.15005800253589338
315.7907461451666 0.1517025448072892
317.6888715373972 0.15334295273560608
319.5984060036693 0.15497926377015334
321.5194181205763 0.15661151516504426
323.4519768769029 0.15823974398042087
325.3961516761064 0.15986398708367436
327.35201233880804 0.16148428115066818
329.31962910529904 0.16310066266694115
331.2990726380657 0.16471316792891272
333.2904140243255 0.16632183304507192
335.2937247785795 0.16792669393717208
337.3090768451822 0.16952778634140775
339.33654260092464 0.17112514580958998
341.3761948576321 0.17271880771030798
343.42810686478265 0.17430880723009823
345.4923523121332 0.17589517937459095
347.56900533236944 0.1774779589696604
349.6581405037668 0.17905718066255916
351.7598328528678 0.18063287892305877
353.87415785717855 0.18220508804457317
356.00119144787834 0.1837738421452742
358.14101001254517 0.18533917516921278
360.2936903979017 0.18690112088742097
362.45930991257336 0.18845971289901534
364.6379463298641 0.19001498463228442
366.8296778905516 0.1915669693457861
369.03458330569543 0.19311570012942375
371.25274175946316 0.19466120990551708
373.48423291197753 0.19631939348500776
375.72913690217223 0.19821728119433663
377.98753435067414 0.20011404113562706
380.2595063626969 0.20200971400476633
382.5451345309529 0.20390434036740965
384.84450093858516 0.20579796066014386
387.1576881621146 0.20769061519162427
389.484779274404 0.20958234414372728
391.825857847644 0.2114731875726773
394.18100795635314 0.21336318541018828
396.5503141803955 0.21525237746457815
398.93386160802277 0.2171408034219001
401.3317358389242 0.21902850284705153
403.7440229873054 0.22091551518488062
406.170809684979 0.22280187976129998
408.61218308447485 0.22468763578437376
411.06823086217236 0.2265728223454219
413.5390412214477 0.2284574784201036
416.02470289584056 0.23034164286949613
418.52530515224305 0.2322253544411832
421.0409377941043 0.23410865177031612
423.5716911646544 0.23599157338069274
426.1176561501513 0.23787415768580897
428.67892418314347 0.239756442989928
431.2555872457519 0.2416384674891205
433.8477378729782 0.2435202692723241
436.4554691560215 0.2454018863223798
439.0788747456266 0.24728335651706732
441.7180488554454 0.24916471763014686
444.37308626541903 0.25104600733237625
447.0440823251844 0.2529272631925461
449.7311329574969 0.25480852267848664
452.4343346616744 0.25668982315809297
455.1537845170648 0.2585712019003232
457.8895801865317 0.26045269607621263
460.6418199199595 0.2623343427598696
463.4106025577871 0.26421617892946675
466.19602753455143 0.26609824146824124
468.9981948824612 0.2679805671654695
471.81720523499206 0.26986319271746184
474.6531598304949 0.27174615472852587
477.50616051583603 0.2736294897119516
480.37630975005385 0.2755132340909745
483.26371060803615 0.2773974241997348
486.16846678422513 0.27928209628424855
489.0906825963399 0.2811672865033502
492.03046298912113 0.28305303092965634
494.9879135381031 0.28493936555050003
497.96314045340347 0.2868263262688861
500.9562505835358 0.2887139489044164
503.96735141925217 0.29060226919423654
506.9965510973965 0.2924913227939593
510.0439584047934 0.2943811452785878
513.1096827821533 0.29627177214344763
516.193834328001 0.29816323880509193
519.2965238026325 0.30005558060222687
522.4178626320918 0.30194883279661716
525.5579629121702 0.3038430305739861
528.7169374124356 0.3057382090449299
531.8948995802807 0.3076344032458024
535.0919635449953 0.30953164813962236
538.3082441218688 0.3114299786169511
541.5438568163113 0.31332942949679216
544.7989178279997 0.31523003552746043
548.0735440550574 0.31713183138747375
551.3678530982435 0.31903485168642226
554.6819632651833 0.32093913096583576
558.0159935746146 0.322844703700063
561.3700637606602 0.3247516042971226
564.7442942771306 0.32665986709957706
568.1388063018495 0.328569526385377
571.553721741003 0.33048061636872533
574.9891632335208 0.3323931712009233
578.4452541554797 0.3343072249712111
581.9221186245312 0.3362228117076226
585.4198815043657 0.33813996537781227
588.9386684091885 0.3400587198899034
592.4786057082373 0.34197910909330825
596.0398205303183 0.34390116677957017
599.6224407683693 0.3458249266831764
603.2265950840575 0.3477504224823918
606.8524129123971 0.3496776878000741
610.5000244663966 0.35160675620448323
614.169560741738 0.35353766121010743
617.8611535214803 0.3554704362784581
621.57493538079 0.3574051148188895
625.3110396917053 0.35934173018938903
629.0696006279251 0.3612803156973902
632.850753169624 0.36322090460055534
636.6546331083074 0.36516353010758207
640.4813770516793 0.36710822537898796
644.3311224285545 0.3690550235278929
648.2040074937928 0.3710039576208162
652.1001713332605 0.37295506067844303
656.0197538688309 0.374908365676416
659.9628958634062 0.37686390554610516
663.9297389259709 0.37882171317537444
667.920425516682 0.38078182140936456
671.9350989519822 0.38274426305124487
675.9739034097448 0.38470907086299133
680.0369839344585 0.38667627756613365
684.1244864424278 0.3886459158425272
688.2365577270172 0.39061801833509374
692.3733454639272 0.39259261764858744
696.5349982164886 0.39456974635033804
700.7216654410056 0.3965494369709927
704.9334974921204 0.3985317220052738
709.1706456282103 0.40051663391270437
713.4332620168249 0.40250420511836305
717.7214997401478 0.4044944680136043
722.0355128004927 0.40648745495680605
726.3754561258381 0.4084831982740947
730.7414855753892 0.41048173026006707
735.1337579451717 0.4124830831785304
739.5524309736719 0.4144872892632102
743.9976633474902 0.4164943807184857
748.4696147070484 0.41850438972009335
752.9684456523206 0.42051734841585725
757.4943177485973 0.422533288926388
762.0473935322927 0.42455224334580566
766.6278365167805 0.4265742437424438
771.2358111982617 0.4285993221595485
775.871483061679 0.430627510615996
780.5350185866558 0.4326588411069784
785.2265852534737 0.4346933456047183
789.9463515490911 0.43673105605914897
794.6944869731923 0.4387720043986235
799.4711620442708 0.44081622253060004
804.2765483057628 0.4428637423423257
809.1108183321957 0.44491459570153835
813.9741457353948 0.4469688144571352
818.8667051707156 0.4490264304398731
823.7886723433126 0.45108747546303135
828.7402240144552 0.45315198132310697
833.7215380078726 0.455219979800483
838.732793216138 0.45729150266009827
843.7741696070975 0.4593665816521333
848.8458482303312 0.4614452485126645
853.9480112236516 0.4635275349643487
859.0808418196541 0.46561347271707243
864.2445243522853 0.4677030934686309
869.4392442634727 0.4697964289053843
874.6651881097803 0.47189351070291
879.9225435691066 0.4739943705266774
885.211499447429 0.4760990400326856
890.5322456855827 0.47820755086813516
895.8849733660783 0.4803199346720636
901.2698747199702 0.4824362230760127
906.6871431337571 0.48455644770465955
912.1369731563243 0.4866806401764784
917.6195605059363 0.4888088321043796
923.1351020772624 0.49094105509634484
928.6837959484441 0.4930773407560843
934.2658413882192 0.4952177206836587
939.8814388630644 0.497362226476134
945.5307900444058 0.4995108897281991
951.2140978158566 0.501663742032819
956.9315662805013 0.5038208149818482
962.683400768231 0.5059821401666769
968.4698078431142 0.5081477491788537
974.2909953108124 0.5103176736107065
980.1471722260491 0.5124919450559827
986.0385489001142 0.5146705951104559
991.9653369084126 0.5168536553725638
997.9277490980746 0.5190411574440227
1003.9259995955853 0.5212331329304385
1009.9603038144814 0.5234296134419415
1016.0308784630935 0.5256306305937835
1022.1379415523147 0.5278362160069708
1028.2817124034418 0.5300464013088583
1034.4624116560476 0.53226121813378
1040.6802612759013 0.5344806981236401
1046.9354845629464 0.5367048729285373
1053.2283061593164 0.5389337742073654
1059.5589520574 0.541167433628412
1065.9276496079622 0.5434058828699779
1072.3346275283077 0.5456491536209624
1078.7801159104883 0.5478972775814797
1085.2643462295803 0.5501502864634529
1091.7875513519796 0.5524082119912048
1098.3499655437793 0.5546710859020717
1104.9518244791764 0.5569389399469807
1111.593365248933 0.5592118058910628
1118.274826368898 0.5614897155142275
1124.9964477885683 0.5637727006117731
1131.7584708997035 0.5660607929949589
1138.5611385450018 0.5683540244916114
1145.4046950268175 0.570652426946705
1152.289386115931 0.5729560322229418
1159.2154590603818 0.5752648722013538
1166.1831625943455 0.5775789787818688
1173.1927469470604 0.5798983838839129
1180.2444638518275 0.5822231194469728
1187.3385665550347 0.5845532174311968
1194.4753098252645 0.5868887098179548
1201.654949962438 0.5892296286104346
1208.8777448070161 0.5915760058342118
1216.1439537492674 0.5939278735378184
1223.4538377385784 0.5962852637933377
1230.8076592928223 0.5986482086969556
1238.2056825077939 0.6010167403695565
1245.64817306669 0.6033908909572752
1253.1353982496464 0.6057706926320837
1260.6676269433497 0.6081561775923571
1268.2451296506765 0.6105473780634323
1275.8681785004221 0.612944326298196
1283.537047257068 0.6153470545776306
1291.2520113306095 0.6177555952114016
1299.0133477864545 0.620169980538402
1306.8213353553695 0.622590242927338
1314.676254443486 0.6250164147772707
1322.5783871423782 0.6274485285181988
1330.52801723919 0.6298866166116105
1338.5254302268222 0.6323307115510378
1346.5709133141938 0.6347808458626352
1354.6647554365522 0.6372370521057162
1362.8072472658441 0.6396993628733347
1370.9986812211696 0.6421678107928204
1379.2393514792643 0.6446424285263536
1387.5295539850797 0.6471232487715147
1395.8695864624046 0.6496103042618294
1404.2597484245548 0.6521036277673441
1412.700341185136 0.6546032520951554
1421.1916678688622 0.6571092100899867
1429.7340334224361 0.6596215346347181
1438.3277446255104 0.6621402586509563
1446.9731101016991 0.664665415099578
1455.6704403296576 0.667197036981271
1464.4200476542464 0.6697351573371034
1473.222246297731 0.6722798092490498
1482.0773523710743 0.6748310258405622
1490.9856838852984 0.677388840277094
1499.9475607628858 0.6799532857666701
1508.9633048492847 0.6825243955604108
1518.0332399244624 0.6851022029530961
1527.157691714527 0.6876867412837031
1536.3369879034358 0.6902780439359416
1545.571458144758 0.6928761443388178
1554.8614340735087 0.6954810759671551
1564.2072493180685 0.698092872342159
1573.6092395121602 0.7007115670319374
1583.0677423068953 0.7033371936520614
1592.5830973829193 0.7059697858660989
1602.155646462586 0.7086093773861459
1611.7857333222487 0.7112560019733875
1621.4737038045994 0.7139096934386138
1631.219905831084 0.7165704856427831
1641.0246894144066 0.7194617448020182
1650.8884066710953 0.7228411481753529
1660.811411834142 0.7262330959370702
1670.7940612657342 0.7296376527066912
1680.8367134700475 0.7330548833127132
1690.9397291061157 0.7364848527938841
1701.1034710007934 0.7399276264005145
1711.328304161781 0.7433832695957591
1721.6145957907256 0.7468518480569177
1731.9627152964279 0.7503334276767372
1742.3730343080842 0.7538280745647143
1752.8459266886514 0.7573358550484053
1763.3817685482675 0.7608568356747346
1773.9809382577516 0.7643910832113113
1784.6438164622052 0.7679386646477449
1795.3707860946747 0.7714996471969673
1806.1622323898998 0.7750740982965597
1817.018542898158 0.7786620856100679
1827.9401074991779 0.7822636770283528
1838.9273184161332 0.7858789406709114
1849.9805702297488 0.7895079448872198
1861.1002598924451 0.7931507582580732
1872.286786742615 0.7968074495969323
1883.540552518957 0.8004780879512714
1894.861961374896 0.8041627426039314
1906.251419893112 0.8078614830744762
1917.7093371001329 0.8115743791205517
1929.236124481019 0.8153015007392495
1940.8321959941527 0.8190429181684745
1952.4979680860986 0.8227987018883198
1964.233859706553 0.8265689226224261
1976.040292323402 0.8303536513393822
1987.917689937851 0.8341529592540939
1999.8664790996445 0.8379669178291731
2011.8870889224058 0.8417955987763279
2023.9799510990201 0.8456390740577572
2036.1454999171604 0.8494974158875489
2048.3841722748743 0.8533706967330814
2060.6964076962695 0.8572589893164307
2073.0826483473106 0.8611623666157792
2085.5433390516914 0.8650809018668314
2098.078927306804 0.8690146685642348
2110.6898632998223 0.8729637404629884
2123.376599923863 0.8769281915798909
2136.1395927942413 0.8809080961949569
2148.979300264858 0.8849035288528561
2161.8961834446313 0.8889145643643521
2174.8907062140693 0.8929412778077461
2187.963335241943 0.896983744530325
2201.114540002016 0.901042040149813
2214.3447927899315 0.9051162405558292
2227.6545687401613 0.9092064219113477
2241.0443458430645 0.9133126606541633
2254.5146049620676 0.9174350334983619
2268.0658298509243 0.9215736174357976
2281.6985071710847 0.9257284897375573
2295.4131265091837 0.929899727955466
2309.210180394618 0.9340874099235608
2323.0901643172247 0.9382916137595868
2337.0535767451 0.942512417866493
2351.1009191424705 0.9467499009339366
2365.232695987726 0.951004141939788
2379.4494147915266 0.9552752201516421
2393.751586115023 0.9595632151283355
2408.139723588208 0.9638682067214658
2422.6143439283514 0.9681902750769179
