2023/2023ApJ...945..101A/VER-Figure_4_UHDM_radius_uu.ecsv
# %ECSV 1.0
# ---
# datatype:
# - {name: mass, unit: TeV, datatype: float64}
# - {name: radius, unit: 1 / GeV, datatype: float64}
# schema: astropy-2.0
# meta: !!omap
# - data_type: table
# - reference_id: 2023ApJ...945..101A
# - file_id: 1
# - telescope: veritas
mass radius
[from data line 430]
1322.5783871423782 3.233379636090744
1330.52801723919 3.2464216028443014
1338.5254302268222 3.2595124318609923
1346.5709133141938 3.272652327927836
1354.6647554365522 3.2858414965544163
1362.8072472658441 3.2990801439761706
1370.9986812211696 3.3123684771577637
1379.2393514792643 3.3257067037963366
1387.5295539850797 3.339095032324893
1395.8695864624046 3.352533671915638
1404.2597484245548 3.366022832483337
1412.700341185136 3.37956272468867
1421.1916678688622 3.393153559941664
1429.7340334224361 3.4067955504050036
1438.3277446255104 3.4204889089974877
1446.9731101016991 3.4342338493974216
1455.6704403296576 3.4480305860460425
1464.4200476542464 3.4618793341509386
1473.222246297731 3.475780309689547
1482.0773523710743 3.489733729412524
1490.9856838852984 3.5037398108472666
1499.9475607628858 3.5177987723013757
1508.9633048492847 3.53191083286614
1518.0332399244624 3.54607621242004
1527.157691714527 3.5602951316322367
1536.3369879034358 3.5745678119661526
1545.571458144758 3.5888944756829195
1554.8614340735087 3.6032753458449758
1564.2072493180685 3.6177106463196065
1573.6092395121602 3.6322006017825137
1583.0677423068953 3.646745437721374
1592.5830973829193 3.6613453804394904
1602.155646462586 3.676000657059302
1611.7857333222487 3.6907114955260583
1621.4737038045994 3.705478124611425
1631.219905831084 3.7203007739171072
1641.0246894144066 3.735102562999064
1650.8884066710953 3.7497947364453266
1660.811411834142 3.764541735066549
1670.7940612657342 3.7793437808141404
1680.8367134700475 3.794201096430902
1690.9397291061157 3.809113905454456
1701.1034710007934 3.824082432220689
1711.328304161781 3.8391069018672033
1721.6145957907256 3.8541875403367816
1731.9627152964279 3.8693245743808653
1742.3730343080842 3.884518231563036
1752.8459266886514 3.899768740262498
1763.3817685482675 3.9150763296776554
1773.9809382577516 3.930441229829533
1784.6438164622052 3.94586367156537
1795.3707860946747 3.9613438865621537
1806.1622323898998 3.976882107330165
1817.018542898158 3.992478567216553
1827.9401074991779 4.008133500408906
1838.9273184161332 4.02384714193885
1849.9805702297488 4.0396197276856345
1861.1002598924451 4.0554514943797635
1872.286786742615 4.071342679606608
1883.540552518957 4.087293521810045
1894.861961374896 4.1033042602961105
1906.251419893112 4.119375135236656
1917.7093371001329 4.135506387673024
1929.236124481019 4.151698259519728
1940.8321959941527 4.167950993568155
1952.4979680860986 4.184264833490277
1964.233859706553 4.200640023842361
1976.040292323402 4.217076810068701
1987.917689937851 4.233575438505422
1999.8664790996445 4.25013615638414
2011.8870889224058 4.2667592118358035
2023.9799510990201 4.283444853894458
2036.1454999171604 4.3001933325010455
2048.3841722748743 4.317004898507212
2060.6964076962695 4.333879803679132
2073.0826483473106 4.350818300701336
2085.5433390516914 4.3678206431805755
2098.078927306804 4.384887085649667
2110.6898632998223 4.402017883571373
2123.376599923863 4.419213293342292
2136.1395927942413 4.436473572296754
2148.979300264858 4.45379897871074
2161.8961834446313 4.4711897718058
2174.8907062140693 4.488646211752983
2187.963335241943 4.506168559676884
2201.114540002016 4.5237570776594
2214.3447927899315 4.541412028743972
2227.6545687401613 4.5591336769393855
2241.0443458430645 4.576922287223856
2254.5146049620676 4.594778125549045
2268.0658298509243 4.612701458844086
2281.6985071710847 4.630692555019642
2295.4131265091837 4.648751682971961
2309.210180394618 4.666879112586958
2323.0901643172247 4.685075114744311
2337.0535767451 4.703339961321554
2351.1009191424705 4.721673925198203
2365.232695987726 4.7400772802598965
2379.4494147915266 4.758550301402535
2393.751586115023 4.777093264536443
2408.139723588208 4.7957064465905495
2422.6143439283514 4.814390125516583
2437.1759669585513 4.833144580293269
2451.8251156264187 4.8519700909305365
2466.5623160228474 4.870866938473849
2481.3880974009026 4.889835405008243
2496.302992194841 4.908875773662861
2511.3075360392254 4.92798832861502
2526.4022677881508 4.947173355094603
2541.5877295346236 4.966431139388348
2556.8644666299933 4.985761968844178
2572.2330277035676 5.005166131875534
2587.693964682303 5.024643917965731
2603.2478328106185 5.044195617672334
2618.8951906703533 5.063821522631542
2634.636600200817 5.083521925562582
2650.4726267189644 5.10329712027214
2666.40383893971 5.123147401658777
2682.4308089963497 5.143073065717389
2698.5541124610913 5.163074409543666
2714.7743283657587 5.183151731338572
2731.0920392225453 5.203305330412842
2747.507831044966 5.2235355071914675
2764.022293368892 5.243842563218336
2780.63601927371 5.2642268011605315
2797.3496054036445 5.284688524813206
2814.16365198917 5.3052280391039055
2831.0787628685634 5.325845650097279
2848.095545509605 5.3465416649996556
2865.2146110313834 5.367316392163685
2882.436574226238 5.388170141092958
2899.7620535818514 5.40910322244668
2917.191671303455 5.430115948044339
2934.7260533361614 5.451208630870394
2952.3658293874746 5.472381585078993
2970.111632949866 5.493635125998682
2987.964101323556 5.51496957013716
3005.9238756393884 5.536385235186029
3023.9916008818477 5.557882440025574
3042.16792591224 5.579461504729554
3060.4535034919863 5.601122750570011
3078.848990306054 5.622866500022097
3097.355046986562 5.644693076768897
3115.9723381364934 5.666602805706382
3134.701532353552 5.688596012948149
3153.5433022542097 5.7106730258304115
3172.498324497815 5.73283417291689
3191.567279810932 5.755079784003748
3210.750853011761 5.777410190124532
3230.0497330347525 5.799825723555154
3249.4646129553353 5.822326717818862
3268.9961900148155 5.8449135076912535
3288.6451656454014 5.867586429205299
3308.4122454954145 5.890345819656376
3328.2981394546205 5.913192017607326
3348.3035616797138 5.93612536289354
3368.429230619986 5.959146196628048
3388.6758690431116 5.982254861206631
3409.0442040611138 6.005451700312957
3429.5349671564613 6.02873705892373
3450.1488942083597 6.0521112833138355
3470.8867255191653 6.075574721061629
3491.749205840977 6.099127721053988
3512.7370844023703 6.1227706334916485
3533.8511149353226 6.146503809894418
3555.092055702274 6.170327603106438
3576.4606695233465 6.1942423673014755
3597.95772380376 6.218248457988219
3619.5839905613784 6.242346232015604
3641.340246454442 6.266536047578151
3663.227272809444 6.290818264221334
3685.245855649213 6.315193242846954
3707.39678572113 6.339661345718542
3729.680858525515 6.36422293646678
3752.0988743442176 6.388878380094942
3774.651638269343 6.41362804298435
3797.3399602321724 6.438472292899859
3820.164655032234 6.463411498995355
3843.126542366588 6.4884460318192705
3866.226446859255 6.513576263320137
3889.4651980908125 6.538802566852108
3912.8436306282183 6.5641253171806495
3936.362584054762 6.589544890487991
3960.0229030002256 6.615061664378837
3983.8254371712005 6.640676017886004
4007.771041381626 6.666388331476065
4031.8605755834797 6.692198987055054
4056.0949048976418 6.718108367974152
4080.4748996449944 6.74411685903543
4105.001435377659 6.770224846497587
4129.675392910446 6.796432718081723
4154.497658352475 6.822740862977133
4179.469123139017 6.849149671847109
4204.5906840635 6.875659536834783
4229.8632433097 6.9022708515689795
4255.287708484168 6.928984011170084
4280.86499264881 6.95579941225596
4306.596014353677 6.982717452947845
4332.481697669946 7.009738532876283
4358.522972223126 7.036863053187193
4384.720773226429 7.064091416547693
4411.0760415143595 7.091424027152205
4437.589723576493 7.118861290728477
4464.262771591486 7.146403614543629
4491.096143461262 7.174051407410221
4518.090802845398 7.201805079692355
4545.24771919576 7.229665043311807
4572.567867791298 7.257631711754153
4600.052229773084 7.285705500074946
4627.701792179526 7.313886824905899
4655.517547981842 7.342176104461106
4683.500496119711 7.370573758543266
4711.65164153713 7.399080208549949
4739.9719952185305 7.427695877479875
4768.462574225075 7.456421189939223
4797.124401731182 7.4852565721479545
4825.958507061258 7.514202451946165
4854.965925726691 7.543259258800435
4884.147699463024 7.572427423810381
4913.50487626735 7.601707379714739
4943.038510435979 7.631099560898241
4972.749662602285 7.6606044033977545
5002.6393997748 7.690222344908925
5032.7087953755145 7.719953824792675
5062.95892927846 7.7497992840817345
5093.39088784847 7.779759165487221
5124.0057639802 7.809833913405226
5154.80465713736 7.8400239739234445
5185.788673392229 7.8703297948278
5216.95892546536 7.900751825609125
5248.316532765531 7.93129051746985
5279.862621429967 7.961946323330723
5311.5983243647715 7.992719697837547
5343.524781285619 8.023611097367954
5375.643138758663 8.054620980038202
5407.954550241745 8.08574980570997
5440.460176125804 8.11699803599724
5473.1611837765295 8.148366134273102
5506.058747576323 8.179854565676802
5539.154048966445 8.21146379712045
5572.44827648946 8.24319429729612
5605.9426258318945 8.275046536682758
5639.638299867212 8.307020987553223
5673.536508698996 8.339118123981283
5707.6384697043895 8.371338421848677
5741.945407577849 8.403682358852198
5776.458554375106 8.436150414510795
5811.179149557418 8.468743070172701
5846.108440036067 8.501460809022602
5881.247680217167 8.534304116088812
5916.598132046701 8.567273478250502
5952.161065055818 8.600369384244928
5987.937756406465 8.633592324674693
6023.929490937231 8.66694279201506
6060.1375612094935 8.700421280621262
6096.56326755382 8.73402828673582
6133.207918116704 8.767764308496062
6170.07282890752 8.801629845941314
6207.15932384577 8.835625401020485
6244.468734808668 8.869751477599474
6282.002401678942 8.904008581468679
6319.76167239297 8.938397220350508
6357.7479029891565 8.972917903906916
6395.962457656678 9.007571143747
6434.406708784444 9.042357453434576
6473.082037010396 9.077277348495834
6511.989831271063 9.112331346426993
6551.131488851486 9.147519966701978
6590.508415435376 9.182843730780158
6630.122025155574 9.218303162114072
6669.973740644879 9.253898786157237
6710.064993087111 9.289631130371918
6750.397222268523 9.325500724236994
6790.971876629478 9.361508099255808
6831.79041331651 9.397653788964027
6872.854298234633 9.43393832893776
6914.165006099963 9.470362256801094
6955.724020492725 9.506926112234618
6997.532833910498 9.543630436983003
7039.592947821838 9.580475774863254
7081.905872720159 9.617462671772747
7124.473128178034 9.654591675697331
7167.296242901739 9.691863336719463
7210.376754786132 9.730937126760418
7253.716210969926 9.77382136524724
7297.316167891224 9.816893847692622
7341.17819134343 9.860155404864166
7385.303856531446 9.903606871169064
7429.694748128295 9.947249084670434
7474.352460331992 9.991082887103387
7519.278596922819 10.035109123891145
7564.474771320885 10.079328644161597
7609.942606644117 10.12374230076357
7655.683735766527 10.168350950283171
7701.69980137683 10.21315545306055
7747.992456037481 10.2581566732064
7794.563362243999 10.303355478618492
7841.41419248468 10.348752740998718
7888.546629300633 10.394349335869586
7935.9623653462495 10.440146142591411
7983.6631034499715 10.486144044379147
8031.650556675418 10.53234392831931
8079.926448382952 10.578746685387355
8128.492512291544 10.625353210464727
8177.350492541047 10.672164402356028
8226.5021437548 10.719181163806589
8275.949231102697 10.766404401519768
8325.693530364542 10.813835026174337
8375.736827993813 10.861473952442326
8426.080921181852 10.909322099006344
8476.727617922388 10.957380388577604
8527.678737076474 11.005649747913603
8578.93610843778 11.054131107835856
8630.50157279835 11.102825403248135
8682.37698201469 11.151733573154367
8734.564199074248 11.200856560676618
8787.065098162362 11.250195313073561
8839.881564729545 11.29975078175862
8893.015495559204 11.349523922318172
8946.46879883573 11.399515694530326
9000.243394213072 11.44972706238306
9054.341212883659 11.500158994093137
9108.764197647724 11.550812462124663
9163.514302983125 11.601688443207689
9218.593495115503 11.65278791835734
9274.003752088918 11.704111872892616
9329.747063836838 11.755661296455227
9385.825432253667 11.807437183029
9442.240871266598 11.859440530958894
9498.99540690796 11.91167234297012
9556.091077387937 11.964133626187815
9613.529933167822 12.016825392156104
9671.314037033631 12.06974865685791
9729.445464170156 12.122904440734468
9787.926302235534 12.176293768704806
9846.7586514362 12.22991767018583
9905.944624602318 12.283777179112052
9965.48634726363 12.337873333955356
10025.385957725844 12.3922071777454
10085.645607147353 12.446779758089315
10146.267459616598 12.501592127192282
10207.253692229657 12.556645341877665
10268.606495168497 12.611940463607247
10330.328071779682 12.667478558502015
10392.420638653392 12.723260697362555
10454.886425703065 12.779287955689576
10517.727676245571 12.835561413704928
10580.946647081628 12.892082156372316
10644.545608576918 12.948851273418057
10708.52684474367 13.005869859352403
10772.892653322664 13.063139013490508
10837.645345865589 13.120659839973463
10902.787247818324 13.178433447789908
10968.3206986043 13.23646095079727
11034.248051708491 13.294743467743075
11100.571674761977 13.353282122286863
11167.29394962704 13.412078043021676
11234.417272482566 13.471132363495668
11301.94405391017 13.530446222234305
11369.876718980839 13.590020762762148
11438.21770734187 13.649857133624751
11506.96947330457 13.709956488411173
11576.13448593246 13.770319985775812
11645.715229129803 13.830948789461186
11715.714201730882 13.89184406831991
11786.133917589808 13.953006996337663
11856.976905670665 14.014438752655632
11928.24571013839 14.076140521593093
11999.942890450224 14.138113492670586
12072.07102144748 14.200358860632695
12144.632693448086 14.262877825470897
12217.630512339681 14.325671592447064
12291.06709967306 14.388741372116527
12364.945092756387 14.452088380351237
12439.267144749956 14.51571383836358
12514.035924761462 14.579618972729733
12589.254117941662 14.643805015413152
