2023/2023ApJ...945..101A/VER-Figure_4_UHDM_radius_uu.ecsv
# %ECSV 1.0
# ---
# datatype:
# - {name: mass, unit: TeV, datatype: float64}
# - {name: radius, unit: 1 / GeV, datatype: float64}
# schema: astropy-2.0
# meta: !!omap
# - data_type: table
# - reference_id: 2023ApJ...945..101A
# - file_id: 1
# - telescope: veritas
mass radius
101.13579784701004 1e-05
101.13579784701004 0.0039275857443623755
101.74369541304151 0.009303263829266769
102.35524687273518 0.014673063547633888
102.97047418857241 0.020037147550595706
103.5893994550446 0.02539567813727729
104.2120448994463 0.030748817259908665
104.8384328826741 0.03609672652893528
105.46858590002941 0.0414395672180882
106.10252658202593 0.0467775002694587
106.74027769520309 0.05211068629855043
107.38186214294326 0.057439285599322897
108.02730296629402 0.06276345814920058
108.6766233447962 0.06808336361409136
109.32984659731599 0.07339916135337507
109.98699618288238 0.07871101042487999
110.64809570152984 0.0840190695898557
111.31316889514537 0.08932349731790697
111.98223964832177 0.09462445179194162
112.65533198921517 0.09992209091308667
113.33247009040753 0.10521657230559316
114.0136782697754 0.11050805332174081
114.698980991363 0.11579669104670501
115.38840286626036 0.12108264230342938
116.08196865348788 0.1263660636574788
116.77970326088506 0.13164711142188754
117.48163174600506 0.13692594166197308
118.18777931701483 0.14220271020016173
118.89817133359976 0.1474775726207867
119.61283330787528 0.15275068427487845
120.33179090530263 0.15802220028495081
121.0550699456102 0.16329227554975131
121.78269640372162 0.1685610647490275
122.51469641068807 0.1738287223482643
123.2510962546265 0.1790954026034122
123.99192238166435 0.18436125956561705
124.73720139688896 0.18962644708591245
125.48696006530267 0.19489111881992477
126.24122531278474 0.20015542823255603
127.00002422705785 0.2054195286026656
127.76338405866107 0.21068357302772067
128.53133222192855 0.21594771442845978
129.30389629597354 0.2212121055535299
130.08110402567968 0.22647689898412018
130.8629833226969 0.23174224713859196
131.64956226644347 0.2370083022770754
132.44086910511524 0.24227521650608358
133.23693225669962 0.24754314178310166
134.03778030999575 0.2528122299211661
134.8434420256422 0.258082632593451
135.65394633714894 0.26335450133781474
136.46932235193694 0.26862798756136635
137.28959935238342 0.2739032425450069
138.11480679687287 0.27918041744797517
138.94497432085598 0.2844596633123628
139.78013173791342 0.2897411310676439
140.62030904082604 0.2950249715351824
141.46553640265304 0.3003113354327357
142.31584417781485 0.30560037337895746
143.1712629031831 0.3108922358978693
144.03182329917797 0.31618707342335206
144.89755627087106 0.3214850363036132
145.76849290909482 0.3267862748056473
146.64466449156004 0.33209093911970505
147.52610248397846 0.3373991793637247
148.41283854119297 0.3427111455877846
149.30490450831462 0.3480269877785337
150.20233242186552 0.3533468558636282
151.10515451093042 0.35867089971613886
152.01340319831365 0.3639992691589749
152.92711110170296 0.3693321139692884
153.84631103484196 0.3746695838828747
154.77103600870802 0.38001182859857835
155.7013192326973 0.38535899778266464
156.63719411581837 0.39071124107321537
157.57869426789156 0.39606870808450295
158.52585350075543 0.40143154841135825
159.4787058294821 0.4067999116335501
160.43728547359805 0.41217394732012747
161.40162685831342 0.4175538050337866
162.37176461575817 0.4229396343352161
163.34773358622547 0.4283315847874525
164.32956881942366 0.4337298059602044
165.31730557573462 0.4391344474341995
166.31097932747952 0.4445456588055114
167.3106257601937 0.4499635896898844
168.31628077390778 0.4553883897270675
169.32798048443647 0.4608202085851125
170.34576122467647 0.46625919596470167
171.3696595459107 0.4717055016034505
172.3997122191211 0.4771592752802255
173.4359562363094 0.4826206668194289
174.47842881182476 0.4880898260953074
175.52716738370142 0.49356690303624634
176.58220961500274 0.49905204762905764
177.64359339517304 0.5045454099232796
178.71135684139952 0.5100471400354452
179.78553829998066 0.515557388153376
180.8661763477026 0.5210763045404585
181.95330979322588 0.5266040395399189
183.0469776784784 0.5321407435791089
184.14721928005721 0.5376865671737596
185.2540741106398 0.5432416609322628
186.36758192040273 0.5488061755599326
187.4877826984491 0.5543802618632837
188.61471667424502 0.5599640707542756
189.74842431906345 0.565557753254585
190.8889463474389 0.5711614604998653
192.036323718629 0.5767753437440039
193.19059763808488 0.5823995543633741
194.35180955893202 0.5880342438611068
195.52000118345853 0.593679563871323
196.69521446461212 0.5993356661634002
197.87749160750795 0.6050027026462194
199.06687507094347 0.6106808253724296
200.26340756892358 0.6163701865426776
201.46713207219463 0.6220709385098734
202.67809180978693 0.627783233783431
203.89633027056843 0.6335072250335343
205.1218912048058 0.639243065095364
206.3548186257352 0.6449909069733613
207.59515681114394 0.650750903845473
208.84295030496014 0.6565232090673996
210.09824391885184 0.6623079761768561
211.36108273383735 0.6681053588978041
212.63151210190378 0.6739155111447148
213.90957764763513 0.6797385870268176
215.19532526985193 0.6855747408523478
216.48880114325885 0.6914241271328169
217.79005172010318 0.6972869005872414
219.09912373184318 0.7031632161464157
220.41606419082555 0.7090532289571593
221.74092039197504 0.7149570943865912
223.07373991449234 0.7208749680263666
224.41457062356196 0.7268070056969523
225.7634606720728 0.7327533634518878
227.12045850234648 0.738714197582048
228.4856128478766 0.7446896646199075
229.8589727350801 0.7506799213438253
231.24058748505735 0.7566851247822923
232.63050671536263 0.7627054322182202
234.02878034178747 0.7687410011932106
235.43545858015236 0.7747919895118495
236.85059194811026 0.7808585552459641
238.2742312669612 0.786940856738925
239.7064276634764 0.793039052609923
241.14723257173577 0.799153301758278
242.59669773497433 0.8052837633677079
244.05487520743984 0.8114305969106401
245.52181735626348 0.8175939621525106
246.99757686334 0.8237740191560625
248.48220672721865 0.8299709282856711
249.97576026500826 0.836184850211629
251.47829111429078 0.842415945914481
252.98985323504803 0.8486643766893335
254.51050091159956 0.8549303041501953
256.0402887545513 0.8612138902342813
257.57927170275826 0.8675152972063621
259.1275050252968 0.8738346876630957
260.6850443234486 0.8801722245373661
262.25194553269915 0.886528071102647
263.8282649247457 0.8929023909773283
265.4140591095173 0.8992953481290875
267.0093850372096 0.9057071068792496
268.6143000003289 0.9121378319071545
270.2288616357493 0.9185876882545214
271.85312792678394 0.9250568413298493
273.48715720526644 0.9315454569127704
275.1310081536459 0.9380537011584542
276.7847398070945 0.9445817406020173
278.4484115556269 0.9511297421628944
280.1220831462344 0.957697873149268
281.8058146850299 0.964286301262474
283.49966663940563 0.970895194601419
285.2036998402066 0.9775247216670245
286.9179754839138 0.9841750513666332
288.6425551348417 0.9908463530184657
290.3775007273506 0.9975387963560644
292.1228745680697 1.0042525515327416
293.878739338135 1.0109877891260584
295.64515809544076 1.017744680142266
297.42219427690287 1.024523396020799
299.20991170073864 1.0313241086387475
301.0083745687581 1.0381469903153697
302.8176474686684 1.044992213816558
304.63779537639545 1.0518599523593661
306.4688836584164 1.0587503796165176
308.31097807410606 1.0656636697209214
310.16414477810054 1.0725999972702247
312.028450322672 1.0795595373313192
313.9039616601177 1.0865424654449078
315.7907461451666 1.0935489576300566
317.6888715373972 1.1005791903887587
319.5984060036693 1.1076333407104995
321.5194181205763 1.1147115860768635
323.4519768769029 1.1218141044660896
325.3961516761064 1.12894107435769
327.35201233880804 1.1360926747370736
329.31962910529904 1.1432690851001335
331.2990726380657 1.1504704854578969
333.2904140243255 1.1576970563411573
335.2937247785795 1.1649489788051166
337.3090768451822 1.172226434434065
339.33654260092464 1.179529605346016
341.3761948576321 1.1868586741974054
343.42810686478265 1.1942138241877756
345.4923523121332 1.2015952390644662
347.56900533236944 1.2090031031273467
349.6581405037668 1.2164376012335039
351.7598328528678 1.2238989188019915
353.87415785717855 1.2313872418185647
356.00119144787834 1.2389027568404511
358.14101001254517 1.2464456510010828
360.2936903979017 1.254016112014893
362.45930991257336 1.2616143281820977
364.6379463298641 1.2692404883934918
366.8296778905516 1.276894782135255
369.03458330569543 1.2845773994937928
371.25274175946316 1.29228853116054
373.48423291197753 1.2995923832514256
375.72913690217223 1.3060083984215063
377.98753435067414 1.3124416378622
380.2595063626969 1.318892216333794
382.5451345309529 1.3253602487637237
384.84450093858516 1.3318458502489088
387.1576881621146 1.3383491360580941
389.484779274404 1.3448702216341857
391.825857847644 1.351409222596613
394.18100795635314 1.357966254743635
396.5503141803955 1.3645414340546995
398.93386160802277 1.3711348766927782
401.3317358389242 1.3777466990067015
403.7440229873054 1.3843770175334913
406.170809684979 1.3910259490007202
408.61218308447485 1.3976936103288127
411.06823086217236 1.4043801186334037
413.5390412214477 1.4110855912276687
416.02470289584056 1.4178101456246588
418.52530515224305 1.4245538995396292
421.0409377941043 1.431316970892399
423.5716911646544 1.4380994778096492
426.1176561501513 1.4449015386272828
428.67892418314347 1.4517232718927502
431.2555872457519 1.4585647963673827
433.8477378729782 1.4654262310287502
436.4554691560215 1.4723076950729572
439.0788747456266 1.4792093079170059
441.7180488554454 1.4861311892011253
444.37308626541903 1.493073458791107
447.0440823251844 1.5000362367806355
449.7311329574969 1.5070196434936503
452.4343346616744 1.514023799486647
455.1537845170648 1.5210488255510388
457.8895801865317 1.5280948427154906
460.6418199199595 1.5351619722482577
463.4106025577871 1.5422503356595265
466.19602753455143 1.549360054703749
468.9981948824612 1.5564912513820104
471.81720523499206 1.5636440479443339
474.6531598304949 1.5708185668920487
477.50616051583603 1.5780149309801297
480.37630975005385 1.5852332632195436
483.26371060803615 1.5924736868795877
486.16846678422513 1.5997363254902652
489.0906825963399 1.6070213028445977
492.03046298912113 1.6143287430009954
494.9879135381031 1.62165877028561
497.96314045340347 1.6290115092946833
500.9562505835358 1.636387084896896
503.96735141925217 1.643785622235753
506.9965510973965 1.651207246731898
510.0439584047934 1.6586520840855
513.1096827821533 1.666120260278611
516.193834328001 1.6736119015775233
519.2965238026325 1.681127134535131
522.4178626320918 1.6886660859933231
525.5579629121702 1.6962288830853085
528.7169374124356 1.7038156532380153
531.8948995802807 1.711426524174454
535.0919635449953 1.7190616239160927
538.3082441218688 1.726721080785226
541.5438568163113 1.7344050234073816
544.7989178279997 1.7421135807136545
548.0735440550574 1.7498468819431239
551.3678530982435 1.7576050566452246
554.6819632651833 1.76538823468213
558.0159935746146 1.773196546231171
561.3700637606602 1.7810301217871811
564.7442942771306 1.7888890921649223
568.1388063018495 1.796773588501473
571.553721741003 1.804683742258628
574.9891632335208 1.812619685225299
578.4452541554797 1.8205815495199142
581.9221186245312 1.8285694675928525
585.4198815043657 1.8365835722288104
588.9386684091885 1.8446239965492435
592.4786057082373 1.8526908740147756
596.0398205303183 1.8607843384276168
599.6224407683693 1.8689045239339774
603.2265950840575 1.8770515650265238
606.8524129123971 1.885225596546758
610.5000244663966 1.8934267536874807
614.169560741738 1.901655171995218
617.8611535214803 1.9099109873726556
621.57493538079 1.9181943360810758
625.3110396917053 1.9265053547428281
629.0696006279251 1.9348441803437322
632.850753169624 1.9432109502355575
636.6546331083074 1.9516058021384721
640.4813770516793 1.9600288741434881
644.3311224285545 1.9684803047149595
648.2040074937928 1.976960232692995
652.1001713332605 1.9854687972959593
656.0197538688309 1.9940061381229386
659.9628958634062 2.0025723951562147
663.9297389259709 2.0111677087637436
667.920425516682 2.019792219701635
671.9350989519822 2.028446069116668
675.9739034097448 2.037129398548735
680.0369839344585 2.0458423499333716
684.1244864424278 2.0545850656042437
688.2365577270172 2.063357688295646
692.3733454639272 2.0721603611450448
696.5349982164886 2.080993227695534
700.7216654410056 2.089856431898389
704.9334974921204 2.098750118115579
709.1706456282103 2.1076744311222906
713.4332620168249 2.1166295161094477
717.7214997401478 2.1256155186862835
722.0355128004927 2.1346325848828207
726.3754561258381 2.143680861152456
730.7414855753892 2.1527604943744953
735.1337579451717 2.1618716318567044
739.5524309736719 2.1710144213378704
743.9976633474902 2.1801890109903495
748.4696147070484 2.1893955494226724
752.9684456523206 2.198634185682064
757.4943177485973 2.207905069257048
762.0473935322927 2.217208350080026
766.6278365167805 2.226544178529864
771.2358111982617 2.235912705434469
775.871483061679 2.2453140820734263
780.5350185866558 2.2547484601805468
785.2265852534737 2.2642159919465086
789.9463515490911 2.273716830021458
794.6944869731923 2.283251127517632
799.4711620442708 2.2928190380119684
804.2765483057628 2.3024207155487724
809.1108183321957 2.312056314642294
813.9741457353948 2.3217259902794036
818.8667051707156 2.3314298979222303
823.7886723433126 2.3411681935108093
828.7402240144552 2.3509410334657295
833.7215380078726 2.360748574690836
838.732793216138 2.3705909745758356
843.7741696070975 2.380468390999013
848.8458482303312 2.390380982329897
853.9480112236516 2.400328907431938
859.0808418196541 2.41031232566524
864.2445243522853 2.420331396889194
869.4392442634727 2.4303862814652244
874.6651881097803 2.44047714025949
879.9225435691066 2.450604134645594
885.211499447429 2.4607674265073016
890.5322456855827 2.4709671782413047
895.8849733660783 2.481203552759899
901.2698747199702 2.491476713493761
906.6871431337571 2.50178682439469
912.1369731563243 2.5121340499383567
917.6195605059363 2.522518555127059
923.1351020772624 2.532940505492524
928.6837959484441 2.543400067098625
934.2658413882192 2.5538974065442006
939.8814388630644 2.564432690965831
945.5307900444058 2.5750060880406296
951.2140978158566 2.58561776598905
956.9315662805013 2.5962678935776773
962.683400768231 2.6069566401220867
968.4698078431142 2.6176841754896008
974.2909953108124 2.6284506701021617
980.1471722260491 2.639256294939154
986.0385489001142 2.6501012215402504
991.9653369084126 2.6609856220082464
997.9277490980746 2.6719096690119657
1003.9259995955853 2.682873535789057
1009.9603038144814 2.693877396148908
1016.0308784630935 2.704921424475516
1022.1379415523147 2.7160057957303647
1028.2817124034418 2.727130685455358
1034.4624116560476 2.7382962697756597
1040.6802612759013 2.749502725402646
1046.9354845629464 2.760750229636809
1053.2283061593164 2.7720389603706854
1059.5589520574 2.783369096091788
1065.9276496079622 2.794740815885531
1072.3346275283077 2.8061542994382305
1078.7801159104883 2.8176097270399842
1085.2643462295803 2.82910727958769
1091.7875513519796 2.8406471385879994
1098.3499655437793 2.8522294861602906
1104.9518244791764 2.8638545050397
1111.593365248933 2.8755223785800545
1118.274826368898 2.887233290756916
1124.9964477885683 2.8989874261705886
1131.7584708997035 2.910784970049137
1138.5611385450018 2.922626108251405
1145.4046950268175 2.9345110272701045
1152.289386115931 2.9464399142347855
1159.2154590603818 2.958412956914945
1166.1831625943455 2.9704303437230752
1173.1927469470604 2.9824922637177367
1180.2444638518275 2.994598906606643
1187.3385665550347 3.006750462749735
1194.4753098252645 3.018947123162333
1201.654949962438 3.031189079518165
1208.8777448070161 3.0434765241525406
1216.1439537492674 3.0558096500654597
1223.4538377385784 3.0681886509247476
1230.8076592928223 3.0806137210691875
1238.2056825077939 3.0930850555117275
1245.64817306669 3.10560284994256
1253.1353982496464 3.1181673007323525
1260.6676269433497 3.1307786049354096
1268.2451296506765 3.1434369602928527
1275.8681785004221 3.156142565235876
1283.537047257068 3.1688956188888686
1291.2520113306095 3.181696321072697
1299.0133477864545 3.1945448723079104
1306.8213353553695 3.2074414738179864
