2023/2023ApJ...945..101A/VER-Figure_4_UHDM_radius_ZZ.ecsv
# %ECSV 1.0
# ---
# datatype:
# - {name: mass, unit: TeV, datatype: float64}
# - {name: radius, unit: 1 / GeV, datatype: float64}
# schema: astropy-2.0
# meta: !!omap
# - data_type: table
# - reference_id: 2023ApJ...945..101A
# - file_id: 1
# - telescope: veritas
mass radius
180.8661763477026 1e-05
180.8661763477026 0.0008258686678272511
181.95330979322588 0.0031316653594823268
183.0469776784784 0.005429136341813716
184.14721928005721 0.007718344217850643
185.2540741106398 0.009999351246919162
186.36758192040273 0.012272219346758675
187.4877826984491 0.014537010095644006
188.61471667424502 0.016793784734476618
189.74842431906345 0.019042604168880133
190.8889463474389 0.021283528971268652
192.036323718629 0.023516619382918293
193.19059763808488 0.025741935316008095
194.35180955893202 0.02795953635567008
195.52000118345853 0.030169481762007056
196.69521446461212 0.032371830472110646
197.87749160750795 0.03456664110206933
199.06687507094347 0.0367539719489508
200.26340756892358 0.03893388099279113
201.46713207219463 0.04110642589855351
202.67809180978693 0.04327166401809339
203.89633027056843 0.04542965239209519
205.1218912048058 0.04758044775201469
206.3548186257352 0.049724106521990705
207.59515681114394 0.05186068482076678
208.84295030496014 0.053990238463582106
210.09824391885184 0.05611282296406216
211.36108273383735 0.0582284935361013
212.63151210190378 0.060337305095719926
213.90957764763513 0.06243931226292852
215.19532526985193 0.06453456936356364
216.48880114325885 0.0666231304311304
217.79005172010318 0.06870504920861573
219.09912373184318 0.07078037915031007
220.41606419082555 0.07284917342359822
221.74092039197504 0.07491148491076131
223.07373991449234 0.076967366210748
224.41457062356196 0.07901686964094662
225.7634606720728 0.08106004723895058
227.12045850234648 0.08309695076429736
228.4856128478766 0.08512763170021674
229.8589727350801 0.08715214125535127
231.24058748505735 0.08917053036548347
232.63050671536263 0.09118284969523384
234.02878034178747 0.09318914963977039
235.43545858015236 0.09518948032648651
236.85059194811026 0.09718389161668911
238.2742312669612 0.09917243310725916
239.7064276634764 0.10115515413231362
241.14723257173577 0.10313210376485897
242.59669773497433 0.1051033308184218
244.05487520743984 0.10706888384868798
245.52181735626348 0.10902881115511408
246.99757686334 0.11098316078254788
248.48220672721865 0.11293198052281853
249.97576026500826 0.11487531791634056
251.47829111429078 0.1168132202536851
252.98985323504803 0.11874573457716409
254.51050091159956 0.1206729076823853
256.0402887545513 0.12259478611981084
257.57927170275826 0.12451141619630786
259.1275050252968 0.12642284397667625
260.6850443234486 0.12832911528518567
262.25194553269915 0.130230275707086
263.8282649247457 0.13212637059012686
265.4140591095173 0.13401744504604793
267.0093850372096 0.1359035439520833
268.6143000003289 0.13778471195243372
270.2288616357493 0.13966099345975214
271.85312792678394 0.14153243265660045
273.48715720526644 0.14339907349691747
275.1310081536459 0.14526095970745775
276.7847398070945 0.1471181347892432
278.4484115556269 0.14897064201898597
280.1220831462344 0.15081852445051747
281.8058146850299 0.15266182491620756
283.49966663940563 0.15450058602836256
285.2036998402066 0.15633485018063623
286.9179754839138 0.15816465954940961
288.6425551348417 0.15999005609518466
290.3775007273506 0.16181108156394944
292.1228745680697 0.16362777748855512
293.878739338135 0.1654401851900645
295.64515809544076 0.16724834577911424
297.42219427690287 0.16905230015724795
299.20991170073864 0.17085208901825655
301.0083745687581 0.17264775284950984
302.8176474686684 0.1744393319332659
304.63779537639545 0.17622686634799611
306.4688836584164 0.17801039596967738
308.31097807410606 0.17978996047310036
310.16414477810054 0.18156559933314867
312.028450322672 0.18333735182609137
313.9039616601177 0.18510525703084763
315.7907461451666 0.1868693538302586
317.6888715373972 0.1886296809123512
319.5984060036693 0.19038627677158
321.5194181205763 0.19213917971008543
323.4519768769029 0.1938884278389183
325.3961516761064 0.1956340590792835
327.35201233880804 0.19737611116375176
329.31962910529904 0.19911462163748683
331.2990726380657 0.20084962785944488
333.2904140243255 0.2025811670035876
335.2937247785795 0.20430927606006738
337.3090768451822 0.20603399183642096
339.33654260092464 0.20775535095875483
341.3761948576321 0.20947338987290978
343.42810686478265 0.2111881448456416
345.4923523121332 0.21289965196576902
347.56900533236944 0.21460794714534126
349.6581405037668 0.21631306612077386
351.7598328528678 0.21801504445400097
353.87415785717855 0.21971391753359878
356.00119144787834 0.22140972057592584
358.14101001254517 0.22310248862623094
360.2936903979017 0.22479225655978238
362.45930991257336 0.22647905908296434
364.6379463298641 0.22816293073438404
366.8296778905516 0.22984390588597262
369.03458330569543 0.23152201874406342
371.25274175946316 0.23319730335048705
373.48423291197753 0.23501609076079766
375.72913690217223 0.23713888626801083
377.98753435067414 0.23926164699970665
380.2595063626969 0.24138441852394374
382.5451345309529 0.24350724629919726
384.84450093858516 0.24563017567559325
387.1576881621146 0.24775325189613642
389.484779274404 0.24987652009794642
391.825857847644 0.25200002531347643
394.18100795635314 0.2541238124717255
396.5503141803955 0.2562479263994588
398.93386160802277 0.25837241182241055
401.3317358389242 0.2604973133664863
403.7440229873054 0.2626226755589554
406.170809684979 0.2647485428296514
408.61218308447485 0.266874959512154
411.06823086217236 0.26900196984496694
413.5390412214477 0.27112961797270385
416.02470289584056 0.2732579479472558
418.52530515224305 0.2753870037289541
421.0409377941043 0.2775168291877424
423.5716911646544 0.27964746810432933
426.1176561501513 0.2817789641713376
428.67892418314347 0.28391136099446135
431.2555872457519 0.2860447020936037
433.8477378729782 0.28817903090402036
436.4554691560215 0.29031439077744564
439.0788747456266 0.2924508249832345
441.7180488554454 0.29458837670948207
444.37308626541903 0.29672708906414036
447.0440823251844 0.298867005076145
449.7311329574969 0.3010081676965228
452.4343346616744 0.30315061979949415
455.1537845170648 0.30529440418358783
457.8895801865317 0.30743956357273466
460.6418199199595 0.30958614061735773
463.4106025577871 0.3117341778954743
466.19602753455143 0.31388371791377656
468.9981948824612 0.3160348031087093
471.81720523499206 0.31818747584756013
474.6531598304949 0.32034177842952477
477.50616051583603 0.32249775308678325
480.37630975005385 0.3246554419855577
483.26371060803615 0.326814887227186
486.16846678422513 0.328976130849175
489.0906825963399 0.33113921482624975
492.03046298912113 0.33330418107141446
494.9879135381031 0.33547107143699456
497.96314045340347 0.33763992771567414
500.9562505835358 0.33981079164154526
503.96735141925217 0.3419837048911395
506.9965510973965 0.34415870908445256
510.0439584047934 0.34633584578598425
513.1096827821533 0.3485151565057572
516.193834328001 0.3506966827003319
519.2965238026325 0.35288046577383475
522.4178626320918 0.3550665470789648
525.5579629121702 0.35725496791800654
528.7169374124356 0.35944576954382995
531.8948995802807 0.361638993160904
535.0919635449953 0.36383467992629054
538.3082441218688 0.3660328709506356
541.5438568163113 0.3682336072991723
544.7989178279997 0.37043692999270517
548.0735440550574 0.37264288000859097
551.3678530982435 0.3748514982817313
554.6819632651833 0.3770628257055462
558.0159935746146 0.3792769031329531
561.3700637606602 0.38149377137733176
564.7442942771306 0.38371347121350696
568.1388063018495 0.3859360433787083
571.553721741003 0.3881615285735277
574.9891632335208 0.39038996746289223
578.4452541554797 0.3926214006770151
581.9221186245312 0.39485586881234397
585.4198815043657 0.3970934124325241
588.9386684091885 0.3993340720693408
592.4786057082373 0.4015778882236582
596.0398205303183 0.4038249013663742
599.6224407683693 0.4060751519393532
603.2265950840575 0.4083286803563574
606.8524129123971 0.4105855270039915
610.5000244663966 0.4128457322426286
614.169560741738 0.4151093364073311
617.8611535214803 0.41737637980878906
621.57493538079 0.41964690273423355
625.3110396917053 0.42192094544836156
629.0696006279251 0.4241985481942441
632.850753169624 0.4264797511942529
636.6546331083074 0.4287645946509669
640.4813770516793 0.4310531187480738
644.3311224285545 0.43334536365129
648.2040074937928 0.4356413695092583
652.1001713332605 0.4379411764544423
656.0197538688309 0.4402448246040385
659.9628958634062 0.4425523540608665
663.9297389259709 0.4448638049142559
667.920425516682 0.4471792172409514
671.9350989519822 0.4494986311059947
675.9739034097448 0.4518220865636048
680.0369839344585 0.45414962365807626
684.1244864424278 0.4564812824246535
688.2365577270172 0.4588171028904038
692.3733454639272 0.4611571250751091
696.5349982164886 0.46350138899213106
700.7216654410056 0.4658499346492885
704.9334974921204 0.4682028020497199
709.1706456282103 0.47056003119276424
713.4332620168249 0.4729216620748209
717.7214997401478 0.4752877346902074
722.0355128004927 0.4776582890320336
726.3754561258381 0.48003336509305444
730.7414855753892 0.4824130028665309
735.1337579451717 0.4847972423470763
739.5524309736719 0.48718612353152535
743.9976633474902 0.4895796864197768
748.4696147070484 0.49197797101563845
752.9684456523206 0.4943810173276869
757.4943177485973 0.4967888653701071
762.0473935322927 0.49920155516352965
766.6278365167805 0.501619126735886
771.2358111982617 0.5040416201232424
775.871483061679 0.5064690753706296
780.5350185866558 0.5089015325328954
785.2265852534737 0.5113390316755306
789.9463515490911 0.5137816128754955
794.6944869731923 0.5162293162220651
799.4711620442708 0.518682181817648
804.2765483057628 0.5211402497786211
809.1108183321957 0.5236035602361431
813.9741457353948 0.5260721533369949
818.8667051707156 0.5285460692443948
823.7886723433126 0.531025348138812
828.7402240144552 0.5335100302187998
833.7215380078726 0.5360001557018074
838.732793216138 0.5384957648249876
843.7741696070975 0.5409968978460273
848.8458482303312 0.5435035950439522
853.9480112236516 0.5460158967199311
859.0808418196541 0.548533843198102
864.2445243522853 0.5510574748263694
869.4392442634727 0.5535868319772178
874.6651881097803 0.5561219550485066
879.9225435691066 0.55866288446429
885.211499447429 0.5612096606756124
890.5322456855827 0.5637623241613028
895.8849733660783 0.5663209154287895
901.2698747199702 0.5688854750148928
906.6871431337571 0.5714560434866143
912.1369731563243 0.5740326614419483
917.6195605059363 0.5766153695106706
923.1351020772624 0.5792042083551235
928.6837959484441 0.5817992186710248
934.2658413882192 0.5844004411882515
939.8814388630644 0.587007916671622
945.5307900444058 0.5896216859217012
951.2140978158566 0.5922417897755785
956.9315662805013 0.5948682691076596
962.683400768231 0.5975011648304417
968.4698078431142 0.6001405178953151
974.2909953108124 0.6027863692933374
980.1471722260491 0.6054387600560102
986.0385489001142 0.6080977312560749
991.9653369084126 0.610763324008284
997.9277490980746 0.6134355794701858
1003.9259995955853 0.6161145388428921
1009.9603038144814 0.6188002433718723
1016.0308784630935 0.6214927343477227
1022.1379415523147 0.6241920531069335
1028.2817124034418 0.6268982410326809
1034.4624116560476 0.6296113395555928
1040.6802612759013 0.632331390154514
1046.9354845629464 0.6350584343572953
1053.2283061593164 0.6377925137415567
1059.5589520574 0.6405336699354505
1065.9276496079622 0.6432819446184478
1072.3346275283077 0.6460373795220998
1078.7801159104883 0.6488000164307973
1085.2643462295803 0.6515698971825569
1091.7875513519796 0.654347063669778
1098.3499655437793 0.6571315578400027
1104.9518244791764 0.6599234216966976
1111.593365248933 0.6627226973000105
1118.274826368898 0.6655294267675272
1124.9964477885683 0.6683436522750518
1131.7584708997035 0.6711654160573591
1138.5611385450018 0.6739947604089637
1145.4046950268175 0.6768317276848691
1152.289386115931 0.6796763603013488
1159.2154590603818 0.6825287007366975
1166.1831625943455 0.6853887915319834
1173.1927469470604 0.6882566752918261
1180.2444638518275 0.6911323946851475
1187.3385665550347 0.6940159924459223
1194.4753098252645 0.6969075113739539
1201.654949962438 0.6998069943356253
1208.8777448070161 0.7027144842646469
1216.1439537492674 0.705630024162833
1223.4538377385784 0.7085536571008498
1230.8076592928223 0.7114854262189626
1238.2056825077939 0.7144253747278119
1245.64817306669 0.7173735459091564
1253.1353982496464 0.7203299831166357
1260.6676269433497 0.7232947297765133
1268.2451296506765 0.7262678293884516
1275.8681785004221 0.7292493255262559
1283.537047257068 0.732239261838622
1291.2520113306095 0.735237682049908
1299.0133477864545 0.7382446299608812
1306.8213353553695 0.7412601494494617
1314.676254443486 0.7442842844714957
1322.5783871423782 0.7473170790614979
1330.52801723919 0.75035857733341
1338.5254302268222 0.7534088234813436
1346.5709133141938 0.7564678617803521
1354.6647554365522 0.7595357365871747
1362.8072472658441 0.7626124923409808
1370.9986812211696 0.7656981735641425
1379.2393514792643 0.7687928248629782
1387.5295539850797 0.771896490928497
1395.8695864624046 0.7750092165371714
1404.2597484245548 0.7781310465516803
1412.700341185136 0.7812620259216535
1421.1916678688622 0.7844021996844452
1429.7340334224361 0.7875516129658765
1438.3277446255104 0.7907103109809808
1446.9731101016991 0.7938783390347759
1455.6704403296576 0.7970557425230055
1464.4200476542464 0.8002425669329002
1473.222246297731 0.8034388578439178
1482.0773523710743 0.8066446609285167
1490.9856838852984 0.809860021952903
1499.9475607628858 0.8130849867777726
1508.9633048492847 0.8163196013590879
1518.0332399244624 0.8195639117488216
1527.157691714527 0.8228179640957021
1536.3369879034358 0.8260818046459912
1545.571458144758 0.8293554797442277
1554.8614340735087 0.8326390358339737
1564.2072493180685 0.8359325194585923
1573.6092395121602 0.8392359772619945
1583.0677423068953 0.8425494559893838
1592.5830973829193 0.8458730024880374
1602.155646462586 0.8492066637080473
1611.7857333222487 0.8525504867030879
1621.4737038045994 0.8559045186311585
1631.219905831084 0.8592688067553649
1641.0246894144066 0.8629641425964363
1650.8884066710953 0.8673610687623456
1660.811411834142 0.8717767914807371
1670.7940612657342 0.8762114110566175
1680.8367134700475 0.8806650281987086
1690.9397291061157 0.8851377440217663
1701.1034710007934 0.8896296600489098
1711.328304161781 0.8941408782139584
1721.6145957907256 0.8986715008637757
1731.9627152964279 0.9032216307606253
1742.3730343080842 0.9077913710845316
1752.8459266886514 0.912380825435652
1763.3817685482675 0.9169900978366573
1773.9809382577516 0.9216192927351198
1784.6438164622052 0.9262685150059121
1795.3707860946747 0.9309378699536138
1806.1622323898998 0.9356274633149267
1817.018542898158 0.9403374012611002
1827.9401074991779 0.9450677904003666
1838.9273184161332 0.9498187377803811
1849.9805702297488 0.9545903508906781
1861.1002598924451 0.959382737665131
1872.286786742615 0.9641960064844234
1883.540552518957 0.9690302661785299
1894.861961374896 0.9738856260292065
1906.251419893112 0.97876219577249
1917.7093371001329 0.9836600856012072
1929.236124481019 0.9885794061674935
1940.8321959941527 0.9935202685853222
1952.4979680860986 0.9984827844330416
1964.233859706553 1.0034670657559244
1976.040292323402 1.0084732250687247
1987.917689937851 1.0135013753582478
1999.8664790996445 1.0185516300859254
2011.8870889224058 1.0236241031904052
2023.9799510990201 1.0287189090901505
2036.1454999171604 1.033836162686045
2048.3841722748743 1.0389759793640154
2060.6964076962695 1.0441384749976574
2073.0826483473106 1.0493237659508754
2085.5433390516914 1.0545319690805346
2098.078927306804 1.0597632017391176
2110.6898632998223 1.0650175817773977
2123.376599923863 1.0702952275471198
2136.1395927942413 1.0755962579036915
2148.979300264858 1.080920792208887
2161.8961834446313 1.0862689503335596
2174.8907062140693 1.0916408526603676
2187.963335241943 1.0970366200865072
2201.114540002016 1.1024563740264626
2214.3447927899315 1.1079002364147592
2227.6545687401613 1.1133683297087353
2241.0443458430645 1.1188607768913206
2254.5146049620676 1.1243777014738259
2268.0658298509243 1.129919227498748
