2023/2023ApJ...945..101A/VER-Figure_4_UHDM_radius_gamma.ecsv
# %ECSV 1.0
# ---
# datatype:
# - {name: mass, unit: TeV, datatype: float64}
# - {name: radius, unit: 1 / GeV, datatype: float64}
# schema: astropy-2.0
# meta: !!omap
# - data_type: table
# - reference_id: 2023ApJ...945..101A
# - file_id: 1
# - telescope: veritas
mass radius
101.13579784701004 1e-05
101.13579784701004 0.0031322110671669636
101.74369541304151 0.006902063865116816
102.35524687273518 0.010655606414636736
102.97047418857241 0.014392946357771165
103.5893994550446 0.01811419071013563
104.2120448994463 0.02181944586469734
104.8384328826741 0.025508817595519987
105.46858590002941 0.02918241106148082
106.10252658202593 0.03284033080998557
106.74027769520309 0.03648268078064558
107.38186214294326 0.04010956430892935
108.02730296629402 0.043721084129810774
108.6766233447962 0.04731734238138182
109.32984659731599 0.0508984406084378
109.98699618288238 0.05446447976606328
110.64809570152984 0.05801556022317749
111.31316889514537 0.06155178176605648
111.98223964832177 0.06507324360185743
112.65533198921517 0.06858004436209705
113.33247009040753 0.0720722821061217
114.0136782697754 0.07555005432454845
114.698980991363 0.07901345794270292
115.38840286626036 0.08246258932401673
116.08196865348788 0.0858975442734095
116.77970326088506 0.08931841804066516
117.48163174600506 0.09272530532377096
118.18777931701483 0.0961183002722371
118.89817133359976 0.09949749649041274
119.61283330787528 0.10286298704076847
120.33179090530263 0.10621486444715458
121.0550699456102 0.1095532206980586
121.78269640372162 0.11287814724982996
122.51469641068807 0.11618973502987928
123.2510962546265 0.11948807443987966
123.99192238166435 0.12277325535893249
124.73720139688896 0.1260453671467104
125.48696006530267 0.12930449864660198
126.24122531278474 0.13255073818881874
127.00002422705785 0.13578417359349287
127.76338405866107 0.13900489217374565
128.53133222192855 0.1422129807387595
129.30389629597354 0.14540852559680933
130.08110402567968 0.1485916125582807
130.8629833226969 0.15176232693868547
131.64956226644347 0.15492075356164065
132.44086910511524 0.15806697676183137
133.23693225669962 0.1612010803879744
134.03778030999575 0.16432314780574278
134.8434420256422 0.1674332619006775
135.65394633714894 0.17053150508109677
136.46932235193694 0.17361795928097115
137.28959935238342 0.1766927059627808
138.11480679687287 0.17975582612037364
138.94497432085598 0.18280740028178855
139.78013173791342 0.18584750851207196
140.62030904082604 0.18887623041606333
141.46553640265304 0.19189364514119012
142.31584417781485 0.1948998313802233
143.1712629031831 0.19789486737401552
144.03182329917797 0.2008788309142471
144.89755627087106 0.20385179934613148
145.76849290909482 0.20681384957110543
146.64466449156004 0.2097650580495262
147.52610248397846 0.21270550080332865
148.41283854119297 0.21563525341866874
149.30490450831462 0.2185543910485711
150.20233242186552 0.22146298841553938
151.10515451093042 0.22436111981415371
152.01340319831365 0.22724885911367115
152.92711110170296 0.2301262797605885
153.84631103484196 0.23299345478119488
154.77103600870802 0.2358504567841249
155.7013192326973 0.23869735796287742
156.63719411581837 0.24153423009832095
157.57869426789156 0.24436114456120342
158.52585350075543 0.2471781723146218
159.4787058294821 0.24998538391649672
160.43728547359805 0.2527828495220125
161.40162685831342 0.2555706388860687
162.37176461575817 0.2583488213656963
163.34773358622547 0.26111746592245777
164.32956881942366 0.26387664112485637
165.31730557573462 0.2666264151507079
166.31097932747952 0.26936685578949865
167.3106257601937 0.27209803044475167
168.31628077390778 0.2748527909747528
169.32798048443647 0.2777757403351814
170.34576122467647 0.2806903899034313
171.3696595459107 0.2835968076656581
172.3997122191211 0.2864950612387344
173.4359562363094 0.2893852178725501
174.47842881182476 0.29226734445226116
175.52716738370142 0.29514150750055235
176.58220961500274 0.2980077731798837
177.64359339517304 0.3008662072947002
178.71135684139952 0.30371687529366603
179.78553829998066 0.30655984227184846
180.8661763477026 0.30939517297291114
181.95330979322588 0.3122229317912988
183.0469776784784 0.31504318277438076
184.14721928005721 0.31785598962461953
185.2540741106398 0.32066141570168893
186.36758192040273 0.3234595240246168
187.4877826984491 0.32625037727387945
188.61471667424502 0.32903403779350887
189.74842431906345 0.3318105675931843
190.8889463474389 0.3345800283502922
192.036323718629 0.33734248141200657
193.19059763808488 0.3400979877973211
194.35180955893202 0.3428466081990953
195.52000118345853 0.3455884029860877
196.69521446461212 0.34832343220495054
197.87749160750795 0.3510517555822544
199.06687507094347 0.35377343252645654
200.26340756892358 0.356488522129899
201.46713207219463 0.3591970831707598
202.67809180978693 0.36189917411501277
203.89633027056843 0.3645948531183809
205.1218912048058 0.3672841780282507
206.3548186257352 0.36996720638561137
207.59515681114394 0.37264399542694854
208.84295030496014 0.37531460208614975
210.09824391885184 0.37797908299639743
211.36108273383735 0.3806374944920292
212.63151210190378 0.3832898926104218
213.90957764763513 0.3859363330938246
215.19532526985193 0.3885768713912233
216.48880114325885 0.3912115626601546
217.79005172010318 0.3938404617685339
219.09912373184318 0.39646362329647483
220.41606419082555 0.39908110153807025
221.74092039197504 0.40169295050320286
223.07373991449234 0.40429922391930606
224.41457062356196 0.40689997523313876
225.7634606720728 0.409495257612553
227.12045850234648 0.4120851239482223
228.4856128478766 0.41466962685539893
229.8589727350801 0.41724881867562225
231.24058748505735 0.4198227514784552
232.63050671536263 0.42239147706317237
234.02878034178747 0.4249550469604663
235.43545858015236 0.42751351243414104
236.85059194811026 0.43006692448277034
238.2742312669612 0.43261533384138723
239.7064276634764 0.43515879098312127
241.14723257173577 0.43769734612085515
242.59669773497433 0.4402310492088703
244.05487520743984 0.4427599499444556
245.52181735626348 0.4452840977695486
246.99757686334 0.44780354187232596
248.48220672721865 0.45031833118881004
249.97576026500826 0.45282851440446825
251.47829111429078 0.4553341399557753
252.98985323504803 0.4578352560318063
254.51050091159956 0.4603319105757772
256.0402887545513 0.46282415128662024
257.57927170275826 0.4653120256205094
259.1275050252968 0.4677955807924037
260.6850443234486 0.47027486377758043
262.25194553269915 0.47274992131313504
263.8282649247457 0.47522079989951055
265.4140591095173 0.477687545801977
267.0093850372096 0.4801502050521318
268.6143000003289 0.4826088234493894
270.2288616357493 0.4850634465624346
271.85312792678394 0.4875141197307108
273.48715720526644 0.48996088806585253
275.1310081536459 0.492403796453156
276.7847398070945 0.49484288955299843
278.4484115556269 0.49727821180227644
280.1220831462344 0.49970980741583854
281.8058146850299 0.5021377203878779
283.49966663940563 0.5045619944933601
285.2036998402066 0.5069826732894026
286.9179754839138 0.5093998001166716
288.6425551348417 0.5118134181007714
290.3775007273506 0.5142235701535979
292.1228745680697 0.5166302989747262
293.878739338135 0.5190336470527459
295.64515809544076 0.5214336566666317
297.42219427690287 0.5238303698870652
299.20991170073864 0.5262553095404815
301.0083745687581 0.5289653724893187
302.8176474686684 0.531673695378049
304.63779537639545 0.5343803242794113
306.4688836584164 0.5370853050789491
308.31097807410606 0.5397886834763246
310.16414477810054 0.5424905049866718
312.028450322672 0.5451908149418944
313.9039616601177 0.547889658492001
315.7907461451666 0.5505870806063905
317.6888715373972 0.5532831260751732
319.5984060036693 0.5559778395104391
321.5194181205763 0.558671265347568
323.4519768769029 0.561363447846481
325.3961516761064 0.5640544310929366
327.35201233880804 0.566744258999773
329.31962910529904 0.5694329753081725
331.2990726380657 0.5721206235889212
333.2904140243255 0.5748072472436313
335.2937247785795 0.5774928895059978
337.3090768451822 0.5801775934430072
339.33654260092464 0.5828614019561812
341.3761948576321 0.585544357782769
343.42810686478265 0.58822650349698
345.4923523121332 0.590907881511161
347.56900533236944 0.5935885340770171
349.6581405037668 0.596268503286775
351.7598328528678 0.5989478310743908
353.87415785717855 0.6016265592167002
356.00119144787834 0.6043047293346134
358.14101001254517 0.6069823828942559
360.2936903979017 0.6096595612081344
362.45930991257336 0.6123363054362969
364.6379463298641 0.6150126565874534
366.8296778905516 0.6176886555201402
369.03458330569543 0.6203643429438256
371.25274175946316 0.6230397594200594
373.48423291197753 0.6257149453635691
375.72913690217223 0.6283899410433951
377.98753435067414 0.6310647865839754
380.2595063626969 0.6337395219662691
382.5451345309529 0.6364141870288316
384.84450093858516 0.6390888214689109
387.1576881621146 0.6417634648435419
389.484779274404 0.6444381565705999
391.825857847644 0.6471129359298987
394.18100795635314 0.64978784206423
396.5503141803955 0.6524629139804476
398.93386160802277 0.6551381905504983
401.3317358389242 0.6578137105124932
403.7440229873054 0.6604895124717262
406.170809684979 0.6631656349017367
408.61218308447485 0.6658421161453146
411.06823086217236 0.6685189944155523
413.5390412214477 0.6711963077968423
416.02470289584056 0.6738740942459016
418.52530515224305 0.6765523915927913
421.0409377941043 0.6792312375418977
423.5716911646544 0.6819106696729561
426.1176561501513 0.6845907254420192
428.67892418314347 0.68727144218247
431.2555872457519 0.6899528571059788
433.8477378729782 0.6926350073035068
436.4554691560215 0.6953179297462515
439.0788747456266 0.6980016612866407
441.7180488554454 0.7006862386592674
444.37308626541903 0.7033716984818722
447.0440823251844 0.7060580772562702
449.7311329574969 0.7087454113693225
452.4343346616744 0.7114337370938547
455.1537845170648 0.7141230905896038
457.8895801865317 0.7168135079041598
460.6418199199595 0.7195050249738674
463.4106025577871 0.7221976776247773
466.19602753455143 0.7248915015735331
468.9981948824612 0.727586532428312
471.81720523499206 0.7302828056897047
474.6531598304949 0.7329803567516446
477.50616051583603 0.7356792209022781
480.37630975005385 0.7383794333248854
483.26371060803615 0.7410810290987404
486.16846678422513 0.7437840432000226
489.0906825963399 0.7464885105026715
492.03046298912113 0.7491944657792712
494.9879135381031 0.7519019437019304
497.96314045340347 0.7546109788431246
500.9562505835358 0.7573216056765821
503.96735141925217 0.7600338585781151
506.9965510973965 0.7627477718264969
510.0439584047934 0.7654633796042829
513.1096827821533 0.7681807159986814
516.193834328001 0.7708998150023627
519.2965238026325 0.7736207105143232
522.4178626320918 0.7763434363406896
525.5579629121702 0.7790680261955544
528.7169374124356 0.7817945137018094
531.8948995802807 0.7845421357672406
535.0919635449953 0.7877424115946629
538.3082441218688 0.7909472565131163
541.5438568163113 0.7941567143740051
544.7989178279997 0.7973708289804272
548.0735440550574 0.8005896440881028
551.3678530982435 0.8038132034063001
554.6819632651833 0.8070415505987557
558.0159935746146 0.8102747292846085
561.3700637606602 0.813512783039293
564.7442942771306 0.816755755395468
568.1388063018495 0.8200036898439211
571.553721741003 0.8232566298344745
574.9891632335208 0.8265146187768865
578.4452541554797 0.8297777000417518
581.9221186245312 0.8330459169613919
585.4198815043657 0.8363193128307617
588.9386684091885 0.839597930908317
592.4786057082373 0.8428818144169139
596.0398205303183 0.8461710065446877
599.6224407683693 0.84946555044593
603.2265950840575 0.8527654892419635
606.8524129123971 0.8560708660220269
610.5000244663966 0.8593817238441219
614.169560741738 0.8626981057358954
617.8611535214803 0.8660200546954976
621.57493538079 0.8693476136924421
625.3110396917053 0.8726808256684622
629.0696006279251 0.876019733538365
632.850753169624 0.8793643801908779
636.6546331083074 0.882714808489512
640.4813770516793 0.8860710612733828
644.3311224285545 0.8894331813580678
648.2040074937928 0.8928012115364413
652.1001713332605 0.89617519457951
656.0197538688309 0.8995551732372414
659.9628958634062 0.9029411902394117
663.9297389259709 0.9063332882964057
667.920425516682 0.9097315101000611
671.9350989519822 0.9131358983244828
675.9739034097448 0.9165464956268632
680.0369839344585 0.9199633446482977
684.1244864424278 0.9233864880145948
688.2365577270172 0.9268159683371017
692.3733454639272 0.9302518282134888
696.5349982164886 0.9336941102285706
700.7216654410056 0.9371428569551052
704.9334974921204 0.9405981109545927
709.1706456282103 0.9440599147780737
713.4332620168249 0.9475283109669206
717.7214997401478 0.9510033420536447
722.0355128004927 0.9544850505626625
726.3754561258381 0.9579734790110991
730.7414855753892 0.9614686699095686
735.1337579451717 0.9649706657629566
739.5524309736719 0.9684795090712007
743.9976633474902 0.971995242330062
748.4696147070484 0.975517908031919
752.9684456523206 0.9790475486665138
757.4943177485973 0.9825842067217391
762.0473935322927 0.9861279246844036
766.6278365167805 0.989678745040995
771.2358111982617 0.9932367102784456
775.871483061679 0.9968018628848879
780.5350185866558 1.000374245350432
785.2265852534737 1.0039539001678943
789.9463515490911 1.0075408698335706
794.6944869731923 1.0111351968479843
799.4711620442708 1.0147369237166342
804.2765483057628 1.0183460929507413
809.1108183321957 1.0219627470680088
813.9741457353948 1.0255869285933423
818.8667051707156 1.0292186800596066
823.7886723433126 1.032858044008362
828.7402240144552 1.036505062990601
833.7215380078726 1.0401597795674844
838.732793216138 1.0438222363110696
843.7741696070975 1.0474924758050606
848.8458482303312 1.0511705406455092
853.9480112236516 1.0548564734415617
859.0808418196541 1.0585503168161792
864.2445243522853 1.0622521134068608
869.4392442634727 1.0659619058663667
874.6651881097803 1.0696797368634314
879.9225435691066 1.0734056490835018
885.211499447429 1.0771396852294244
890.5322456855827 1.0808818880221787
895.8849733660783 1.0846323002015843
901.2698747199702 1.0883909645270124
906.6871431337571 1.0921579237780945
912.1369731563243 1.0959332207554238
917.6195605059363 1.09971689828128
923.1351020772624 1.103508999200306
928.6837959484441 1.1073095663802264
934.2658413882192 1.1111186427125448
939.8814388630644 1.114936271113241
945.5307900444058 1.1187624945234649
951.2140978158566 1.1231045477737256
956.9315662805013 1.1274671979869144
962.683400768231 1.1318419136581297
968.4698078431142 1.1362287540098028
974.2909953108124 1.1406277783627117
980.1471722260491 1.1450390461369517
986.0385489001142 1.1494626168529036
991.9653369084126 1.153898550132203
997.9277490980746 1.1583469056987128
1003.9259995955853 1.162807743379473
1009.9603038144814 1.1672811231056959
1016.0308784630935 1.1717671049137144
1022.1379415523147 1.1762657489459556
1028.2817124034418 1.1807771154519058
1034.4624116560476 1.1853012647890762
1040.6802612759013 1.189838257423976
1046.9354845629464 1.1943881539330574
1053.2283061593164 1.198951015003712
1059.5589520574 1.2035269014352155
1065.9276496079622 1.2081158741396982
1072.3346275283077 1.2127179941431119
1078.7801159104883 1.2173333225861929
1085.2643462295803 1.2219619207254282
1091.7875513519796 1.2266038499340262
1098.3499655437793 1.2312591717028587
1104.9518244791764 1.2359279476414609
1111.593365248933 1.2406102394789702
1118.274826368898 1.245306109065101
1124.9964477885683 1.2500156183711075
1131.7584708997035 1.254738829490748
1138.5611385450018 1.259475804641252
1145.4046950268175 1.2642266061642877
1152.289386115931 1.2689912965269083
1159.2154590603818 1.2737699383225491
1166.1831625943455 1.2785625942719703
1173.1927469470604 1.2833693272242275
1180.2444638518275 1.2881902001576397
1187.3385665550347 1.2930252761807541
1194.4753098252645 1.2978746185333114
1201.654949962438 1.302738290587219
1208.8777448070161 1.3076163558474942
1216.1439537492674 1.3125088779532663
1223.4538377385784 1.3174159206787195
1230.8076592928223 1.3223375479340673
1238.2056825077939 1.3272738237665203
1245.64817306669 1.3322248123612594
1253.1353982496464 1.337190578042376
1260.6676269433497 1.3421711852739044
1268.2451296506765 1.3471666986607111
1275.8681785004221 1.3521771829495257
1283.537047257068 1.3572027030298857
