2023/2023ApJ...945..101A/VER-Figure_4_UHDM_radius_ttbar.ecsv
# %ECSV 1.0
# ---
# datatype:
# - {name: mass, unit: TeV, datatype: float64}
# - {name: radius, unit: 1 / GeV, datatype: float64}
# schema: astropy-2.0
# meta: !!omap
# - data_type: table
# - reference_id: 2023ApJ...945..101A
# - file_id: 1
# - telescope: veritas
mass radius
178.71135684139952 1e-05
178.71135684139952 0.0004596281115083229
179.78553829998066 0.002785757284683939
180.8661763477026 0.005103427367117661
181.95330979322588 0.007412701602946755
183.0469776784784 0.009713642888100196
184.14721928005721 0.01200631377245628
185.2540741106398 0.01429077646197726
186.36758192040273 0.01656709282082926
187.4877826984491 0.018835324373503055
188.61471667424502 0.021095532306904148
189.74842431906345 0.023347777472446922
190.8889463474389 0.025592120388127398
192.036323718629 0.02782862124058204
193.19059763808488 0.03005733988714474
194.35180955893202 0.03227833585787795
195.52000118345853 0.03449166835760721
196.69521446461212 0.036697396267925425
197.87749160750795 0.038895578149205134
199.06687507094347 0.04108627224258467
200.26340756892358 0.04326953647194367
201.46713207219463 0.04544542844587895
202.67809180978693 0.04761400545964975
203.89633027056843 0.049775324497131804
205.1218912048058 0.05192944223274568
206.3548186257352 0.05407641503337371
207.59515681114394 0.05621629896028002
208.84295030496014 0.058349149770999136
210.09824391885184 0.06047502292123209
211.36108273383735 0.06259397356671534
212.63151210190378 0.06470605656509323
213.90957764763513 0.06681132647776912
215.19532526985193 0.06890983757174561
216.48880114325885 0.0710016438214659
217.79005172010318 0.07308679891062576
219.09912373184318 0.07516535623399477
220.41606419082555 0.07723736889920636
221.74092039197504 0.07930288972855755
223.07373991449234 0.08136197126078483
224.41457062356196 0.08341466575282763
225.7634606720728 0.08546102518159808
227.12045850234648 0.08750110124571817
228.4856128478766 0.08953494536726589
229.8589727350801 0.09156260869350102
231.24058748505735 0.09358414209857768
232.63050671536263 0.09559959618526112
234.02878034178747 0.09760902128661542
235.43545858015236 0.09961246746769993
236.85059194811026 0.10160998452724276
238.2742312669612 0.10360162199930585
239.7064276634764 0.10558742915495037
241.14723257173577 0.10756745500387632
242.59669773497433 0.10954174829607104
244.05487520743984 0.11151035752342725
245.52181735626348 0.11347333092137288
246.99757686334 0.11543071647047656
248.48220672721865 0.1173825618980437
249.97576026500826 0.11932891467971796
251.47829111429078 0.12126982204105219
252.98985323504803 0.12320533095908999
254.51050091159956 0.12513548816392564
256.0402887545513 0.12706034014025355
257.57927170275826 0.1289799331289238
259.1275050252968 0.13089431312846717
260.6850443234486 0.132803525896632
262.25194553269915 0.13470761695189307
263.8282649247457 0.13660663157496983
265.4140591095173 0.13850061481032178
267.0093850372096 0.14038961146763762
268.6143000003289 0.14227366612332706
270.2288616357493 0.1441528231219835
271.85312792678394 0.14602712657786174
273.48715720526644 0.14789662037632348
275.1310081536459 0.1497613481752957
276.7847398070945 0.15162135340670646
278.4484115556269 0.15347667927791228
280.1220831462344 0.15532736877313177
281.8058146850299 0.1571734646548493
283.49966663940563 0.15901500946523064
285.2036998402066 0.16085204552751867
286.9179754839138 0.16268461494741873
288.6425551348417 0.16451275961449047
290.3775007273506 0.1663365212035118
292.1228745680697 0.1681559411758538
293.878739338135 0.16997106078083535
295.64515809544076 0.1717819210570691
297.42219427690287 0.17358856283381321
299.20991170073864 0.1753910267322956
301.0083745687581 0.17718935316705128
302.8176474686684 0.17898358234723025
304.63779537639545 0.18077375427791906
306.4688836584164 0.1825599087614402
308.31097807410606 0.18434208539864355
310.16414477810054 0.18612032359020583
312.028450322672 0.18789466253789966
313.9039616601177 0.18966514124587835
315.7907461451666 0.19143179852193162
317.6888715373972 0.19319467297875403
319.5984060036693 0.1949538030351915
321.5194181205763 0.19670922691748313
323.4519768769029 0.1984609826605061
325.3961516761064 0.2002091081089955
327.35201233880804 0.201953640918777
329.31962910529904 0.20369461855797705
331.2990726380657 0.20543207830822846
333.2904140243255 0.20716605726588153
335.2937247785795 0.2088965923431862
337.3090768451822 0.2106237202694927
339.33654260092464 0.21234747759241993
341.3761948576321 0.21406790067903883
343.42810686478265 0.21578502571703695
345.4923523121332 0.21749888871587206
347.56900533236944 0.21920952550793782
349.6581405037668 0.22091697174969827
351.7598328528678 0.22262126292283776
353.87415785717855 0.22432243433539142
356.00119144787834 0.22602052112286697
358.14101001254517 0.2277155582493754
360.2936903979017 0.22940758050873405
362.45930991257336 0.23109662252558563
364.6379463298641 0.23278271875648718
366.8296778905516 0.23446590349101606
369.03458330569543 0.23614621085285378
371.25274175946316 0.23782367480086275
373.48423291197753 0.23955990486793236
375.72913690217223 0.2414223802657214
377.98753435067414 0.24328310021695781
380.2595063626969 0.24514210187929783
382.5451345309529 0.24699942226427044
384.84450093858516 0.24885509823837618
387.1576881621146 0.250709166524164
389.484779274404 0.25256166370131056
391.825857847644 0.25441262620768723
394.18100795635314 0.2562620903404335
396.5503141803955 0.25811009225701126
398.93386160802277 0.2599566679762625
401.3317358389242 0.26180185337945044
403.7440229873054 0.26364568421131324
406.170809684979 0.26548819608109364
408.61218308447485 0.2673294244635748
411.06823086217236 0.2691694047000997
413.5390412214477 0.2710081719996013
416.02470289584056 0.27284576143961153
418.52530515224305 0.2746822079672727
421.0409377941043 0.2765175464003435
423.5716911646544 0.2783518114281912
426.1176561501513 0.2801850376127956
428.67892418314347 0.28201725938973243
431.2555872457519 0.283848511069151
433.8477378729782 0.2856788268367634
436.4554691560215 0.28750824075480874
439.0788747456266 0.28933678676302405
441.7180488554454 0.2911644986796073
444.37308626541903 0.29299141020216884
447.0440823251844 0.2948175549086928
449.7311329574969 0.296642966258479
452.4343346616744 0.2984676775930872
455.1537845170648 0.3002917221372683
457.8895801865317 0.30211513299990705
460.6418199199595 0.30393794317494205
463.4106025577871 0.3057601855422912
466.19602753455143 0.30758189286876964
468.9981948824612 0.30940309780899655
471.81720523499206 0.31122383290631456
474.6531598304949 0.31304413059368436
477.50616051583603 0.31486402319458845
480.37630975005385 0.3166835429239175
483.26371060803615 0.3185027218888698
486.16846678422513 0.3203215920898301
489.0906825963399 0.3221401854212519
492.03046298912113 0.32395853367252686
494.9879135381031 0.32577666852886633
497.96314045340347 0.3275946215721601
500.9562505835358 0.3294124242818408
503.96735141925217 0.3312301080357434
506.9965510973965 0.33304770411095025
510.0439584047934 0.33486524368465137
513.1096827821533 0.3366827578349837
516.193834328001 0.33850027754186435
519.2965238026325 0.3403178336878385
522.4178626320918 0.3421354570589032
525.5579629121702 0.34395317834533573
528.7169374124356 0.34577102814251937
531.8948995802807 0.3475890369517542
535.0919635449953 0.34940723518108247
538.3082441218688 0.35122565314609216
541.5438568163113 0.353044321070727
544.7989178279997 0.3548632690880803
548.0735440550574 0.35668252724120575
551.3678530982435 0.35850212548390253
554.6819632651833 0.36032209368151025
558.0159935746146 0.3621424616116869
561.3700637606602 0.36396325896520215
564.7442942771306 0.36578451534670875
568.1388063018495 0.36760626027551985
571.553721741003 0.3694285231863716
574.9891632335208 0.3712513334302023
578.4452541554797 0.37307472027490596
581.9221186245312 0.3748987129060938
585.4198815043657 0.3767233404278516
588.9386684091885 0.3785486318634826
592.4786057082373 0.3803746161562668
596.0398205303183 0.38220132217019764
599.6224407683693 0.3840287786907254
603.2265950840575 0.3858570144254864
606.8524129123971 0.38768605800504713
610.5000244663966 0.38951593798362616
614.169560741738 0.39134668283982316
617.8611535214803 0.39317832097733396
621.57493538079 0.39501088072567997
625.3110396917053 0.39684439034091623
629.0696006279251 0.39867887800634577
632.850753169624 0.4005143718332211
636.6546331083074 0.40235089986145983
640.4813770516793 0.4041884900603378
644.3311224285545 0.4060271703291892
648.2040074937928 0.4078669684981034
652.1001713332605 0.4097079123286067
656.0197538688309 0.41155002951436315
659.9628958634062 0.4133933476818506
663.9297389259709 0.4152378943910452
667.920425516682 0.4170836971360923
671.9350989519822 0.4189307833459919
675.9739034097448 0.4207791803852624
680.0369839344585 0.42262891555461335
684.1244864424278 0.424480016091601
688.2365577270172 0.42633250917130294
692.3733454639272 0.428186421906969
696.5349982164886 0.4300417813506797
700.7216654410056 0.43189861449399164
704.9334974921204 0.43375694826859823
709.1706456282103 0.43561680954696785
713.4332620168249 0.4374782251429896
717.7214997401478 0.4393412218126153
722.0355128004927 0.4412058262544877
726.3754561258381 0.4430720651105884
730.7414855753892 0.44493996496685984
735.1337579451717 0.44680955235383774
739.5524309736719 0.44868085374726896
743.9976633474902 0.45055389556874564
748.4696147070484 0.45242870418631687
752.9684456523206 0.45430530591510954
757.4943177485973 0.45618372701793386
762.0473935322927 0.45806399370590695
766.6278365167805 0.45994613213905305
771.2358111982617 0.46183016842691277
775.871483061679 0.4637161286291375
780.5350185866558 0.46560403875610273
785.2265852534737 0.4674939247694953
789.9463515490911 0.4693858125829121
794.6944869731923 0.47127972806245283
799.4711620442708 0.4731756970273001
804.2765483057628 0.47507374525032053
809.1108183321957 0.47697389845863863
813.9741457353948 0.4788761823342237
818.8667051707156 0.48078062251445797
823.7886723433126 0.48268724459272766
828.7402240144552 0.48459607411898703
833.7215380078726 0.48650713660033346
838.732793216138 0.4884204575015681
843.7741696070975 0.4903360622457737
848.8458482303312 0.4922539762148711
853.9480112236516 0.49417422475018036
859.0808418196541 0.4960968331529837
864.2445243522853 0.4980218266850709
869.4392442634727 0.49994923056930746
874.6651881097803 0.5018790699901767
879.9225435691066 0.503811370094333
885.211499447429 0.5057461559911396
890.5322456855827 0.5076834527532265
895.8849733660783 0.5096232854170222
901.2698747199702 0.5115656789832997
906.6871431337571 0.5135106584177026
912.1369731563243 0.5154582486512951
917.6195605059363 0.5174084745810847
923.1351020772624 0.5193613610705585
928.6837959484441 0.5213169329501998
934.2658413882192 0.5232752150180309
939.8814388630644 0.525236232040125
945.5307900444058 0.5272000087511317
951.2140978158566 0.5291665698547983
956.9315662805013 0.531135940024477
962.683400768231 0.5331081439036548
968.4698078431142 0.5350832061064598
974.2909953108124 0.5370611512181636
980.1471722260491 0.5390420037957055
986.0385489001142 0.5410257883681892
991.9653369084126 0.5430125294373894
997.9277490980746 0.5450022514782576
1003.9259995955853 0.5469949789394122
1009.9603038144814 0.5489907362436516
1016.0308784630935 0.5509895477884417
1022.1379415523147 0.5529914379464141
1028.2817124034418 0.5549964310658501
1034.4624116560476 0.5570045514711847
1040.6802612759013 0.5590158234634863
1046.9354845629464 0.5610302713209477
1053.2283061593164 0.5630479192993612
1059.5589520574 0.5650687916326167
1065.9276496079622 0.5670929125331717
1072.3346275283077 0.5691203061925366
1078.7801159104883 0.5711509967817406
1085.2643462295803 0.5731850084518232
1091.7875513519796 0.5752223653342967
1098.3499655437793 0.5772630915416215
1104.9518244791764 0.5793072111676779
1111.593365248933 0.5813547482882234
1118.274826368898 0.5834057269613756
1124.9964477885683 0.5854601712280656
1131.7584708997035 0.5875181051125065
1138.5611385450018 0.5895795526226433
1145.4046950268175 0.5916445377506288
1152.289386115931 0.5937130844732701
1159.2154590603818 0.5957852167524899
1166.1831625943455 0.5978609585357704
1173.1927469470604 0.5999403337566214
1180.2444638518275 0.6020233663350207
1187.3385665550347 0.6041100801778662
1194.4753098252645 0.6062004991794255
1201.654949962438 0.6082946472217724
1208.8777448070161 0.6103925481752461
1216.1439537492674 0.6124942258988837
1223.4538377385784 0.6145997042408671
1230.8076592928223 0.6167090070389512
1238.2056825077939 0.6188221581209187
1245.64817306669 0.6209391813050056
1253.1353982496464 0.6230601004003412
1260.6676269433497 0.6251849392073716
1268.2451296506765 0.6273137215183069
1275.8681785004221 0.6294464711175415
1283.537047257068 0.631583211782088
1291.2520113306095 0.633723967281994
1299.0133477864545 0.6358687613807846
1306.8213353553695 0.638017617835876
1314.676254443486 0.640170560399001
1322.5783871423782 0.6423276128166336
1330.52801723919 0.6444887988303989
1338.5254302268222 0.6466541421775074
1346.5709133141938 0.648823666591162
1354.6647554365522 0.65099739580098
1362.8072472658441 0.653175353533396
1370.9986812211696 0.6553575635120926
1379.2393514792643 0.6575440494584005
1387.5295539850797 0.6597348350917157
1395.8695864624046 0.6619299441298968
1404.2597484245548 0.6641294002896907
1412.700341185136 0.6663332272871269
1421.1916678688622 0.6685414488379304
1429.7340334224361 0.6707540886579124
1438.3277446255104 0.6729711704633923
1446.9731101016991 0.6751927179715861
1455.6704403296576 0.6774187549010109
1464.4200476542464 0.6796493049718864
1473.222246297731 0.681884391906522
1482.0773523710743 0.6841240394297292
1490.9856838852984 0.6863682712692076
1499.9475607628858 0.6886171111559434
1508.9633048492847 0.6908705828245917
1518.0332399244624 0.6931287100138857
1527.157691714527 0.6953915164670156
1536.3369879034358 0.6976590259320247
1545.571458144758 0.6999312621621855
1554.8614340735087 0.702208248916405
1564.2072493180685 0.7044900099595989
1573.6092395121602 0.7067765690630835
1583.0677423068953 0.709067950004946
1592.5830973829193 0.7113641765704478
1602.155646462586 0.713665272552392
1611.7857333222487 0.7159712617515087
1621.4737038045994 0.7182821679768372
1631.219905831084 0.7205980150460921
1641.0246894144066 0.7231831052048031
1650.8884066710953 0.7263419083645821
1660.811411834142 0.7295113813848703
1670.7940612657342 0.7326915772040161
1680.8367134700475 0.735882548904957
1690.9397291061157 0.7390843497161849
1701.1034710007934 0.7422970330127142
1711.328304161781 0.7455206523170224
1721.6145957907256 0.7487552613000197
1731.9627152964279 0.7520009137820219
1742.3730343080842 0.755257663733692
1752.8459266886514 0.7585255652770307
1763.3817685482675 0.7618046726863226
1773.9809382577516 0.7650950403891127
1784.6438164622052 0.7683967229671884
1795.3707860946747 0.7717097751575285
1806.1622323898998 0.7750342518533017
1817.018542898158 0.7783702081048176
1827.9401074991779 0.7817176991205298
1838.9273184161332 0.7850767802679907
1849.9805702297488 0.7884475070748433
1861.1002598924451 0.7918299352298135
1872.286786742615 0.7952241205836702
1883.540552518957 0.7986301191502381
1894.861961374896 0.8020479871073638
1906.251419893112 0.8054777807979131
1917.7093371001329 0.8089195567307748
1929.236124481019 0.8123733715818323
1940.8321959941527 0.8158392821949706
1952.4979680860986 0.8193173455830822
1964.233859706553 0.8228076189290442
1976.040292323402 0.8263101595867457
1987.917689937851 0.8298250250820668
1999.8664790996445 0.833352273113895
2011.8870889224058 0.8368919615551426
2023.9799510990201 0.8404441484537308
2036.1454999171604 0.8440088920336302
2048.3841722748743 0.8475862506958487
2060.6964076962695 0.8511762830194578
2073.0826483473106 0.8547790477626216
2085.5433390516914 0.8583946038635905
2098.078927306804 0.8620230104417517
2110.6898632998223 0.8656643267986303
2123.376599923863 0.8693186124189233
2136.1395927942413 0.8729859269715416
2148.979300264858 0.8766663303106136
2161.8961834446313 0.8803598824765491
2174.8907062140693 0.884066643697043
2187.963335241943 0.8877866743881448
2201.114540002016 0.8915200351552713
2214.3447927899315 0.8952667867942601
2227.6545687401613 0.8990269902924253
