2023/2023ApJ...945..101A/VER-Figure_1_exclude_Segue_1_gamma.ecsv
# %ECSV 1.0
# ---
# datatype:
# - {name: mass, unit: GeV, datatype: float64}
# - {name: median, unit: cm3 / s, datatype: float64}
# - {name: 16% cont., unit: cm3 / s, datatype: float64}
# - {name: 84% cont., unit: cm3 / s, datatype: float64}
# - {name: 2.5% cont., unit: cm3 / s, datatype: float64}
# - {name: 97.5% cont., unit: cm3 / s, datatype: float64}
# schema: astropy-2.0
# meta: !!omap
# - data_type: table
# - reference_id: 2023ApJ...945..101A
# - file_id: 1
# - telescope: veritas
mass median "16% cont." "84% cont." "2.5% cont." "97.5% cont."
1190.0 1.8957279480276999e-25 9.827206616874408e-26 3.1305565072957847e-25 5.74667082994149e-26 4.315155044838129e-25
1335.0 1.582431092658598e-25 8.761894148906976e-26 2.4032967712863407e-25 5.326562316212016e-26 3.242071568789093e-25
1498.0 1.6624750135016545e-25 9.524336844756381e-26 2.4848027725642724e-25 5.901954416173247e-26 3.218343071140402e-25
1681.0 2.1773853185349235e-25 1.255885979131342e-25 3.211780072375023e-25 7.81003954452507e-26 4.139453228291539e-25
1886.0 3.164076698249513e-25 1.8382625578568332e-25 4.652487545095121e-25 1.1654551390492817e-25 5.943381417219643e-25
2116.0 4.742896573909763e-25 2.7810178056179117e-25 6.943881748478304e-25 1.7411383480173843e-25 8.905307922237548e-25
2375.0 5.591335265369308e-25 3.267944089112801e-25 8.085279524338799e-25 2.077381855005766e-25 1.029941877722138e-24
2665.0 5.205055366353053e-25 3.0065825409860884e-25 7.553022825490291e-25 1.8816846820820872e-25 9.688699756144264e-25
2990.0 5.046451725474541e-25 2.957273881129138e-25 7.367102377247816e-25 1.8539998581846427e-25 9.459658298346488e-25
3355.0 5.703958470791603e-25 3.4229096623093894e-25 8.1645973263879305e-25 2.214072969807237e-25 1.0411055064306012e-24
3764.0 6.4454979615228455e-25 3.9851556425589874e-25 9.117370713542223e-25 2.557261583271299e-25 1.1570149026249096e-24
4223.0 6.860647078192908e-25 4.178060854708681e-25 9.65645215279859e-25 2.689390531099736e-25 1.2290817240650006e-24
4739.0 6.977640970600105e-25 4.1192036859320643e-25 1.0065746346581383e-24 2.621327294662978e-25 1.2890588903297586e-24
5317.0 7.318607771043359e-25 4.23101769153536e-25 1.0967880328631056e-24 2.667607497669189e-25 1.4101129687940892e-24
5966.0 8.017551557867413e-25 4.61050410962965e-25 1.2195956639460488e-24 2.9151901514443386e-25 1.5796031733515115e-24
6694.0 9.309522859922689e-25 5.396993518240778e-25 1.3773521217969572e-24 3.4044895743913134e-25 1.7690669037676107e-24
7511.0 1.0487344705539971e-24 6.257535305957346e-25 1.5291359071537345e-24 4.0156948610932877e-25 1.9471819854284036e-24
8427.0 1.2029353989208102e-24 7.3542484339586425e-25 1.703420440199852e-24 4.739558179807599e-25 2.170265707138475e-24
9456.0 1.3150050025318664e-24 8.126655249318356e-25 1.8755104972843366e-24 5.233830004697975e-25 2.3861158885451644e-24
10610.0 1.5917624346398305e-24 9.650763635971333e-25 2.263907911406282e-24 6.15526014847379e-25 2.8941343077983206e-24
11904.0 1.857567690359144e-24 1.123503396577501e-24 2.6902588094673026e-24 7.221887439729566e-25 3.407208437133337e-24
13357.0 2.2340588841720298e-24 1.3324284808575376e-24 3.226454019491913e-24 8.54738730807176e-25 4.1138471621156844e-24
14987.0 2.831398099278826e-24 1.719689218095623e-24 4.0076587237347106e-24 1.1028838261924895e-24 5.1270434389242866e-24
16815.0 4.155482499854829e-24 2.5958147154285836e-24 5.803869817421934e-24 1.6923807297393174e-24 7.442031535866845e-24
18867.0 5.741812148325338e-24 3.6499282588524105e-24 7.934695270957859e-24 2.371301786992568e-24 1.0216088572200265e-23
21169.0 8.363149910020964e-24 5.169523416829231e-24 1.1744541541406938e-23 3.300284055320407e-24 1.5119351337183907e-23
23753.0 1.2320558015759156e-23 7.403164776173166e-24 1.7239542497636775e-23 4.728373315748011e-24 2.2130401037194168e-23
26651.0 1.449807986274686e-23 8.677702415967382e-24 2.0894004696371946e-23 5.482957315251049e-24 2.6496964876625896e-23
29903.0 1.6584598552660003e-23 9.89036632585091e-24 2.347499247302096e-23 6.293483322417659e-24 3.001870443585682e-23
33552.0 1.8664598674610662e-23 1.1285923789476257e-23 2.6743473814743613e-23 7.220170629212755e-24 3.376785690881047e-23
37646.0 2.3391997836899416e-23 1.3929331817027438e-23 3.3496414149855135e-23 8.847763588194929e-24 4.2329765366933275e-23
42239.0 2.9849216593082547e-23 1.7488599632358965e-23 4.338775708496026e-23 1.0950160703498873e-23 5.553559275979169e-23
47393.0 3.725591197587929e-23 2.1363221781184777e-23 5.59897586172906e-23 1.3338680145138145e-23 7.167231662400579e-23
53176.0 4.265802904093237e-23 2.467531441978101e-23 6.36730202655977e-23 1.5547898354671548e-23 8.235495153182773e-23
59664.0 5.9326523966575e-23 3.460800012638666e-23 8.84848372005315e-23 2.1908489026488792e-23 1.139409474130546e-22
66945.0 7.763036424135018e-23 4.51873102533546e-23 1.1539038363964425e-22 2.852990993212808e-23 1.4832965005095132e-22
75113.0 8.912676172260377e-23 5.09990530310653e-23 1.3362143292395167e-22 3.1834083854708874e-23 1.7400483538232158e-22
84278.0 1.17101643236387e-22 6.740644727162544e-23 1.7540617059944147e-22 4.2312638408070684e-23 2.264387600120765e-22
94562.0 6.341607096877714e-22 4.0301487583887794e-22 8.704952999685962e-22 2.6507664410846186e-22 1.126528334242627e-21
106100.0 6.8112437071724435e-22 4.345830463700714e-22 9.368114864910446e-22 2.8576534385229568e-22 1.2118607759027228e-21
119047.0 7.419965844480395e-22 4.743908885972102e-22 1.035905657495404e-21 3.117402162831272e-22 1.3190464696320365e-21
133573.0 8.174496634086108e-22 5.19632970643086e-22 1.1399377887281124e-21 3.44033178919992e-22 1.4626721898959212e-21
149871.0 9.00697553306993e-22 5.73162973981454e-22 1.2195779491316891e-21 3.799627105462032e-22 1.551686499461005e-21
168158.0 1.0012802103894475e-21 6.43396466012777e-22 1.38613630757182e-21 4.1903293774789527e-22 1.779655087032746e-21
188677.0 1.1190473719638168e-21 7.101914930481913e-22 1.5571637250791594e-21 4.71048185615208e-22 2.008748907550953e-21
211699.0 1.2435474835208245e-21 8.071676398328338e-22 1.7409366113946127e-21 5.305436148609336e-22 2.2406026570686012e-21
237530.0 1.4211350218009624e-21 9.219850610195887e-22 1.988117712222425e-21 6.009869020603815e-22 2.5498914682084086e-21
266513.0 1.6123143923624659e-21 1.0202432210125362e-21 2.2046972459015454e-21 6.729720207181275e-22 2.8494347553265562e-21
299033.0 1.835658844275056e-21 1.1718154947320369e-21 2.5057341390487867e-21 7.669312880085463e-22 3.2265480647785215e-21
335520.0 2.08002755663794e-21 1.3504095409987258e-21 2.84265340627908e-21 8.797945782763214e-22 3.6903767749275065e-21
376460.0 2.3589818110677734e-21 1.532204221159432e-21 3.223758924430665e-21 9.975696035906361e-22 4.159731457633587e-21
422395.0 2.717108668779285e-21 1.7501670283323864e-21 3.695738000242837e-21 1.153769364053907e-21 4.790374845723037e-21
473935.0 3.1093047350347695e-21 2.025353073655674e-21 4.242367030785795e-21 1.3145722425951788e-21 5.461255701882078e-21
531764.0 3.6021675198813545e-21 2.3025713657521505e-21 4.903874117088259e-21 1.5260954507609678e-21 6.303905702458137e-21
596649.0 4.139641706569885e-21 2.690975320353355e-21 5.649536067926536e-21 1.7504226898325885e-21 7.25087453084019e-21
669451.0 4.811226762971412e-21 3.0888963700984162e-21 6.564365017570055e-21 2.0451257177739406e-21 8.429515945740712e-21
751137.0 5.5625458072416595e-21 3.6249117122482334e-21 7.6199653414103e-21 2.3641479479361242e-21 9.696962781033592e-21
842789.0 6.499056969433184e-21 4.159606693313939e-21 8.859038427703515e-21 2.7523557499852426e-21 1.1338873567580651e-20
945625.0 7.574483533447798e-21 4.875905643185451e-21 1.0359492718808403e-20 3.1970104054749737e-21 1.3127823722200904e-20
1061009.0 8.853425597695286e-21 5.665187981243804e-21 1.2054410098441824e-20 3.749512537848079e-21 1.5388942995124452e-20
1190471.0 1.0402665556100021e-20 6.6148221193600336e-21 1.4248712923818556e-20 4.370842744528451e-21 1.794745827551901e-20
1335731.0 1.2141582193322344e-20 7.780653415831944e-21 1.6546967152743327e-20 5.091384152377576e-21 2.1098876126174277e-20
1498715.0 1.4375457328472745e-20 9.15000603743213e-21 1.969294847436287e-20 5.979834506804179e-21 2.494044529966797e-20
1681586.0 1.6844256081952264e-20 1.0681449468337674e-20 2.2940525840230867e-20 6.980335614939985e-21 2.9168048733444275e-20
1886770.0 1.992538263582142e-20 1.2624815769298798e-20 2.713244858406599e-20 8.25293290774788e-21 3.4827979857351203e-20
2116991.0 2.3507123621812035e-20 1.4800196362515602e-20 3.207983663710041e-20 9.689219906550698e-21 4.082056941533829e-20
2375303.0 2.786160856861592e-20 1.7606402795548057e-20 3.808464857134292e-20 1.1457861190805933e-20 4.856375670805844e-20
2665134.0 3.317887427752656e-20 2.0833402113999328e-20 4.5714352419177304e-20 1.3516281736346001e-20 5.793448121632504e-20
2990330.0 3.948507200607237e-20 2.4533585643132145e-20 5.379284354515749e-20 1.6021189636185643e-20 6.850022293267318e-20
3355205.0 4.6795268694457025e-20 2.950978672388816e-20 6.43323061296767e-20 1.895992704700551e-20 8.253301143393721e-20
3764602.0 5.563903645844266e-20 3.4723612114970014e-20 7.667442722033437e-20 2.2512545686158084e-20 9.796240420130296e-20
4223953.0 6.649526021367793e-20 4.148491880554255e-20 9.153682736736128e-20 2.6978757873606567e-20 1.1726851445018474e-19
4739354.0 7.980634918344305e-20 4.976950268290593e-20 1.098159117930213e-19 3.1851056931984385e-20 1.420069516908898e-19
5317642.0 9.551164388453938e-20 5.899903668466256e-20 1.319987236267026e-19 3.7911101546314795e-20 1.6911895889537197e-19
5966493.0 1.1486658240211815e-19 7.117888442902642e-20 1.582426199625577e-19 4.60650973008218e-20 2.0409840474705932e-19
6694515.0 1.3755953376214083e-19 8.507524689140325e-20 1.9173591645527157e-19 5.449376534447307e-20 2.4680541379979456e-19
7511370.0 1.6775047260258427e-19 1.0241818582721219e-19 2.305619523824255e-19 6.563643455169527e-20 2.989336718604603e-19
8427895.0 2.0125629570333853e-19 1.2522286332145873e-19 2.7956504046604473e-19 7.879583779590822e-20 3.6060720864965784e-19
9456254.0 2.431505385800135e-19 1.501132030813057e-19 3.360548095197279e-19 9.628030868416829e-20 4.351833113029786e-19
10610092.0 2.9797182719799722e-19 1.819144841785694e-19 4.091338312400369e-19 1.1663787254900237e-19 5.313889227088708e-19
11904719.0 3.600509104229384e-19 2.2350963150250805e-19 4.997478083532825e-19 1.4109153684025783e-19 6.430529385529472e-19
13357314.0 4.361833446658661e-19 2.70448635053524e-19 6.024629051547376e-19 1.7308078298256476e-19 7.799162347510812e-19
14987153.0 5.353288912361179e-19 3.2835325270767687e-19 7.352662077835442e-19 2.1232518686305886e-19 9.554046764761263e-19
16815863.0 6.533663989357388e-19 4.0364754227135416e-19 9.067435376406103e-19 2.56937715780655e-19 1.1645202394924345e-18
18867708.0 7.915253011707239e-19 4.941240532058499e-19 1.0936691436645922e-18 3.149514694819307e-19 1.4146617307772099e-18
21169917.0 9.709268868754548e-19 5.991329148246846e-19 1.335213555206681e-18 3.9013670026955537e-19 1.7324962683263317e-18
23753037.0 1.2002673423412346e-18 7.352789189017604e-19 1.6479462762396932e-18 4.729416570841963e-19 2.1329933994859464e-18
26651346.0 1.4508907235706983e-18 9.11640034534307e-19 2.008802150308955e-18 5.7791506402640915e-19 2.593268864800234e-18
