2023/2023ApJ...945..101A/VER-Figure_4_UHDM_radius_WW.ecsv
# %ECSV 1.0
# ---
# datatype:
# - {name: mass, unit: TeV, datatype: float64}
# - {name: radius, unit: 1 / GeV, datatype: float64}
# schema: astropy-2.0
# meta: !!omap
# - data_type: table
# - reference_id: 2023ApJ...945..101A
# - file_id: 1
# - telescope: veritas
mass radius
[from data line 425]
2295.4131265091837 1.1307954537511629
2309.210180394618 1.1362288825596711
2323.0901643172247 1.1416859354197684
2337.0535767451 1.1471667292551693
2351.1009191424705 1.152671381478431
2365.232695987726 1.158200009993527
2379.4494147915266 1.1637527331983821
2393.751586115023 1.1693296699874238
2408.139723588208 1.1749309397541827
2422.6143439283514 1.1805566623938615
2437.1759669585513 1.1862069583059138
2451.8251156264187 1.1918819483966814
2466.5623160228474 1.1975817540819687
2481.3880974009026 1.203306497289702
2496.302992194841 1.2090563004625483
2511.3075360392254 1.2148312865605453
2526.4022677881508 1.2206315790637876
2541.5877295346236 1.226457301975077
2556.8644666299933 1.2323085798225852
2572.2330277035676 1.2381855376625697
2587.693964682303 1.2440883010820574
2603.2478328106185 1.2500169962015395
2618.8951906703533 1.2559717496777205
2634.636600200817 1.261952688706234
2650.4726267189644 1.267959941024369
2666.40383893971 1.2739936349138583
2682.4308089963497 1.2800538992036024
2698.5541124610913 1.2861408632724798
2714.7743283657587 1.2922546570521167
2731.0920392225453 1.2983954110296716
2747.507831044966 1.3045632562506728
2764.022293368892 1.3107583243218255
2780.63601927371 1.3169807474138255
2797.3496054036445 1.323230658264236
2814.16365198917 1.329508190180326
2831.0787628685634 1.3358134770419203
2848.095545509605 1.3421466533043118
2865.2146110313834 1.3485078540011333
2882.436574226238 1.3548972147472442
2899.7620535818514 1.3613148717416836
2917.191671303455 1.3677609617705502
2934.7260533361614 1.3742356222099805
2952.3658293874746 1.3807389910290815
2970.111632949866 1.3872712067928759
2987.964101323556 1.3938324086653107
3005.9238756393884 1.4004227364122275
3023.9916008818477 1.4070423304043431
3042.16792591224 1.4136913316202957
3060.4535034919863 1.4203698816496528
3078.848990306054 1.4270781226959295
3097.355046986562 1.433816197579672
3115.9723381364934 1.4405842497415038
3134.701532353552 1.4473824232451797
3153.5433022542097 1.454210862780719
3172.498324497815 1.461069713667453
3191.567279810932 1.4679591218571844
3210.750853011761 1.4748792339372943
3230.0497330347525 1.481830197133862
3249.4646129553353 1.4888121593148562
3268.9961900148155 1.4958252689932823
3288.6451656454014 1.50286967533034
3308.4122454954145 1.5099455281386578
3328.2981394546205 1.5170529778854762
3348.3035616797138 1.5241921756958499
3368.429230619986 1.5313632733559188
3388.6758690431116 1.5385664233161354
3409.0442040611138 1.545801778694505
3429.5349671564613 1.5530694932799072
3450.1488942083597 1.5603697215353292
3470.8867255191653 1.567702618601216
3491.749205840977 1.5750683402987635
3512.7370844023703 1.5824670431332326
3533.8511149353226 1.5898988842973303
3555.092055702274 1.597364021674548
3576.4606695233465 1.6048626138425166
3597.95772380376 1.6123948200764306
3619.5839905613784 1.6199608003524304
3641.340246454442 1.6275607153509997
3663.227272809444 1.6351947264604345
3685.245855649213 1.642862995780269
3707.39678572113 1.6505656861247135
3729.680858525515 1.6583029610261786
3752.0988743442176 1.6660749847387102
3774.651638269343 1.6738819222415395
3797.3399602321724 1.6817239392425853
3820.164655032234 1.6896012021819655
3843.126542366588 1.6975138782355883
3866.226446859255 1.7054621353186976
3889.4651980908125 1.7134461420894334
3912.8436306282183 1.7214660679524667
3936.362584054762 1.7295220830625924
3960.0229030002256 1.7376143583283328
3983.8254371712005 1.745743065415632
4007.771041381626 1.7539083767514547
4031.8605755834797 1.7621104655275115
4056.0949048976418 1.7703495057039282
4080.4748996449944 1.7786256720129283
4105.001435377659 1.786939139962599
4129.675392910446 1.7952900858406071
4154.497658352475 1.803678686717932
4179.469123139017 1.8121051204526792
4204.5906840635 1.8205695656938454
4229.8632433097 1.8290722018851007
4255.287708484168 1.837613209268649
4280.86499264881 1.8461927688890483
4306.596014353677 1.854811062597036
4332.481697669946 1.8634682730534449
4358.522972223126 1.8721645837330698
4384.720773226429 1.8809001789285444
4411.0760415143595 1.8896752437543192
4437.589723576493 1.8984899641505337
4464.262771591486 1.9073445268870297
4491.096143461262 1.916239119567297
4518.090802845398 1.9251739306324402
4545.24771919576 1.9341491493652336
4572.567867791298 1.9431649658941215
4600.052229773084 1.9522215711972355
4627.701792179526 1.9613191571065043
4655.517547981842 1.9704579163117042
4683.500496119711 1.9796380423645343
4711.65164153713 1.9888597296827826
4739.9719952185305 1.9981231735543945
4768.462574225075 2.00742857014168
4797.124401731182 2.0167761164854543
4825.958507061258 2.0261660105092028
4854.965925726691 2.035598451023332
4884.147699463024 2.045073637729369
4913.50487626735 2.0545917712241795
4943.038510435979 2.064153053004275
4972.749662602285 2.073757685470069
5002.6393997748 2.0834058719301494
5032.7087953755145 2.093097816605644
5062.95892927846 2.1028337246345354
5093.39088784847 2.112613802075985
5124.0057639802 2.122438255914761
5154.80465713736 2.1323072940656087
5185.788673392229 2.142221125377632
5216.95892546536 2.1521799596387914
5248.316532765531 2.1621840075802843
5279.862621429967 2.172233480881077
5311.5983243647715 2.1823285921723636
5343.524781285619 2.192469555042094
5375.643138758663 2.202656584039468
5407.954550241745 2.2128898946795523
5440.460176125804 2.2231697034477773
5473.1611837765295 2.233496227804595
5506.058747576323 2.2438696861900627
5539.154048966445 2.254290298028446
5572.44827648946 2.2647582837329425
5605.9426258318945 2.2752738647102753
5639.638299867212 2.2858372633654573
5673.536508698996 2.296448703106476
5707.6384697043895 2.3071084083490048
5741.945407577849 2.317816604521213
5776.458554375106 2.328573518068522
5811.179149557418 2.3393793764583704
5846.108440036067 2.3502344081850977
5881.247680217167 2.3611388427747566
5916.598132046701 2.372092910789948
5952.161065055818 2.3830968438347675
5987.937756406465 2.394150874559682
6023.929490937231 2.405255236666429
6060.1375612094935 2.416410164913033
6096.56326755382 2.4276158951187434
6133.207918116704 2.438872664169006
6170.07282890752 2.450180710020546
6207.15932384577 2.4615402717063346
6244.468734808668 2.47295158934072
6282.002401678942 2.48441490412448
6319.76167239297 2.495930458349908
6357.7479029891565 2.507498495405998
6395.962457656678 2.519119259783573
6434.406708784444 2.5307929970804315
6473.082037010396 2.5425199540066092
6511.989831271063 2.5543003783895717
6551.131488851486 2.5661345191794314
6590.508415435376 2.5780226264542927
6630.122025155574 2.589964951425462
6669.973740644879 2.601961746442839
6710.064993087111 2.6140132650002172
6750.397222268523 2.626119761740674
6790.971876629478 2.6382814924619122
6831.79041331651 2.650498714121757
6872.854298234633 2.6627716848435017
6914.165006099963 2.675100663921453
6955.724020492725 2.68748591182638
6997.532833910498 2.6999276902109988
7039.592947821838 2.7124262619155743
7081.905872720159 2.7249818909734467
7124.473128178034 2.7375948426165895
7167.296242901739 2.7502653832812958
7210.376754786132 2.7636336686472185
7253.716210969926 2.7784766823196354
7297.316167891224 2.7933985249423796
7341.17819134343 2.808399620455577
7385.303856531446 2.823480395047489
7429.694748128295 2.838641277166655
7474.352460331992 2.8538826975340004
7519.278596922819 2.8692050891551077
7564.474771320885 2.8846088873325577
7609.942606644117 2.9000945296782272
7655.683735766527 2.9156624561257707
7701.69980137683 2.9313131089430975
7747.992456037481 2.947046932744983
7794.563362243999 2.9628643745056356
7841.41419248468 2.9787658835714272
7888.546629300633 2.994751911673702
7935.9623653462495 3.0108229129415327
7983.6631034499715 3.026979343914679
8031.650556675418 3.0432216635565275
8079.926448382952 3.059550333267187
8128.492512291544 3.0759658168965087
8177.350492541047 3.092468580757363
8226.5021437548 3.109059093638802
8275.949231102697 3.1257378268194294
8325.693530364542 3.142505254080764
8375.736827993813 3.1593618517207505
8426.080921181852 3.176308098567213
8476.727617922388 3.1933444759915033
8527.678737076474 3.210471467922207
8578.93610843778 3.227689560858821
8630.50157279835 3.2449992438856223
8682.37698201469 3.262401008685538
8734.564199074248 3.279895349554168
8787.065098162362 3.297482763413744
8839.881564729545 3.3151637498272883
8893.015495559204 3.3329388110128497
8946.46879883573 3.350808451857682
9000.243394213072 3.3687731799326333
9054.341212883659 3.386833505506605
9108.764197647724 3.4049899415609617
9163.514302983125 3.4232430038041644
9218.593495115503 3.441593210686387
9274.003752088918 3.460041083414303
9329.747063836838 3.4785871459658084
9385.825432253667 3.4972319251049453
9442.240871266598 3.5159759503969075
9498.99540690796 3.5348197542230033
9556.091077387937 3.5537638717958266
9613.529933167822 3.572808841174444
9671.314037033631 3.591955203279724
9729.445464170156 3.6112035019096216
9787.926302235534 3.630554283754668
9846.7586514362 3.650008098413543
9905.944624602318 3.669565498408598
9965.48634726363 3.689227039201595
10025.385957725844 3.70899327920953
10085.645607147353 3.7288647798204004
10146.267459616598 3.7488421054092163
10207.253692229657 3.7689258233540013
10268.606495168497 3.7891165040519597
10330.328071779682 3.809414720935601
10392.420638653392 3.8298210504890773
10454.886425703065 3.85033607226453
10517.727676245571 3.8709603688986145
10580.946647081628 3.891694526128957
10644.545608576918 3.9125391328108314
10708.52684474367 3.9334947809339407
10772.892653322664 3.954562065639128
10837.645345865589 3.9757415852353355
10902.787247818324 3.9970339412166385
10968.3206986043 4.018439738279241
11034.248051708491 4.039959584338689
11100.571674761977 4.061594090547194
11167.29394962704 4.083343871310887
11234.417272482566 4.105209544307342
11301.94405391017 4.1271917305030765
11369.876718980839 4.149291054171262
11438.21770734187 4.171508142909348
11506.96947330457 4.193843627656943
11576.13448593246 4.2162981427137805
11645.715229129803 4.238872325757633
11715.714201730882 4.261566817862474
11786.133917589808 4.284382263516736
11856.976905670665 4.307319310641513
11928.24571013839 4.330378610609012
11999.942890450224 4.353560818261103
12072.07102144748 4.376866591927814
12144.632693448086 4.4002965934461
12217.630512339681 4.423851488178597
12291.06709967306 4.4475319450325985
12364.945092756387 4.471338636478937
12439.267144749956 4.495272238571142
12514.035924761462 4.51933343096469
12589.254117941662 4.543522896936197
