2023/2023ApJ...945..101A/VER-Figure_4_UHDM_radius_WW.ecsv
# %ECSV 1.0
# ---
# datatype:
# - {name: mass, unit: TeV, datatype: float64}
# - {name: radius, unit: 1 / GeV, datatype: float64}
# schema: astropy-2.0
# meta: !!omap
# - data_type: table
# - reference_id: 2023ApJ...945..101A
# - file_id: 1
# - telescope: veritas
mass radius
180.8661763477026 1e-05
180.8661763477026 0.0005082057183028041
181.95330979322588 0.0028238604983051234
183.0469776784784 0.005131238252871413
184.14721928005721 0.007430401760836161
185.2540741106398 0.009721413457887991
186.36758192040273 0.012004335438695989
187.4877826984491 0.014279229459025372
188.61471667424502 0.016546156937835066
189.74842431906345 0.018805178959372653
190.8889463474389 0.021056356275248846
192.036323718629 0.02329974930650269
193.19059763808488 0.02553541814565358
194.35180955893202 0.027763422558743454
195.52000118345853 0.029983821987364732
196.69521446461212 0.03219667555067647
197.87749160750795 0.0344020420474117
199.06687507094347 0.0365999799578652
200.26340756892358 0.03879054744588169
201.46713207219463 0.04097380236082162
202.67809180978693 0.04314980223951912
203.89633027056843 0.045318604308230474
205.1218912048058 0.04748026548456838
206.3548186257352 0.049634842379425066
207.59515681114394 0.051782391298886295
208.84295030496014 0.05392296824613344
210.09824391885184 0.05605662892332759
211.36108273383735 0.05818342873349755
212.63151210190378 0.060303422782402236
213.90957764763513 0.06241666588038839
215.19532526985193 0.06452321254423757
216.48880114325885 0.06662311699900124
217.79005172010318 0.06871643317982506
219.09912373184318 0.07080321473376432
220.41606419082555 0.07288351502158119
221.74092039197504 0.07495738711954607
223.07373991449234 0.07702488382121445
224.41457062356196 0.07908605763919829
225.7634606720728 0.08114096080692951
227.12045850234648 0.08318964528040985
228.4856128478766 0.08523216273995052
229.8589727350801 0.08726856459190466
231.24058748505735 0.08929890197038784
232.63050671536263 0.0913232257389827
234.02878034178747 0.09334158649244802
235.43545858015236 0.09535403455840318
236.85059194811026 0.09736061999900972
238.2742312669612 0.0993613926126426
239.7064276634764 0.10135640193554968
241.14723257173577 0.1033456972435041
242.59669773497433 0.10532932755344637
244.05487520743984 0.10730734162511035
245.52181735626348 0.10927978796265458
246.99757686334 0.111246714816269
248.48220672721865 0.11320817018377895
249.97576026500826 0.11516420181224066
251.47829111429078 0.11711485719952466
252.98985323504803 0.11906018359589157
254.51050091159956 0.12100022800555832
256.0402887545513 0.1229350371882558
257.57927170275826 0.12486465766077273
259.1275050252968 0.12678913569850145
260.6850443234486 0.12870851733696256
262.25194553269915 0.13062284837332763
263.8282649247457 0.1325321743679316
265.4140591095173 0.13443654064577445
267.0093850372096 0.13633599229801774
268.6143000003289 0.13823057418346918
270.2288616357493 0.14012033093006068
271.85312792678394 0.14200530693631278
273.48715720526644 0.14388554637280163
275.1310081536459 0.1457610931836055
276.7847398070945 0.14763199108774885
278.4484115556269 0.14949828358063658
280.1220831462344 0.15136001393548107
281.8058146850299 0.1532172252047197
283.49966663940563 0.15506996022142377
285.2036998402066 0.15691826160070252
286.9179754839138 0.15876217174109022
288.6425551348417 0.1606017328259392
290.3775007273506 0.16243698682479268
292.1228745680697 0.16426797549475408
293.878739338135 0.1660947403818487
295.64515809544076 0.16791732282237717
297.42219427690287 0.16973576394425977
299.20991170073864 0.1715501046683753
301.0083745687581 0.17336038570989185
302.8176474686684 0.17516664757958245
304.63779537639545 0.17696893058514893
306.4688836584164 0.17876727483252275
308.31097807410606 0.18056172022716496
310.16414477810054 0.18235230647535877
312.028450322672 0.18413907308549324
313.9039616601177 0.1859220593693394
315.7907461451666 0.18770130444332228
317.6888715373972 0.1894768472297762
319.5984060036693 0.19124872645820754
321.5194181205763 0.1930169806665381
323.4519768769029 0.1947816482023445
325.3961516761064 0.19654276722409278
327.35201233880804 0.19830037570236358
329.31962910529904 0.20005451142107036
331.2990726380657 0.20180521197867218
333.2904140243255 0.2035525147893792
335.2937247785795 0.20529645708434394
337.3090768451822 0.207037075912862
339.33654260092464 0.2087744081435495
341.3761948576321 0.21050849046552103
343.42810686478265 0.21223935938956154
345.4923523121332 0.21396705124928742
347.56900533236944 0.21569160220230568
349.6581405037668 0.2174130482313642
351.7598328528678 0.21913142514548895
353.87415785717855 0.22084676858113103
356.00119144787834 0.22255911400329018
358.14101001254517 0.22426849670663976
360.2936903979017 0.22597495181664498
362.45930991257336 0.22767851429067332
364.6379463298641 0.2293792189190986
366.8296778905516 0.2310771003263999
369.03458330569543 0.2327721929722545
371.25274175946316 0.23446453115261676
373.48423291197753 0.23629354279859133
375.72913690217223 0.2384121654026677
377.98753435067414 0.2405307070790497
380.2595063626969 0.24264921311918017
382.5451345309529 0.24476772870352642
384.84450093858516 0.24688629890281213
387.1576881621146 0.24900496867924368
389.484779274404 0.2511237828877323
391.825857847644 0.2532427862771045
394.18100795635314 0.2553620234913218
396.5503141803955 0.25748153907067944
398.93386160802277 0.2596013774530095
401.3317358389242 0.26172158297487463
403.7440229873054 0.26384219987275936
406.170809684979 0.2659632722842563
408.61218308447485 0.26808484424924006
411.06823086217236 0.27020695971105213
413.5390412214477 0.27232966251766466
416.02470289584056 0.27445299642284715
418.52530515224305 0.2765770050873278
421.0409377941043 0.27870173207994864
423.5716911646544 0.28082722087881656
426.1176561501513 0.2829535148724516
428.67892418314347 0.28508065736092175
431.2555872457519 0.2872086915569891
433.8477378729782 0.28933766058723703
436.4554691560215 0.29146760749319794
439.0788747456266 0.2935985752324773
441.7180488554454 0.29573060667987217
444.37308626541903 0.29786374462848664
447.0440823251844 0.2999980317908351
449.7311329574969 0.3021335107999579
452.4343346616744 0.3042702242105147
455.1537845170648 0.30640821449988315
457.8895801865317 0.30854752406925157
460.6418199199595 0.31068819524470564
463.4106025577871 0.31283027027831384
466.19602753455143 0.3149737913492069
468.9981948824612 0.3171188005646472
471.81720523499206 0.31926533996111056
474.6531598304949 0.3214134515053453
477.50616051583603 0.3235631770954377
480.37630975005385 0.32571455856187115
483.26371060803615 0.3278676376685801
486.16846678422513 0.33002245611400377
489.0906825963399 0.33217905553212534
492.03046298912113 0.33433747749352577
494.9879135381031 0.3364977635064163
497.96314045340347 0.33865995501767493
500.9562505835358 0.3408240934138779
503.96735141925217 0.3429902200223285
506.9965510973965 0.34515837611207906
510.0439584047934 0.34732860289495465
513.1096827821533 0.34950094152656175
516.193834328001 0.3516754331073113
519.2965238026325 0.35385211868342176
522.4178626320918 0.35603103924792573
525.5579629121702 0.35821223574167194
528.7169374124356 0.3603957490543243
531.8948995802807 0.362581620025358
535.0919635449953 0.36476988944504374
538.3082441218688 0.3669605980554471
541.5438568163113 0.3691537865514055
544.7989178279997 0.37134949558151054
548.0735440550574 0.3735477657490874
551.3678530982435 0.37574863761316724
554.6819632651833 0.37795215168945995
558.0159935746146 0.38015834845132296
561.3700637606602 0.38236726833071855
564.7442942771306 0.3845789517191866
568.1388063018495 0.3867934389687949
571.553721741003 0.38901077039309645
574.9891632335208 0.3912309862680806
578.4452541554797 0.3934541268331247
581.9221186245312 0.3956802322919306
585.4198815043657 0.3979093428134806
588.9386684091885 0.4001414985329674
592.4786057082373 0.40237673955273384
596.0398205303183 0.404615105943206
599.6224407683693 0.40685663774382375
603.2265950840575 0.40910137496396826
606.8524129123971 0.4113493575838895
610.5000244663966 0.4136006255556193
614.169560741738 0.4158552188039027
617.8611535214803 0.4181131772271065
621.57493538079 0.420374540698134
625.3110396917053 0.42263934906533684
629.0696006279251 0.4249076421534216
632.850753169624 0.42717945976435584
636.6546331083074 0.4294548416782728
640.4813770516793 0.43173382765436236
644.3311224285545 0.43401645743178136
648.2040074937928 0.43630277073053975
652.1001713332605 0.4385928072523944
656.0197538688309 0.44088660668173923
659.9628958634062 0.4431842086864935
663.9297389259709 0.4454856529189784
667.920425516682 0.44779097901681175
671.9350989519822 0.4501002266037785
675.9739034097448 0.45241343529071026
680.0369839344585 0.45473064467636026
684.1244864424278 0.4570518943482752
688.2365577270172 0.4593772238836648
692.3733454639272 0.46170667285027284
696.5349982164886 0.4640402808072324
700.7216654410056 0.4663780873059425
704.9334974921204 0.46872013189092
709.1706456282103 0.47106645410066056
713.4332620168249 0.4734170934684942
717.7214997401478 0.47577208952344
722.0355128004927 0.4781314817910601
726.3754561258381 0.48049530979430005
730.7414855753892 0.4828636130543508
735.1337579451717 0.4852364310914838
739.5524309736719 0.48761380342589844
743.9976633474902 0.48999576957856184
748.4696147070484 0.4923823690720496
752.9684456523206 0.49477364143138197
757.4943177485973 0.497169626184862
762.0473935322927 0.4995703628649003
766.6278365167805 0.5019758910088591
771.2358111982617 0.5043862501598735
775.871483061679 0.5068014798676815
780.5350185866558 0.5092216196894491
785.2265852534737 0.5116467091905946
789.9463515490911 0.514076787945613
794.6944869731923 0.5165118955388871
799.4711620442708 0.5189520715655195
804.2765483057628 0.5213973556321411
809.1108183321957 0.5238477873577265
813.9741457353948 0.5263034063744096
818.8667051707156 0.5287642523282934
823.7886723433126 0.5312303648802632
828.7402240144552 0.5337017837067848
833.7215380078726 0.5361785485007255
838.732793216138 0.5386606989721502
843.7741696070975 0.5411482748491261
848.8458482303312 0.5436413158785254
853.9480112236516 0.5461398618268252
859.0808418196541 0.5486439524809064
864.2445243522853 0.551153627648853
869.4392442634727 0.5536689271607388
874.6651881097803 0.5561898908694354
879.9225435691066 0.5587165586513964
885.211499447429 0.5612489704074496
890.5322456855827 0.5637871660635896
895.8849733660783 0.566331185571763
901.2698747199702 0.5688810689106611
906.6871431337571 0.5714368560864946
912.1369731563243 0.5739985871337929
917.6195605059363 0.5765663021161779
923.1351020772624 0.5791400411271478
928.6837959484441 0.5817198442908589
934.2658413882192 0.5843057517629044
939.8814388630644 0.5868978037310923
945.5307900444058 0.5894960404162257
951.2140978158566 0.5921005020728677
956.9315662805013 0.5947112289901321
962.683400768231 0.5973282614924462
968.4698078431142 0.5999516399403264
974.2909953108124 0.6025814047311482
980.1471722260491 0.6052175962999178
986.0385489001142 0.6078602551200429
991.9653369084126 0.6105094217040906
997.9277490980746 0.6131651366045707
1003.9259995955853 0.6158274404146898
1009.9603038144814 0.6184963737691203
1016.0308784630935 0.6211719773447638
1022.1379415523147 0.6238542918615144
1028.2817124034418 0.6265433580830205
1034.4624116560476 0.6292392168174491
1040.6802612759013 0.6319419089182352
1046.9354845629464 0.6346514752848568
1053.2283061593164 0.6373679568635838
1059.5589520574 0.6400913946482375
1065.9276496079622 0.6428218296809477
1072.3346275283077 0.6455593030529115
1078.7801159104883 0.6483038559051378
1085.2643462295803 0.651055529429218
1091.7875513519796 0.653814364868068
1098.3499655437793 0.6565804035166861
1104.9518244791764 0.659353686722903
1111.593365248933 0.6621342558881338
1118.274826368898 0.6649221524681304
1124.9964477885683 0.6677174179737323
1131.7584708997035 0.6705200939716063
1138.5611385450018 0.673330222085012
1145.4046950268175 0.6761478439945388
1152.289386115931 0.6789730014388561
1159.2154590603818 0.6818057362154604
1166.1831625943455 0.6846460901814228
1173.1927469470604 0.6874941052541332
1180.2444638518275 0.6903498234120509
1187.3385665550347 0.6932132866954357
1194.4753098252645 0.6960845372071112
1201.654949962438 0.6989636171131964
1208.8777448070161 0.7018505686438528
1216.1439537492674 0.7047454340940267
1223.4538377385784 0.7076482558241957
1230.8076592928223 0.7105590762610976
1238.2056825077939 0.7134779378984916
1245.64817306669 0.716404883297887
1253.1353982496464 0.7193399550892872
1260.6676269433497 0.7222831959719308
1268.2451296506765 0.7252346487150318
1275.8681785004221 0.7281943561585198
1283.537047257068 0.7311623612137823
1291.2520113306095 0.734138706864393
1299.0133477864545 0.7371234361668684
1306.8213353553695 0.7401165922513951
1314.676254443486 0.743118218322572
1322.5783871423782 0.7461283576601472
1330.52801723919 0.749147053619759
1338.5254302268222 0.7521743496336746
1346.5709133141938 0.7552102892115171
1354.6647554365522 0.7582549159410218
1362.8072472658441 0.7613082734887615
1370.9986812211696 0.764370405600887
1379.2393514792643 0.7674413561038644
1387.5295539850797 0.7705211689052137
1395.8695864624046 0.7736098879942442
1404.2597484245548 0.7767075574427973
1412.700341185136 0.7798142214059687
1421.1916678688622 0.7829299241228664
1429.7340334224361 0.786054709917335
1438.3277446255104 0.7891886231986951
1446.9731101016991 0.7923317084624819
1455.6704403296576 0.7954840102911815
1464.4200476542464 0.7986455733549721
1473.222246297731 0.8018164424124485
1482.0773523710743 0.8049966623113779
1490.9856838852984 0.808186277989427
1499.9475607628858 0.8113853344749001
1508.9633048492847 0.8145938768874793
1518.0332399244624 0.8178119504389614
1527.157691714527 0.8210396004339964
1536.3369879034358 0.824276872270829
1545.571458144758 0.8275238114420238
1554.8614340735087 0.8307804635352248
1564.2072493180685 0.8340468742338802
1573.6092395121602 0.8373230893179857
1583.0677423068953 0.840609154664823
1592.5830973829193 0.8439051162497009
1602.155646462586 0.8472110201466977
1611.7857333222487 0.8505269125293885
1621.4737038045994 0.8538528396716062
1631.219905831084 0.8571888479481686
1641.0246894144066 0.8608287576618275
1650.8884066710953 0.8651118716982875
1660.811411834142 0.8694127680404946
1670.7940612657342 0.8737315400123441
1680.8367134700475 0.8780682812983954
1690.9397291061157 0.8824230859459683
1701.1034710007934 0.8867960483671898
1711.328304161781 0.8911872633411059
1721.6145957907256 0.8955968260157566
1731.9627152964279 0.900024831910284
1742.3730343080842 0.9044713769170218
1752.8459266886514 0.9089365573036352
1763.3817685482675 0.9134204697152125
1773.9809382577516 0.9179232111764184
1784.6438164622052 0.9224448790936185
1795.3707860946747 0.9269855712570116
1806.1622323898998 0.931545385842803
1817.018542898158 0.9361244214153498
1827.9401074991779 0.9407227769293178
1838.9273184161332 0.9453405517318755
1849.9805702297488 0.9499778455648661
1861.1002598924451 0.9546347585669833
1872.286786742615 0.9593113912759925
1883.540552518957 0.9640078446309233
1894.861961374896 0.968724219974271
1906.251419893112 0.9734606190542447
1917.7093371001329 0.9782171440269648
1929.236124481019 0.9829938974587265
1940.8321959941527 0.9877909823282347
1952.4979680860986 0.9926085020288437
1964.233859706553 0.9974465603708437
1976.040292323402 1.0023052615837176
1987.917689937851 1.0071847103184082
1999.8664790996445 1.012085011649628
2011.8870889224058 1.017006271078142
2023.9799510990201 1.0219485945330595
2036.1454999171604 1.0269120883741703
2048.3841722748743 1.031896859394253
2060.6964076962695 1.0369030148213916
2073.0826483473106 1.0419306623213427
2085.5433390516914 1.0469799099998498
2098.078927306804 1.0520508664050263
2110.6898632998223 1.057143640529708
2123.376599923863 1.0622583418138154
2136.1395927942413 1.0673950801467584
2148.979300264858 1.0725539658698169
2161.8961834446313 1.0777351097785277
2174.8907062140693 1.0829386231251195
2187.963335241943 1.0881646176209196
2201.114540002016 1.0934132054387675
2214.3447927899315 1.0986844992154787
2227.6545687401613 1.1039786120542792
2241.0443458430645 1.1092956575272452
2254.5146049620676 1.1146357496778034
2268.0658298509243 1.119999003023167
