2023/2023ApJ...945..101A/VER-Figure_1_include_Segue_1_gamma.ecsv
# %ECSV 1.0
# ---
# datatype:
# - {name: mass, unit: GeV, datatype: float64}
# - {name: median, unit: cm3 / s, datatype: float64}
# - {name: 16% cont., unit: cm3 / s, datatype: float64}
# - {name: 84% cont., unit: cm3 / s, datatype: float64}
# - {name: 2.5% cont., unit: cm3 / s, datatype: float64}
# - {name: 97.5% cont., unit: cm3 / s, datatype: float64}
# schema: astropy-2.0
# meta: !!omap
# - data_type: table
# - reference_id: 2023ApJ...945..101A
# - file_id: 1
# - telescope: veritas
mass median "16% cont." "84% cont." "2.5% cont." "97.5% cont."
1190.0 1.3694119239670387e-25 8.138881666463906e-26 2.408088187617569e-25 4.402242850934378e-26 3.7551322099471794e-25
1335.0 1.6000086593329342e-25 9.670802324601009e-26 2.640240589263886e-25 5.1311337920596436e-26 3.9281183708646795e-25
1498.0 2.0231935766592179e-25 1.2497667110976788e-25 3.2577979124167395e-25 6.389735085037196e-26 4.8323602377766575e-25
1681.0 2.4717732479294574e-25 1.4898464386375124e-25 4.0701440741264128e-25 8.330949785594104e-26 5.942110274035857e-25
1886.0 2.8643239353601383e-25 1.6989212549310497e-25 4.667474305611328e-25 9.397334702391177e-26 6.466720738342787e-25
2116.0 3.142695164225746e-25 1.855067119638027e-25 5.188707801298325e-25 1.104381533217859e-25 7.484817984221373e-25
2375.0 3.5918670170598678e-25 2.1120161316628098e-25 5.976832138826936e-25 1.2917485449261924e-25 8.684120690935353e-25
2665.0 3.8586827106589213e-25 2.366398444131629e-25 6.318351874090272e-25 1.332736489173632e-25 9.036080494681216e-25
2990.0 4.479237383487675e-25 2.7826892425136274e-25 7.265181212157792e-25 1.5157295649147073e-25 1.0270886775575195e-24
3355.0 5.748337095474406e-25 3.5189780653984453e-25 9.180203830354365e-25 1.9641628165211126e-25 1.2963023077876414e-24
3764.0 7.1717703670165065e-25 4.470038262931219e-25 1.1396493683432993e-24 2.4651098198018714e-25 1.5997751316338911e-24
4223.0 7.860767819179288e-25 4.938882863425581e-25 1.242282842465463e-24 2.743321513439069e-25 1.7523223739597703e-24
4739.0 8.051016868768837e-25 5.1474691448829455e-25 1.2707355800447542e-24 2.734394610099834e-25 1.808252007162137e-24
5317.0 7.824412257700073e-25 5.0298472939989955e-25 1.2606092975619304e-24 2.6471998736066808e-25 1.7424523431776442e-24
5966.0 7.246307057437058e-25 4.615957104299478e-25 1.1852804802097168e-24 2.523180111511418e-25 1.6099917748088835e-24
6694.0 6.38683391223457e-25 4.174150819004157e-25 9.904441143581634e-25 2.2566243240568294e-25 1.396942635621688e-24
7511.0 5.527174933946373e-25 3.4381213183502087e-25 8.538291407841366e-25 2.0094826608328584e-25 1.2277143056683875e-24
8427.0 5.336916759104036e-25 3.328538122785599e-25 8.445801747645987e-25 2.1079797357703057e-25 1.210517120493294e-24
9456.0 5.414384011847214e-25 3.283908310976688e-25 8.645295663582348e-25 2.0900019340306603e-25 1.2565573070565978e-24
10610.0 6.461916901418681e-25 3.9150299859489496e-25 1.024440258281637e-24 2.4592699494637233e-25 1.5023394652202856e-24
11904.0 7.308044148405584e-25 4.380193065564136e-25 1.1945782419384653e-24 2.822119909681809e-25 1.759472399804266e-24
13357.0 8.764500051184758e-25 5.283969801417251e-25 1.4227614220254365e-24 3.333785970073667e-25 2.148327465090856e-24
14987.0 1.0896561521475002e-24 6.356061937287466e-25 1.749708179828322e-24 4.1076819308086494e-25 2.5856756524947386e-24
16815.0 1.529992769346145e-24 8.759759537927973e-25 2.4689318704419073e-24 5.444584546014981e-25 3.777542076620205e-24
18867.0 2.0121618720725635e-24 1.0703492408310369e-24 3.292800083268098e-24 6.769702090587904e-25 5.101767271432106e-24
21169.0 2.4252786497874477e-24 1.2533961581278168e-24 4.034331517676425e-24 7.502775937282273e-25 6.795287640416478e-24
23753.0 3.048557852425923e-24 1.5383372680344079e-24 5.3228179191188495e-24 8.871409599980214e-25 9.233410241697411e-24
26651.0 3.659704694891745e-24 1.841241743754972e-24 6.42880590759596e-24 1.0739968125733219e-24 1.1060641228308203e-23
29903.0 3.831431615712571e-24 1.919590302323231e-24 6.867037007672352e-24 1.1365556656862364e-24 1.1772339977452438e-23
33552.0 5.182191672230876e-24 2.5988714198179666e-24 8.837646239899762e-24 1.6012840879973213e-24 1.4572714343299837e-23
37646.0 6.2632464777604275e-24 3.1264239378707206e-24 1.0618318158392142e-23 1.8959474293971542e-24 1.7945849687761466e-23
42239.0 8.643390877416157e-24 4.30984910430451e-24 1.4592052662477618e-23 2.575532401795868e-24 2.4765020802942639e-23
47393.0 1.2614196468723116e-23 6.4533698420312676e-24 2.148505394847051e-23 3.779656784019422e-24 3.5081890799006015e-23
53176.0 1.684446242651329e-23 8.987663107224779e-24 2.795818185874139e-23 5.405811912454342e-24 4.232267586043848e-23
59664.0 2.1266489947371038e-23 1.1018825076060251e-23 3.5625785997626305e-23 6.4551673928702246e-24 5.654997046757118e-23
66945.0 3.114088976018443e-23 1.7462078374498964e-23 5.162074832936717e-23 1.0550641629505987e-23 7.752899166047911e-23
75113.0 3.4503738443861984e-23 1.913111539760682e-23 5.771544341707049e-23 1.1488560962213556e-23 8.796279046525041e-23
84278.0 4.8683968396820695e-23 2.840622382205721e-23 8.014246679760733e-23 1.734674019755809e-23 1.2118197734021309e-22
94562.0 5.4017372910523e-22 3.542721377232684e-22 8.189635670841521e-22 1.969093125988784e-22 1.0990216309571128e-21
106100.0 5.751971347655279e-22 3.8040550730641754e-22 8.720716331351004e-22 2.1165701852793088e-22 1.1716224183800244e-21
119047.0 6.15849538776428e-22 4.0569354951751054e-22 9.378536658131963e-22 2.2557412548458657e-22 1.2421412509580092e-21
133573.0 6.597617892046232e-22 4.3543049600405615e-22 9.956850951852009e-22 2.424081098496809e-22 1.3264247070418576e-21
149871.0 7.057638933727211e-22 4.715250181675944e-22 1.0667407912649287e-21 2.631356554523072e-22 1.417344582126179e-21
168158.0 7.624964624200569e-22 5.08624911786975e-22 1.1500769957060083e-21 2.8296792332142697e-22 1.5523039046805597e-21
188677.0 8.280471576995214e-22 5.458956123516122e-22 1.2448730281410009e-21 3.044692709305708e-22 1.6865528629795259e-21
211699.0 9.025954996069263e-22 5.861833416357976e-22 1.3397782820572565e-21 3.3573221207223005e-22 1.812924110025683e-21
237530.0 9.86645729678241e-22 6.3327685012394935e-22 1.4551761241560579e-21 3.715066546047891e-22 1.9924120252574463e-21
266513.0 1.0717682186221239e-21 6.8527962647586e-22 1.5823775203510445e-21 4.0732397522544943e-22 2.1561676371531016e-21
299033.0 1.1739539191279672e-21 7.498202503253166e-22 1.7486610684302655e-21 4.553066403763745e-22 2.362835692067735e-21
335520.0 1.2908086971628921e-21 8.249877215906596e-22 1.9337283743335212e-21 5.086909753689779e-22 2.6161587719441652e-21
376460.0 1.4305356606619437e-21 9.210926161571165e-22 2.1248227901087434e-21 5.650937877007663e-22 2.9207236522676335e-21
422395.0 1.5894870276757944e-21 1.0144295043138524e-21 2.3478496133511182e-21 6.346543227064937e-22 3.250829580021409e-21
473935.0 1.7587441314270764e-21 1.1362894798662071e-21 2.6242110563616564e-21 7.189540285479062e-22 3.636181833276203e-21
531764.0 1.969392161012609e-21 1.2468362123031203e-21 2.9601061165261865e-21 7.918986245479508e-22 4.130234587855578e-21
596649.0 2.2024223282933676e-21 1.4079601900149614e-21 3.3598062008011844e-21 8.840768157541301e-22 4.702197909572377e-21
669451.0 2.499630779685378e-21 1.573942061855493e-21 3.79409597648381e-21 9.787755283670726e-22 5.358020334597147e-21
751137.0 2.833844119830842e-21 1.755309978717937e-21 4.304324447105376e-21 1.1034670985216157e-21 6.15530354373187e-21
842789.0 3.2101052552244143e-21 1.972483335833491e-21 4.927797294924004e-21 1.2551470418111856e-21 6.95829924952098e-21
945625.0 3.654647283601e-21 2.2156718099495223e-21 5.63549756603529e-21 1.4078753069765227e-21 7.981669656984153e-21
1061009.0 4.165685873908187e-21 2.467081979088835e-21 6.486679998753992e-21 1.5878199164415067e-21 9.119271143862355e-21
1190471.0 4.816285463220953e-21 2.7859619176759836e-21 7.401666267098534e-21 1.78588661368611e-21 1.0561683885867084e-20
1335731.0 5.492855181195105e-21 3.194535585129258e-21 8.574806960783579e-21 2.0386116207265943e-21 1.2203289711457332e-20
1498715.0 6.347673598447921e-21 3.626354588106185e-21 9.886504322574453e-21 2.3080184184582305e-21 1.4137576872914546e-20
1681586.0 7.260506374659805e-21 4.132133006835416e-21 1.1477726394283053e-20 2.6215940575745925e-21 1.6584424445484074e-20
1886770.0 8.449725519389637e-21 4.7783347329616995e-21 1.3277706359487312e-20 3.022132274541152e-21 1.947346132853068e-20
2116991.0 9.790126195961522e-21 5.4599947858760584e-21 1.5545566645367346e-20 3.477073609868847e-21 2.2643189482616427e-20
2375303.0 1.1415262308679684e-20 6.3343281011611686e-21 1.8030584100264506e-20 3.981059894673073e-21 2.6807700486691482e-20
2665134.0 1.3331746961996995e-20 7.304232022006929e-21 2.1227917811034525e-20 4.627452942331746e-21 3.1416559130902466e-20
2990330.0 1.5642784172515168e-20 8.553667959642206e-21 2.4764326068714094e-20 5.347778284136207e-21 3.702984579071124e-20
3355205.0 1.8356750566677668e-20 9.905739805651559e-21 2.927695630345704e-20 6.294674121005669e-21 4.4152917277424674e-20
3764602.0 2.1604953971837366e-20 1.1626430876090469e-20 3.475738769730986e-20 7.28699498748787e-21 5.1997439947828953e-20
4223953.0 2.5548130686960576e-20 1.3593804270632723e-20 4.1225807124392123e-20 8.600473888745274e-21 6.257852649759513e-20
4739354.0 3.011252916782797e-20 1.6094076383092527e-20 4.873083903710437e-20 1.0065463291981036e-20 7.390689773055836e-20
5317642.0 3.591537563134711e-20 1.896786231416709e-20 5.813969115547419e-20 1.1874964671407034e-20 8.853016958308984e-20
5966493.0 4.281679463443201e-20 2.2379645008576526e-20 6.871938361141319e-20 1.3967505256610515e-20 1.0629319832561848e-19
6694515.0 5.1008354583353196e-20 2.677848294270209e-20 8.28902725812519e-20 1.6736504779728254e-20 1.268055645773094e-19
7511370.0 6.134522851632018e-20 3.175998498569488e-20 9.892347054048236e-20 1.9762257946530443e-20 1.5334196515463205e-19
8427895.0 7.332798849558002e-20 3.8284444660154546e-20 1.1863301537805972e-19 2.349090821278797e-20 1.8425995191492038e-19
9456254.0 8.811233379851045e-20 4.568944855309992e-20 1.438141585149e-19 2.8293620997401686e-20 2.227386529997856e-19
10610092.0 1.0613886573180333e-19 5.461070283136771e-20 1.7225347529837143e-19 3.366955587636712e-20 2.693891340727649e-19
11904719.0 1.275062320943441e-19 6.572774372409887e-20 2.0896044397254432e-19 4.056588739766106e-20 3.243492914532753e-19
13357314.0 1.5425469668043934e-19 8.005831939762017e-20 2.543513817191068e-19 4.8924895542362254e-20 3.9483174662173174e-19
14987153.0 1.8701066677704388e-19 9.579147862748384e-20 3.058476575909459e-19 5.915268935372904e-20 4.806172018315165e-19
16815863.0 2.289465437515707e-19 1.1629330931608945e-19 3.7099077524131506e-19 7.098432502621201e-20 5.81614093489912e-19
18867708.0 2.776386172768454e-19 1.4256113424362453e-19 4.528835609070705e-19 8.614236419766766e-20 7.133517831486497e-19
21169917.0 3.360939562247719e-19 1.7156712854973537e-19 5.520032087536968e-19 1.0516532882155348e-19 8.714617680240763e-19
23753037.0 4.112201404968409e-19 2.0880068822327688e-19 6.703279272113671e-19 1.267910755081251e-19 1.0558474730962539e-18
26651346.0 5.0351620352728995e-19 2.5810484786722996e-19 8.227188575731913e-19 1.5453630392286268e-19 1.2948735637921756e-18
