2023/2023ApJ...945..101A/VER-Figure_4_UHDM_radius_ZZ.ecsv
# %ECSV 1.0
# ---
# datatype:
# - {name: mass, unit: TeV, datatype: float64}
# - {name: radius, unit: 1 / GeV, datatype: float64}
# schema: astropy-2.0
# meta: !!omap
# - data_type: table
# - reference_id: 2023ApJ...945..101A
# - file_id: 1
# - telescope: veritas
mass radius
[from data line 425]
2295.4131265091837 1.1410765827186424
2309.210180394618 1.1466926626799097
2323.0901643172247 1.1523338456218684
2337.0535767451 1.1580002582853703
2351.1009191424705 1.1636920279595078
2365.232695987726 1.169409282484495
2379.4494147915266 1.175152150254563
2393.751586115023 1.1809207602208665
2408.139723588208 1.1867152418944047
2422.6143439283514 1.1925357253489495
2437.1759669585513 1.1983823412239898
2451.8251156264187 1.2042552207276878
2466.5623160228474 1.210154495639844
2481.3880974009026 1.2160802983148782
2496.302992194841 1.2220327616848223
2511.3075360392254 1.2280120192623232
2526.4022677881508 1.2340182051436601
2541.5877295346236 1.2400514540117757
2556.8644666299933 1.2461119011393178
2572.2330277035676 1.252199682391691
2587.693964682303 1.2583149342301294
2603.2478328106185 1.2644577937147743
2618.8951906703533 1.270628398507768
2634.636600200817 1.276826886876361
2650.4726267189644 1.2830533976960303
2666.40383893971 1.2893080704536133
2682.4308089963497 1.2955910452504529
2698.5541124610913 1.3019024628055578
2714.7743283657587 1.3082424644587727
2731.0920392225453 1.3146111921739672
2747.507831044966 1.3210087885422326
2764.022293368892 1.327435396785097
2780.63601927371 1.3338911607577495
2797.3496054036445 1.3403762249522833
2814.16365198917 1.3468907345009484
2831.0787628685634 1.3534348351794185
2848.095545509605 1.3600086734100754
2865.2146110313834 1.3666123962653027
2882.436574226238 1.3732461514707979
2899.7620535818514 1.3799100874088939
2917.191671303455 1.3866043531219001
2934.7260533361614 1.3933290983154485
2952.3658293874746 1.4000844733618882
2970.111632949866 1.406870629303611
2987.964101323556 1.4136877178565053
3005.9238756393884 1.4205358914133364
3023.9916008818477 1.4274153030471797
3042.16792591224 1.4343261065148583
3060.4535034919863 1.4412684562604012
3078.848990306054 1.4482425074185121
3097.355046986562 1.4552484158180514
3115.9723381364934 1.4622863379855422
3134.701532353552 1.4693564311486733
3153.5433022542097 1.476458853239865
3172.498324497815 1.4835937628997453
3191.567279810932 1.4907613194808031
3210.750853011761 1.497961683050873
3230.0497330347525 1.5051950143967896
3249.4646129553353 1.5124614750279892
3268.9961900148155 1.5197612271801084
3288.6451656454014 1.5270944338186172
3308.4122454954145 1.5344612586425297
3328.2981394546205 1.5418618660880221
3348.3035616797138 1.5492964213321165
3368.429230619986 1.5567650902964436
3388.6758690431116 1.5642680396508977
3409.0442040611138 1.5718054368174126
3429.5349671564613 1.5793774499736726
3450.1488942083597 1.5869842480569507
3470.8867255191653 1.5946260007678241
3491.749205840977 1.6023028785740128
3512.7370844023703 1.61001505271419
3533.8511149353226 1.617762695201819
3555.092055702274 1.6255459788290034
3576.4606695233465 1.6333650771703607
3597.95772380376 1.6412201645869067
3619.5839905613784 1.6491114162299574
3641.340246454442 1.657039008045054
3663.227272809444 1.6650031167759
3685.245855649213 1.6730039199683155
3707.39678572113 1.6810415959742127
3729.680858525515 1.6891163239555858
3752.0988743442176 1.697228283888521
3774.651638269343 1.705377656567221
3797.3399602321724 1.713564623608052
3820.164655032234 1.7217893674536031
3843.126542366588 1.7300520713767702
3866.226446859255 1.7383529194848522
3889.4651980908125 1.746692096723668
3912.8436306282183 1.7550697888816937
3936.362584054762 1.7634861825942136
3960.0229030002256 1.771941465347495
3983.8254371712005 1.780435825482976
4007.771041381626 1.7889694522014792
4031.8605755834797 1.7975425355674355
4056.0949048976418 1.8061552665131346
4080.4748996449944 1.8148078368429914
4105.001435377659 1.8235004392378267
4129.675392910446 1.8322332672591792
4154.497658352475 1.8410065153536226
4179.469123139017 1.8498203788571137
4204.5906840635 1.8586750539993508
4229.8632433097 1.8675707379081614
4255.287708484168 1.8765076286138975
4280.86499264881 1.885485925053864
4306.596014353677 1.8945058270767565
4332.481697669946 1.9035675354471224
4358.522972223126 1.9126712518498459
4384.720773226429 1.9218171788946468
4411.0760415143595 1.9310055201206047
4437.589723576493 1.9402364800006997
4464.262771591486 1.949510263946378
4491.096143461262 1.9588270783121327
4518.090802845398 1.9681871304001104
4545.24771919576 1.9775906284647349
4572.567867791298 1.9870377817173535
4600.052229773084 1.996528800330905
4627.701792179526 2.0060638954446066
4655.517547981842 2.015643279168663
4683.500496119711 2.0252671645889997
4711.65164153713 2.034935765772012
4739.9719952185305 2.044649297769338
4768.462574225075 2.054407976622659
4797.124401731182 2.06421201936851
4825.958507061258 2.0740616440431237
4854.965925726691 2.0839570696872878
4884.147699463024 2.093898516351229
4913.50487626735 2.103886205099521
4943.038510435979 2.1139203580160055
4972.749662602285 2.124001198208747
5002.6393997748 2.134128949815003
5032.7087953755145 2.144303838006221
5062.95892927846 2.1545260889930526
5093.39088784847 2.1647959300303965
5124.0057639802 2.1751135894224607
5154.80465713736 2.18547929652785
5185.788673392229 2.1958932817646737
5216.95892546536 2.2063557766156814
5248.316532765531 2.2168670136334163
5279.862621429967 2.227427226445397
5311.5983243647715 2.238036649759321
5343.524781285619 2.2486955193682907
5375.643138758663 2.259404072156065
5407.954550241745 2.270162546102336
5440.460176125804 2.280971180288024
5473.1611837765295 2.291830214900608
5506.058747576323 2.3027398912394665
5539.154048966445 2.3137004517212523
5572.44827648946 2.3247121398852912
5605.9426258318945 2.3357752003990018
5639.638299867212 2.3468898790633417
5673.536508698996 2.35805642281828
5707.6384697043895 2.369275079748291
5741.945407577849 2.3805460990878813
5776.458554375106 2.3918697312271306
5811.179149557418 2.4032462277172675
5846.108440036067 2.4146758412762663
5881.247680217167 2.4261588257944733
5916.598132046701 2.4376954363402503
5952.161065055818 2.4492859291656566
5987.937756406465 2.460930561712147
6023.929490937231 2.4726295926162978
6060.1375612094935 2.4843832817155675
6096.56326755382 2.496191890054069
6133.207918116704 2.5080556798883817
6170.07282890752 2.519974914693383
6207.15932384577 2.5319498591681118
6244.468734808668 2.543980779241653
6282.002401678942 2.5560679420790517
6319.76167239297 2.5682116160872583
6357.7479029891565 2.580412070921097
6395.962457656678 2.592669577489259
6434.406708784444 2.604984407960331
6473.082037010396 2.617356835768846
6511.989831271063 2.6297871356213625
6551.131488851486 2.642275583502574
6590.508415435376 2.6548224566814445
6630.122025155574 2.667428033717372
6669.973740644879 2.6800925944663847
6710.064993087111 2.692816420087348
6750.397222268523 2.705599793048273
6790.971876629478 2.7184429971324824
6831.79041331651 2.7313463174450217
6872.854298234633 2.744310040418992
6914.165006099963 2.7573344538218234
6955.724020492725 2.770419846761762
6997.532833910498 2.783566509694294
7039.592947821838 2.796774734428551
7081.905872720159 2.8100448141337826
7124.473128178034 2.8233770433459795
7167.296242901739 2.8367717179743086
7210.376754786132 2.8509183861197895
7253.716210969926 2.8666543630830406
7297.316167891224 2.8824762826421266
7341.17819134343 2.898384619608749
7385.303856531446 2.9143798513851853
7429.694748128295 2.9304624579786185
7474.352460331992 2.9466329220155414
7519.278596922819 2.9628917287562406
7564.474771320885 2.9792393661093652
7609.942606644117 2.9956763246465625
7655.683735766527 3.0122030976172063
7701.69980137683 3.0288201809631983
7747.992456037481 3.04552807333385
7794.563362243999 3.0623272761008513
7841.41419248468 3.079218293373313
7888.546629300633 3.0962016320129
7935.9623653462495 3.113277801649039
7983.6631034499715 3.1304473146942113
8031.650556675418 3.1477106863593356
8079.926448382952 3.165068434669226
8128.492512291544 3.182521080478137
8177.350492541047 3.200069147485394
8226.5021437548 3.217713162251114
8275.949231102697 3.2354536542120003
8325.693530364542 3.253291155697236
8375.736827993813 3.2712262019444536
8426.080921181852 3.2892593311157894
8476.727617922388 3.3073910843140806
8527.678737076474 3.32562200559904
8578.93610843778 3.343952642003564
8630.50157279835 3.362383543550279
8682.37698201469 3.3809152632678967
8734.564199074248 3.3995483572078906
8787.065098162362 3.4182833844611613
8839.881564729545 3.4371209071748137
8893.015495559204 3.456061490569027
8946.46879883573 3.475105702954015
9000.243394213072 3.494254115747079
9054.341212883659 3.5135073034897535
9108.764197647724 3.532865843865049
9163.514302983125 3.552330317714785
9218.593495115503 3.5719013090570138
9274.003752088918 3.5915794051035537
9329.747063836838 3.611365196277604
9385.825432253667 3.63125927623146
9442.240871266598 3.651262241864329
9498.99540690796 3.6713746933402396
9556.091077387937 3.69159723410605
9613.529933167822 3.711930470909556
9671.314037033631 3.732375013817692
9729.445464170156 3.7529314762348416
9787.926302235534 3.773600474921241
9846.7586514362 3.7943826300114694
9905.944624602318 3.8152785650331316
9965.48634726363 3.8362889069254162
10025.385957725844 3.8574142860580554
10085.645607147353 3.8786553362501537
10146.267459616598 3.900012694789275
10207.253692229657 3.9214870024504926
10268.606495168497 3.9430789035155946
10330.328071779682 3.9647890457925596
10392.420638653392 3.986618080634834
10454.886425703065 4.008566662960954
10517.727676245571 4.030635451274182
10580.946647081628 4.052825107682262
10644.545608576918 4.075136297917284
10708.52684474367 4.097569691355666
10772.892653322664 4.120125961038221
10837.645345865589 4.142805783690371
10902.787247818324 4.1656098397424355
10968.3206986043 4.1885388133500525
11034.248051708491 4.211593392414705
11100.571674761977 4.2347742686043555
11167.29394962704 4.258082137374209
11234.417272482566 4.281517697987565
11301.94405391017 4.305081653536805
11369.876718980839 4.328774710964487
11438.21770734187 4.3525975810845505
11506.96947330457 4.37655097860363
11576.13448593246 4.400635622142585
11645.715229129803 4.424852234257881
11715.714201730882 4.449201541463427
11786.133917589808 4.473684274252378
11856.976905670665 4.49830116711888
11928.24571013839 4.523052958580283
11999.942890450224 4.547940391199259
12072.07102144748 4.572964211606028
12144.632693448086 4.598125170520726
12217.630512339681 4.623424022776101
12291.06709967306 4.6488615273399665
12364.945092756387 4.674438447338072
12439.267144749956 4.700155550076973
12514.035924761462 4.726013607067057
12589.254117941662 4.752013394045683
