2023/2023ApJ...945..101A/VER-Figure_4_UHDM_radius_gamma.ecsv
# %ECSV 1.0
# ---
# datatype:
# - {name: mass, unit: TeV, datatype: float64}
# - {name: radius, unit: 1 / GeV, datatype: float64}
# schema: astropy-2.0
# meta: !!omap
# - data_type: table
# - reference_id: 2023ApJ...945..101A
# - file_id: 1
# - telescope: veritas
mass radius
[from data line 427]
1299.0133477864545 1.367299110843272
1306.8213353553695 1.3723701290781756
1314.676254443486 1.3774564441103048
1322.5783871423782 1.3825581215578329
1330.52801723919 1.387675227187569
1338.5254302268222 1.392807826915941
1346.5709133141938 1.397955986809968
1354.6647554365522 1.4031197730882365
1362.8072472658441 1.4082992521218758
1370.9986812211696 1.4134944904355398
1379.2393514792643 1.4187055547083605
1387.5295539850797 1.4239325117749624
1395.8695864624046 1.4291754286264153
1404.2597484245548 1.4344343724112207
1412.700341185136 1.4397094104362909
1421.1916678688622 1.44500061016793
1429.7340334224361 1.450308039232816
1438.3277446255104 1.4556317654189874
1446.9731101016991 1.4609718566768033
1455.6704403296576 1.466328381119963
1464.4200476542464 1.471701407026467
1473.222246297731 1.477091002839608
1482.0773523710743 1.4824972371689575
1490.9856838852984 1.4879201787913539
1499.9475607628858 1.493359896651889
1508.9633048492847 1.498816459864906
1518.0332399244624 1.504289937714962
1527.157691714527 1.5097803996578587
1536.3369879034358 1.5152879153216081
1545.571458144758 1.5208125545074334
1554.8614340735087 1.5263543871907614
1564.2072493180685 1.5319134835222197
1573.6092395121602 1.537489913828637
1583.0677423068953 1.543083748614018
1592.5830973829193 1.548695058560577
1602.155646462586 1.5543239145297139
1611.7857333222487 1.559970387563021
1621.4737038045994 1.5656345488832846
1631.219905831084 1.5713164698954887
1641.0246894144066 1.5770162221878166
1650.8884066710953 1.5827338775326685
1660.811411834142 1.5884695078876356
1670.7940612657342 1.5942231853965516
1680.8367134700475 1.5999949823904742
1690.9397291061157 1.6065062895778561
1701.1034710007934 1.6130993681503947
1711.328304161781 1.6197165552010069
1721.6145957907256 1.626357955725591
1731.9627152964279 1.6330236750694103
1742.3730343080842 1.6397138189288305
1752.8459266886514 1.6464284933530688
1763.3817685482675 1.6531678047459444
1773.9809382577516 1.6599318598676363
1784.6438164622052 1.6667207658364442
1795.3707860946747 1.6735346301305565
1806.1622323898998 1.6803735605898207
1817.018542898158 1.6872376654175107
1827.9401074991779 1.694127053182139
1838.9273184161332 1.7010418328191963
1849.9805702297488 1.7079821136329747
1861.1002598924451 1.7149480052983506
1872.286786742615 1.721939617862591
1883.540552518957 1.7289570617471544
1894.861961374896 1.7360004477495037
1906.251419893112 1.743069887044921
1917.7093371001329 1.7501654911883273
1929.236124481019 1.757287372116102
1940.8321959941527 1.764435642147943
1952.4979680860986 1.7716104139886588
1964.233859706553 1.7788118007300369
1976.040292323402 1.7860399158526867
1987.917689937851 1.7932948732278886
1999.8664790996445 1.8005767871194502
2011.8870889224058 1.807885772185573
2023.9799510990201 1.8152219434807155
2036.1454999171604 1.8225854164574686
2048.3841722748743 1.829976306968434
2060.6964076962695 1.8373947312681005
2073.0826483473106 1.8448408060147643
2085.5433390516914 1.852314648272378
2098.078927306804 1.859816375512482
2110.6898632998223 1.8673461056161027
2123.376599923863 1.8749039568756667
2136.1395927942413 1.882490047996914
2148.979300264858 1.8901044981008273
2161.8961834446313 1.8977474267255543
2174.8907062140693 1.905418953828341
2187.963335241943 1.9131191997874983
2201.114540002016 1.9208482854043059
2214.3447927899315 1.9286063319049935
2227.6545687401613 1.9363934609426912
2241.0443458430645 1.9442097945993944
2254.5146049620676 1.952055455387934
2268.0658298509243 1.9599305662539521
2281.6985071710847 1.9678352505778847
2295.4131265091837 1.9757696321769491
2309.210180394618 1.9837338353071394
2323.0901643172247 1.9917279846652172
2337.0535767451 1.9997522053907535
2351.1009191424705 2.00780662306809
2365.232695987726 2.015891363728392
2379.4494147915266 2.0240065538516667
2393.751586115023 2.0321523203687923
2408.139723588208 2.0403287906635588
2422.6143439283514 2.048536092574711
2437.1759669585513 2.0567743543979984
2451.8251156264187 2.0650437048882364
2466.5623160228474 2.0733442732613647
2481.3880974009026 2.0816761891965134
2496.302992194841 2.090039582838113
2511.3075360392254 2.0984345847979236
2526.4022677881508 2.106861326157163
2541.5877295346236 2.1153199384685957
2556.8644666299933 2.1238105537586307
2572.2330277035676 2.1323333045294373
2587.693964682303 2.1408883237610588
2603.2478328106185 2.1494757449135387
2618.8951906703533 2.1580957019290388
2634.636600200817 2.1667483292340264
2650.4726267189644 2.1754337617413144
2666.40383893971 2.1841521348523436
2682.4308089963497 2.192903584459239
2698.5541124610913 2.2016882469470196
2714.7743283657587 2.2105062591957645
2731.0920392225453 2.219357758582789
2747.507831044966 2.228242882984835
2764.022293368892 2.2371617707802605
2780.63601927371 2.2461145608512463
2797.3496054036445 2.2551013925859866
2814.16365198917 2.2641224058809493
2831.0787628685634 2.2731777411430403
2848.095545509605 2.282267539291869
2865.2146110313834 2.2913919417619786
2882.436574226238 2.300551090505091
2899.7620535818514 2.309745127992357
2917.191671303455 2.3189741972166202
2934.7260533361614 2.3282384416946793
2952.3658293874746 2.3375380054695665
2970.111632949866 2.346873033112822
2987.964101323556 2.356243669726816
3005.9238756393884 2.366287322356327
3023.9916008818477 2.376469456125524
3042.16792591224 2.3866936587980447
3060.4535034919863 2.3969601144385306
3078.848990306054 2.407269007854209
3097.355046986562 2.4176205245983113
3115.9723381364934 2.428014850973405
3134.701532353552 2.438452174034787
3153.5433022542097 2.44893268159389
3172.498324497815 2.459456562221657
3191.567279810932 2.4700240052520224
3210.750853011761 2.480635200785318
3230.0497330347525 2.4912903396916954
3249.4646129553353 2.501989613614649
3268.9961900148155 2.5127332149744634
3288.6451656454014 2.523521336971672
3308.4122454954145 2.5343541735906236
3328.2981394546205 2.5452319196029585
3348.3035616797138 2.5561547705711622
3368.429230619986 2.567122922852067
3388.6758690431116 2.5781365736004727
3409.0442040611138 2.5891959207726805
3429.5349671564613 2.6003011631301
3450.1488942083597 2.6114525002428057
3470.8867255191653 2.622650132493217
3491.749205840977 2.633894261079697
3512.7370844023703 2.6451850880201593
3533.8511149353226 2.656522816155793
3555.092055702274 2.6679076491546936
3576.4606695233465 2.679339791515564
3597.95772380376 2.690819448571378
3619.5839905613784 2.7023468264931605
3641.340246454442 2.7139221322936677
3663.227272809444 2.725545573831163
3685.245855649213 2.737217359813124
3707.39678572113 2.748937699800086
3729.680858525515 2.7607068042094003
3752.0988743442176 2.772524884319
3774.651638269343 2.7843921522712898
3797.3399602321724 2.796308821076933
3820.164655032234 2.8082751046187253
3843.126542366588 2.8202912176554125
3866.226446859255 2.832357375825639
3889.4651980908125 2.8444737956517976
3912.8436306282183 2.8566406945439615
3936.362584054762 2.868858290803769
3960.0229030002256 2.8811268036284274
3983.8254371712005 2.8934464531146427
4007.771041381626 2.9058174602625546
4031.8605755834797 2.918240046979793
4056.0949048976418 2.930714436085444
4080.4748996449944 2.9432408513140826
4105.001435377659 2.9558195173197754
4129.675392910446 2.968450659680194
4154.497658352475 2.981134504900642
4179.469123139017 2.993871280418164
4204.5906840635 3.0066612146055975
4229.8632433097 3.019504536775763
4255.287708484168 3.0324014771855663
4280.86499264881 3.0453522670401094
4306.596014353677 3.058357138496931
4332.481697669946 3.0714163246701474
4358.522972223126 3.0845300596346714
4384.720773226429 3.0976985784303857
4411.0760415143595 3.110922117066452
4437.589723576493 3.12420091252551
4464.262771591486 3.137535202767976
4491.096143461262 3.150925226736277
4518.090802845398 3.1643712243592272
4545.24771919576 3.177873436556318
4572.567867791298 3.1914321052420114
4600.052229773084 3.205047473330175
4627.701792179526 3.2187197847384046
4655.517547981842 3.2324492843924406
4683.500496119711 3.246236218230523
4711.65164153713 3.260080833207902
4739.9719952185305 3.2739833773012212
4768.462574225075 3.2879440995130125
4797.124401731182 3.3019632498761236
4825.958507061258 3.316041079458293
4854.965925726691 3.3301778403666304
4884.147699463024 3.344373785752106
4913.50487626735 3.358629169814193
4943.038510435979 3.3729442478053766
4972.749662602285 3.3873192760357775
5002.6393997748 3.4017545118777033
5032.7087953755145 3.416250213770364
5062.95892927846 3.4308066412244638
5093.39088784847 3.445424054826843
5124.0057639802 3.460102716245232
5154.80465713736 3.4748428882329043
5185.788673392229 3.489644834633426
5216.95892546536 3.5045088203853414
5248.316532765531 3.5194351115270193
5279.862621429967 3.5344239752013746
5311.5983243647715 3.549475679660701
5343.524781285619 3.565801759946567
5375.643138758663 3.5824869678508624
5407.954550241745 3.599249190356589
5440.460176125804 3.6160887892347913
5473.1611837765295 3.633006127917985
5506.058747576323 3.6500015715080987
5539.154048966445 3.6670754867843236
5572.44827648946 3.6842282422109913
5605.9426258318945 3.7014602079456322
5639.638299867212 3.7187717558469235
5673.536508698996 3.7361632594826815
5707.6384697043895 3.753635094138026
5741.945407577849 3.7711876368234436
5776.458554375106 3.788821266282887
5811.179149557418 3.8065363630020497
5846.108440036067 3.8243333092165424
5881.247680217167 3.842212488920103
5916.598132046701 3.8601742878729866
5952.161065055818 3.878219093610236
5987.937756406465 3.8963472954500853
6023.929490937231 3.9145592845023045
6060.1375612094935 3.932855453676748
6096.56326755382 3.9512361976917916
6133.207918116704 3.969701913082804
6170.07282890752 3.9882529982108212
6207.15932384577 4.0068898532710895
6244.468734808668 4.025612880301666
6282.002401678942 4.0444224831922
6319.76167239297 4.0633190676926025
6357.7479029891565 4.0823030414217625
6395.962457656678 4.10137481387645
6434.406708784444 4.120534796440085
6473.082037010396 4.1397834023916635
6511.989831271063 4.1591210469146125
6551.131488851486 4.178548147105847
6590.508415435376 4.1980651219847385
6630.122025155574 4.217672392502102
6669.973740644879 4.237370381549389
6710.064993087111 4.2571595139677525
6750.397222268523 4.27704021655725
6790.971876629478 4.297012918085988
6831.79041331651 4.3170780492994885
6872.854298234633 4.337236042929927
6914.165006099963 4.357487333705428
6955.724020492725 4.377832358359555
6997.532833910498 4.3982715556406795
7039.592947821838 4.4188053663214015
7081.905872720159 4.439434233208172
7124.473128178034 4.4601586011508
7167.296242901739 4.480978917051988
7210.376754786132 4.501895629877101
7253.716210969926 4.522909190663795
7297.316167891224 4.544020052531691
7341.17819134343 4.565228670692278
7385.303856531446 4.58653550245865
7429.694748128295 4.607941007255428
7474.352460331992 4.629445646628577
7519.278596922819 4.651049884255502
7564.474771320885 4.672754185954985
7609.942606644117 4.694559019697182
7655.683735766527 4.716464855613835
7701.69980137683 4.738472166008364
7747.992456037481 4.760581425365996
7794.563362243999 4.782793110364115
7841.41419248468 4.805107699882501
7888.546629300633 4.827525675013591
7935.9623653462495 4.850047519072988
7983.6631034499715 4.872673717609821
8031.650556675418 4.895404758417164
8079.926448382952 4.918241131542684
8128.492512291544 4.941183329299125
8177.350492541047 4.964231846274975
8226.5021437548 4.987387179345058
8275.949231102697 5.010649827681365
8325.693530364542 5.034020292763771
8375.736827993813 5.057499078390785
8426.080921181852 5.081086690690547
8476.727617922388 5.104783638131659
8527.678737076474 5.128590431534195
8578.93610843778 5.15250758408064
8630.50157279835 5.176535611327079
8682.37698201469 5.20067503121426
8734.564199074248 5.224926364078701
8787.065098162362 5.24929013266404
8839.881564729545 5.273766862132245
8893.015495559204 5.298357080074876
8946.46879883573 5.323061316524597
9000.243394213072 5.347880103966541
9054.341212883659 5.372813977349728
9108.764197647724 5.397863474098734
9163.514302983125 5.423029134125193
9218.593495115503 5.448311499839488
9274.003752088918 5.473711116162358
9329.747063836838 5.49922853053678
9385.825432253667 5.524864292939713
9442.240871266598 5.550618955893891
9498.99540690796 5.577570559487628
9556.091077387937 5.6050085174512825
9613.529933167822 5.6325808278999885
9671.314037033631 5.660288152424272
9729.445464170156 5.688131155850162
9787.926302235534 5.716110506255286
9846.7586514362 5.744226874984814
9905.944624602318 5.772480936667589
9965.48634726363 5.80087336923233
10025.385957725844 5.829404853923886
10085.645607147353 5.858076075319602
10146.267459616598 5.886887721345739
10207.253692229657 5.9158404832939855
10268.606495168497 5.944935055838056
10330.328071779682 5.974172137050347
10392.420638653392 6.003552428418707
10454.886425703065 6.033076634863262
10517.727676245571 6.062745464753332
10580.946647081628 6.0925596299244384
10644.545608576918 6.122519845695381
10708.52684474367 6.152626830885401
10772.892653322664 6.182881307831466
10837.645345865589 6.213284002405474
10902.787247818324 6.243835644031917
10968.3206986043 6.2745369657051535
11034.248051708491 6.305388704007125
11100.571674761977 6.336391599124895
11167.29394962704 6.3675463948686915
11234.417272482566 6.398853838689389
11301.94405391017 6.43031468169674
11369.876718980839 6.461929678677254
11438.21770734187 6.493699588112352
11506.96947330457 6.525625172196556
11576.13448593246 6.557707196855783
11645.715229129803 6.589946431765723
11715.714201730882 6.622343650370307
11786.133917589808 6.654899629900268
11856.976905670665 6.6876151513917925
11928.24571013839 6.720490999705254
11999.942890450224 6.75352796354406
12072.07102144748 6.786726835473584
12144.632693448086 6.8200884119400635
12217.630512339681 6.853613493290006
12291.06709967306 6.887302883789011
12364.945092756387 6.921157391641328
12439.267144749956 6.955177829009248
12514.035924761462 6.989365012032459
12589.254117941662 7.023719760847632
