2023/2023ApJ...945..101A/VER-Figure_4_UHDM_radius_tt.ecsv
# %ECSV 1.0
# ---
# datatype:
# - {name: mass, unit: TeV, datatype: float64}
# - {name: radius, unit: 1 / GeV, datatype: float64}
# schema: astropy-2.0
# meta: !!omap
# - data_type: table
# - reference_id: 2023ApJ...945..101A
# - file_id: 1
# - telescope: veritas
mass radius
[from data line 428]
2295.4131265091837 3.7326444534504004
2309.210180394618 3.7547744625222688
2323.0901643172247 3.7770326068654754
2337.0535767451 3.799419646518331
2351.1009191424705 3.8219363459178175
2365.232695987726 3.844583473925594
2379.4494147915266 3.8649967542008308
2393.751586115023 3.8837033983345086
2408.139723588208 3.9024981384919624
2422.6143439283514 3.921381403976106
2437.1759669585513 3.940353626094439
2451.8251156264187 3.9594152381687837
2466.5623160228474 3.9785666755453244
2481.3880974009026 3.9978083756045146
2496.302992194841 4.017140777771046
2511.3075360392254 4.036564323524014
2526.4022677881508 4.056079456406885
2541.5877295346236 4.075686622037772
2556.8644666299933 4.095386268119572
2572.2330277035676 4.115178844450158
2587.693964682303 4.135064802932798
2603.2478328106185 4.155044597586345
2618.8951906703533 4.175118684555744
2634.636600200817 4.195287522122423
2650.4726267189644 4.215551570714718
2666.40383893971 4.235911292918519
2682.4308089963497 4.256367153487722
2698.5541124610913 4.276919619354968
2714.7743283657587 4.297569159642277
2731.0920392225453 4.31831624567172
2747.507831044966 4.339161350976315
2764.022293368892 4.360104951310719
2780.63601927371 4.381147524662239
2797.3496054036445 4.402289551261628
2814.16365198917 4.423531513594178
2831.0787628685634 4.444873896410703
2848.095545509605 4.466317186738561
2865.2146110313834 4.487861873892916
2882.436574226238 4.509508449487771
2899.7620535818514 4.531257407447341
2917.191671303455 4.553109244017275
2934.7260533361614 4.575064457775954
2952.3658293874746 4.5971235496460015
2970.111632949866 4.619287022905588
2987.964101323556 4.641555383200062
3005.9238756393884 4.663929138553447
3023.9916008818477 4.686408799379986
3042.16792591224 4.708994878495946
3060.4535034919863 4.731687891131171
3078.848990306054 4.754488354941011
3097.355046986562 4.777396790017998
3115.9723381364934 4.800413718903847
3134.701532353552 4.823539666601353
3153.5433022542097 4.846775160586305
3172.498324497815 4.870120730819687
3191.567279810932 4.893576909759615
3210.750853011761 4.9171442323736345
3230.0497330347525 4.940823236150888
3249.4646129553353 4.964614461114321
3268.9961900148155 4.988518449833156
3288.6451656454014 5.0125357474351215
3308.4122454954145 5.036666901619041
3328.2981394546205 5.060912462667281
3348.3035616797138 5.0852729834582435
3368.429230619986 5.10974901947915
3388.6758690431116 5.134341128838538
3409.0442040611138 5.159049872279186
3429.5349671564613 5.183875813190741
3450.1488942083597 5.208819517622718
3470.8867255191653 5.233881554297377
3491.749205840977 5.2590624946226265
3512.7370844023703 5.284362912705195
3533.8511149353226 5.30978338536368
3555.092055702274 5.335324492141642
3576.4606695233465 5.360986815320984
3597.95772380376 5.386770939935064
3619.5839905613784 5.41267745378221
3641.340246454442 5.4387069474390595
3663.227272809444 5.464860014273967
3685.245855649213 5.491137250460716
3707.39678572113 5.517539254991927
3729.680858525515 5.544066629692914
3752.0988743442176 5.570719979235238
3774.651638269343 5.59749991115066
3797.3399602321724 5.62440703584493
3820.164655032234 5.651441966611654
3843.126542366588 5.678605319646442
3866.226446859255 5.705897714060781
3889.4651980908125 5.733319771896351
3912.8436306282183 5.7608721181390194
3936.362584054762 5.7885553807332695
3960.0229030002256 5.816370190596458
3983.8254371712005 5.844317181633125
4007.771041381626 5.872396990749608
4031.8605755834797 5.900610257868489
4056.0949048976418 5.928957625943125
4080.4748996449944 5.957439740972482
4105.001435377659 5.986057252015671
4129.675392910446 6.01481081120695
4154.497658352475 6.043701073770399
4179.469123139017 6.072728698035041
4204.5906840635 6.101894345449773
4229.8632433097 6.131198680598389
4255.287708484168 6.160642371214892
4280.86499264881 6.190226088198541
4306.596014353677 6.219950505629316
4332.481697669946 6.249816300783213
4358.522972223126 6.279824154147611
4384.720773226429 6.309974749436976
4411.0760415143595 6.340268773608234
4437.589723576493 6.370706916876626
4464.262771591486 6.4012898727313585
4491.096143461262 6.432018337951344
4518.090802845398 6.462893012621266
4545.24771919576 6.493914600147333
4572.567867791298 6.525083807273502
4600.052229773084 6.556401344097505
4627.701792179526 6.587867924086965
4655.517547981842 6.6194842640958464
4683.500496119711 6.651251084380579
4711.65164153713 6.6831691086166956
4739.9719952185305 6.715239063915116
4768.462574225075 6.747461680838905
4797.124401731182 6.779837693419852
4825.958507061258 6.8123678391751135
4854.965925726691 6.845052859124221
4884.147699463024 6.87789349780575
4913.50487626735 6.910890503294484
4943.038510435979 6.9440446272183864
4972.749662602285 6.97735662477564
5002.6393997748 7.010827254752064
5032.7087953755145 7.04445727953818
5062.95892927846 7.078247465146783
5093.39088784847 7.1121985812303175
5124.0057639802 7.146311401098337
5154.80465713736 7.1805867017353195
5185.788673392229 7.21502526381815
5216.95892546536 7.249627871734143
5248.316532765531 7.284395313598685
5279.862621429967 7.3193283812734
5311.5983243647715 7.3544278703841055
5343.524781285619 7.389694580338853
5375.643138758663 7.42512931434636
5407.954550241745 7.460732879434057
5440.460176125804 7.496506086466718
5473.1611837765295 7.532449750164811
5506.058747576323 7.5685646891229945
5539.154048966445 7.604851725828981
5572.44827648946 7.641311686682024
5605.9426258318945 7.67794540201197
5639.638299867212 7.713497496047772
5673.536508698996 7.747850467423569
5707.6384697043895 7.782355470745122
5741.945407577849 7.8170131845811675
5776.458554375106 7.851824290494698
5811.179149557418 7.8867894730564005
5846.108440036067 7.921909419858078
5881.247680217167 7.957184821526332
5916.598132046701 7.992616371735944
5952.161065055818 8.028204767223674
5987.937756406465 8.063950707801942
6023.929490937231 8.099854896372596
6060.1375612094935 8.135918038940744
6096.56326755382 8.172140844628665
6133.207918116704 8.208524025689751
6170.07282890752 8.245068297522524
6207.15932384577 8.281774378684704
6244.468734808668 8.318642990907456
6282.002401678942 8.35567485910941
6319.76167239297 8.392870711411058
6357.7479029891565 8.430231279149051
6395.962457656678 8.467757296890582
6434.406708784444 8.505449502447856
6473.082037010396 8.543308636892592
6511.989831271063 8.581335444570625
6551.131488851486 8.619530673116497
6590.508415435376 8.657895073468357
6630.122025155574 8.696429399882348
6669.973740644879 8.735134409947944
6710.064993087111 8.77401086460246
6750.397222268523 8.813059528146203
6790.971876629478 8.85228116825748
6831.79041331651 8.891676556007699
6872.854298234633 8.931246465876532
6914.165006099963 8.970991675767168
6955.724020492725 9.010912967021602
6997.532833910498 9.05101112443598
7039.592947821838 9.09128693627618
7081.905872720159 9.131741194293099
7124.473128178034 9.172374693738384
7167.296242901739 9.21318823338002
7210.376754786132 9.254182615518072
7253.716210969926 9.295358646000436
7297.316167891224 9.336717134238718
7341.17819134343 9.37825889322414
7385.303856531446 9.419984739543539
7429.694748128295 9.461895493395383
7474.352460331992 9.503991978606066
7519.278596922819 9.546275022645887
7564.474771320885 9.588745456645459
7609.942606644117 9.631404115412037
7655.683735766527 9.674251837445937
7701.69980137683 9.717289464957005
7747.992456037481 9.760517843881228
7794.563362243999 9.803937823897312
7841.41419248468 9.847550258443452
7888.546629300633 9.891356004734025
7935.9623653462495 9.93535592377665
7983.6631034499715 9.979550880388862
8031.650556675418 10.023941743215275
8079.926448382952 10.068529384744643
8128.492512291544 10.113314681326994
8177.350492541047 10.158298513190896
8226.5021437548 10.203481764460731
8275.949231102697 10.248865323174115
8325.693530364542 10.294450081299333
8375.736827993813 10.340236934752863
8426.080921181852 10.386226783417136
8476.727617922388 10.432420531158003
8527.678737076474 10.478819085842664
8578.93610843778 10.525423359357477
8630.50157279835 10.572234267625896
8682.37698201469 10.619252730626474
8734.564199074248 10.66647967241096
8787.065098162362 10.713916021122463
8839.881564729545 10.761562709013656
8893.015495559204 10.809420672465292
8946.46879883573 10.85749085200434
9000.243394213072 10.90577419232266
9054.341212883659 10.954271642295533
9108.764197647724 11.002984155000314
9163.514302983125 11.051912687735177
9218.593495115503 11.101058202037928
9274.003752088918 11.150421663704918
9329.747063836838 11.200004042810022
9385.825432253667 11.249806313723678
9442.240871266598 11.299829455132212
9498.99540690796 11.350074450056821
9556.091077387937 11.400542285873065
9613.529933167822 11.451233954330245
9671.314037033631 11.502150451570893
9729.445464170156 11.553292778150361
9787.926302235534 11.604661939056484
9846.7586514362 11.65625894372935
9905.944624602318 11.708084806081128
9965.48634726363 11.760140544515963
10025.385957725844 11.812427181950234
10085.645607147353 11.864945745832133
10146.267459616598 11.917697268162534
10207.253692229657 11.970682785514756
10268.606495168497 12.023903339055169
10330.328071779682 12.077359974563638
10392.420638653392 12.131053742454043
10454.886425703065 12.184985697794962
10517.727676245571 12.239156900330388
10580.946647081628 12.293568414500566
10644.545608576918 12.348221309462872
10708.52684474367 12.40311665911303
10772.892653322664 12.458255542105904
10837.645345865589 12.513639041876921
10902.787247818324 12.56926824666331
10968.3206986043 12.625144249525475
11034.248051708491 12.681268148368515
11100.571674761977 12.737641045963723
11167.29394962704 12.794264049970527
11234.417272482566 12.851138272957751
11301.94405391017 12.90826483242594
11369.876718980839 12.965644850829285
11438.21770734187 13.023279455597407
11506.96947330457 13.081169779157737
11576.13448593246 13.139316958957721
11645.715229129803 13.197722137487169
11715.714201730882 13.256386462300721
11786.133917589808 13.315311086040385
11856.976905670665 13.37449716645821
11928.24571013839 13.433945866438965
11999.942890450224 13.493658354023227
12072.07102144748 13.553635802430012
12144.632693448086 13.613879390080037
12217.630512339681 13.674390300618839
12291.06709967306 13.735169722940025
12364.945092756387 13.796218851208648
12439.267144749956 13.857538884884681
12514.035924761462 13.919131028746557
12589.254117941662 13.980996492914894
