2022/2022ApJ...932..129A/MW-000023-sed.ecsv
# %ECSV 0.9
# ---
# datatype:
# - {name: e_ref, unit: Hz, datatype: float64}
# - {name: de_min, unit: Hz, datatype: float64}
# - {name: de_max, unit: Hz, datatype: float64}
# - {name: de, unit: Hz, datatype: float64}
# - {name: e2dnde, unit: erg cm-2 s-1, datatype: float64}
# - {name: e2dnde_errn, unit: erg cm-2 s-1, datatype: float64}
# - {name: e2dnde_errp, unit: erg cm-2 s-1, datatype: float64}
# - {name: e2dnde_err, unit: erg cm-2 s-1, datatype: float64}
# - {name: observatory, datatype: string}
# meta: !!omap
# - data_type: sed
# - source_id: 23
# - reference_id: 2022ApJ...932..129A
# - file_id: 1
# - telescope: veritas
# - mjd: {min: 56580.0, max: 56628.5}
# - comments: |
#      Figure 9; BB1
e_ref de_min de_max de e2dnde e2dnde_errn e2dnde_errp e2dnde_err observatory
2.855658e+25 4.376579999999999e+24 5.609760000000005e+24 4.993170000000001e+24 4.8044850974454994e-11 2.9944232700358e-12 2.9944232700358e-12 2.9944232700358e-12 VERITAS
4.035642e+25 6.19008e+24 7.882679999999999e+24 7.036379999999999e+24 3.6194461788370704e-11 1.8431951564238096e-12 1.8431951564238096e-12 1.8431951564238096e-12 VERITAS
5.699226e+25 8.753159999999998e+24 1.1146980000000006e+25 9.950070000000002e+24 2.6257282486773498e-11 1.55763540175775e-12 1.55763540175775e-12 1.55763540175775e-12 VERITAS
8.051939999999999e+25 1.2380159999999984e+25 1.574118000000002e+25 1.4060670000000002e+25 1.7943965942129992e-11 1.3253661973097997e-12 1.3253661973097997e-12 1.3253661973097997e-12 VERITAS
1.1371854e+26 1.745796e+25 2.2245600000000016e+25 1.985178000000001e+25 8.752971335641909e-12 1.077288779771312e-12 1.077288779771312e-12 1.077288779771312e-12 VERITAS
1.6065192000000002e+26 2.468777999999998e+25 3.140982e+25 2.804879999999999e+25 5.424543634757103e-12 9.9013834271968e-13 9.9013834271968e-13 9.9013834271968e-13 VERITAS
2.269293e+26 3.486756000000001e+25 4.43703e+25 3.961893000000001e+25 3.1045583744615003e-12 9.412456526208274e-13 9.412456526208274e-13 9.412456526208274e-13 VERITAS
3.2062679999999994e+26 4.932719999999995e+25 6.260202000000003e+25 5.596460999999999e+25 1.2958462471031992e-12 9.042753159133196e-13 9.042753159133196e-13 9.042753159133196e-13 VERITAS
4.4737620425490446e+22 2.0557620425490447e+22 1.342144017007441e+23 7.738601106311726e+22 2.2373350494643115e-11 1.7826595241435138e-12 1.7826595241435138e-12 1.7826595241435138e-12 Fermi-LAT
3.310954359080831e+23 1.521434137818486e+23 9.93297708139408e+23 5.727205609606282e+23 6.858070260674496e-11 5.273907845475079e-12 5.273907845475079e-12 5.273907845475079e-12 Fermi-LAT
2.4503803876145e+24 1.125987243567008e+24 7.351225535355726e+24 4.238606389461367e+24 1.0268251378088949e-10 1.476900107414277e-11 1.476900107414277e-11 1.476900107414277e-11 Fermi-LAT
1.813484389338631e+25 8.333237970416083e+24 5.440515610661364e+25 3.136919703851486e+25 9.515858623722942e-11 3.9731235783341633e-11 3.9731235783341633e-11 3.9731235783341633e-11 Fermi-LAT
1.4507999855875968e+17 1.2089995676279068e+16 1.2089995676279068e+16 1.2089995676279068e+16 1.5131082238334676e-11 1.2023372075756186e-12 1.2023372075756186e-12 1.2023372075756186e-12 Swift-XRT
1.6442399452328682e+17 7254000288248062.0 7254000288248062.0 7254000288248062.0 1.8168557462123963e-11 1.3486490338871626e-12 1.3486490338871626e-12 1.3486490338871626e-12 Swift-XRT
1.7651399740576746e+17 4836002594232559.0 4836002594232559.0 4836002594232559.0 1.9050804779460033e-11 1.4725429140216147e-12 1.4725429140216147e-12 1.4725429140216147e-12 Swift-XRT
1.861860025942325e+17 4836002594232559.0 4836002594232559.0 4836002594232559.0 1.7945612873151763e-11 1.307516323335982e-12 1.307516323335982e-12 1.307516323335982e-12 Swift-XRT
1.946490017294884e+17 3626996541023255.0 3626996541023255.0 3626996541023255.0 1.7620265119063703e-11 1.3997543202647446e-12 1.3997543202647446e-12 1.3997543202647446e-12 Swift-XRT
2.0190300201773645e+17 3627003747224808.0 3627003747224808.0 3627003747224808.0 1.8067519894320832e-11 1.355624031539955e-12 1.355624031539955e-12 1.355624031539955e-12 Swift-XRT
2.091570023059845e+17 3626996541023255.0 3626996541023255.0 3626996541023255.0 1.7077772183506265e-11 1.21017470263203e-12 1.21017470263203e-12 1.21017470263203e-12 Swift-XRT
2.164110025942325e+17 3627003747224808.0 3627003747224808.0 3627003747224808.0 1.8034672301099828e-11 1.2421426663664818e-12 1.2421426663664818e-12 1.2421426663664818e-12 Swift-XRT
2.236650028824806e+17 3626996541023255.0 3626996541023255.0 3626996541023255.0 1.6280375850438696e-11 1.1429765851850013e-12 1.1429765851850013e-12 1.1429765851850013e-12 Swift-XRT
2.3091900317072867e+17 3627003747224808.0 3627003747224808.0 3627003747224808.0 1.6376918777395743e-11 1.1042009439905163e-12 1.1042009439905163e-12 1.1042009439905163e-12 Swift-XRT
2.36964004611969e+17 2417997694015503.0 2417997694015503.0 2417997694015503.0 1.905400527304436e-11 1.415043191220413e-12 1.415043191220413e-12 1.415043191220413e-12 Swift-XRT
2.418e+17 2417997694015503.0 2417997694015503.0 2417997694015503.0 1.6550611224931302e-11 1.291146883307602e-12 1.291146883307602e-12 1.291146883307602e-12 Swift-XRT
2.46635995388031e+17 2417997694015503.0 2417997694015503.0 2417997694015503.0 1.9002217559681992e-11 1.3565085519002362e-12 1.3565085519002362e-12 1.3565085519002362e-12 Swift-XRT
2.51471990776062e+17 2417997694015503.0 2417997694015503.0 2417997694015503.0 1.6832176365408297e-11 1.2532034658995331e-12 1.2532034658995331e-12 1.2532034658995331e-12 Swift-XRT
2.5630800057649613e+17 2418012106418609.0 2418012106418609.0 2418012106418609.0 1.4479762123775755e-11 1.1445171590525859e-12 1.1445171590525859e-12 1.1445171590525859e-12 Swift-XRT
2.6114401037693024e+17 2417997694015503.0 2417997694015503.0 2417997694015503.0 1.5913433938066304e-11 1.1818090748013485e-12 1.1818090748013485e-12 1.1818090748013485e-12 Swift-XRT
2.6598000576496125e+17 2417997694015503.0 2417997694015503.0 2417997694015503.0 1.4529730595947054e-11 1.1167148402423464e-12 1.1167148402423464e-12 1.1167148402423464e-12 Swift-XRT
2.7081600115299226e+17 2417997694015503.0 2417997694015503.0 2417997694015503.0 1.7379489801020633e-11 1.206791806466826e-12 1.206791806466826e-12 1.206791806466826e-12 Swift-XRT
2.756519965410233e+17 2417997694015503.0 2417997694015503.0 2417997694015503.0 1.54837940583616e-11 1.12961094914387e-12 1.12961094914387e-12 1.12961094914387e-12 Swift-XRT
2.8048799192905427e+17 2417997694015503.0 2417997694015503.0 2417997694015503.0 1.7579924562512915e-11 1.1930086650634414e-12 1.1930086650634414e-12 1.1930086650634414e-12 Swift-XRT
2.853240017294884e+17 2418012106418609.0 2418012106418609.0 2418012106418609.0 1.6442413131604216e-11 1.1487046721900445e-12 1.1487046721900445e-12 1.1487046721900445e-12 Swift-XRT
2.901600115299225e+17 2417997694015503.0 2417997694015503.0 2417997694015503.0 1.5179185742485154e-11 1.0988981785962594e-12 1.0988981785962594e-12 1.0988981785962594e-12 Swift-XRT
2.949960069179535e+17 2417997694015503.0 2417997694015503.0 2417997694015503.0 1.534952908842306e-11 1.1008967219710876e-12 1.1008967219710876e-12 1.1008967219710876e-12 Swift-XRT
2.998320023059845e+17 2417997694015503.0 2417997694015503.0 2417997694015503.0 1.7396375262276322e-11 1.1702799705225763e-12 1.1702799705225763e-12 1.1702799705225763e-12 Swift-XRT
3.046679976940155e+17 2417997694015503.0 2417997694015503.0 2417997694015503.0 1.7219031217270196e-11 1.1651508051234907e-12 1.1651508051234907e-12 1.1651508051234907e-12 Swift-XRT
3.095039930820465e+17 2417997694015503.0 2417997694015503.0 2417997694015503.0 1.7270051606172654e-11 1.1690614601048999e-12 1.1690614601048999e-12 1.1690614601048999e-12 Swift-XRT
3.143399884700775e+17 2417997694015503.0 2417997694015503.0 2417997694015503.0 1.5861495360799078e-11 1.1149067919564845e-12 1.1149067919564845e-12 1.1149067919564845e-12 Swift-XRT
3.191759982705116e+17 2418012106418609.0 2418012106418609.0 2418012106418609.0 1.696981814004105e-11 1.163061578015535e-12 1.163061578015535e-12 1.163061578015535e-12 Swift-XRT
3.240120080709457e+17 2417997694015503.0 2417997694015503.0 2417997694015503.0 1.6309316900940155e-11 1.1457326062238448e-12 1.1457326062238448e-12 1.1457326062238448e-12 Swift-XRT
3.288480034589768e+17 2417997694015503.0 2417997694015503.0 2417997694015503.0 1.4653455031545363e-11 1.0909914579242915e-12 1.0909914579242915e-12 1.0909914579242915e-12 Swift-XRT
3.3368399884700774e+17 2417997694015503.0 2417997694015503.0 2417997694015503.0 1.6236255552753208e-11 1.1546885963814738e-12 1.1546885963814738e-12 1.1546885963814738e-12 Swift-XRT
3.385199942350388e+17 2417997694015503.0 2417997694015503.0 2417997694015503.0 1.701021737522195e-11 1.1868869160811056e-12 1.1868869160811056e-12 1.1868869160811056e-12 Swift-XRT
3.4335598962306976e+17 2417997694015503.0 2417997694015503.0 2417997694015503.0 1.3180935324585482e-11 1.0514716513881954e-12 1.0514716513881954e-12 1.0514716513881954e-12 Swift-XRT
3.481919994235039e+17 2418012106418609.0 2418012106418609.0 2418012106418609.0 1.561562131342481e-11 1.150482577519271e-12 1.150482577519271e-12 1.150482577519271e-12 Swift-XRT
3.53028009223938e+17 2417997694015503.0 2417997694015503.0 2417997694015503.0 1.5685895651020667e-11 1.1625302687834227e-12 1.1625302687834227e-12 1.1625302687834227e-12 Swift-XRT
3.57864004611969e+17 2417997694015503.0 2417997694015503.0 2417997694015503.0 1.5234657659364312e-11 1.1533269837050145e-12 1.1533269837050145e-12 1.1533269837050145e-12 Swift-XRT
3.627e+17 2417997694015503.0 2417997694015503.0 2417997694015503.0 1.4727993023788485e-11 1.1460735141118489e-12 1.1460735141118489e-12 1.1460735141118489e-12 Swift-XRT
3.67535995388031e+17 2417997694015503.0 2417997694015503.0 2417997694015503.0 1.5472073242890462e-11 1.1867489705387276e-12 1.1867489705387276e-12 1.1867489705387276e-12 Swift-XRT
3.72371990776062e+17 2417997694015503.0 2417997694015503.0 2417997694015503.0 1.529987025677279e-11 1.1948182067156953e-12 1.1948182067156953e-12 1.1948182067156953e-12 Swift-XRT
3.784169994235039e+17 3627010953426361.0 3627010953426361.0 3627010953426361.0 1.4049421906899303e-11 9.496172614368598e-13 9.496172614368598e-13 9.496172614368598e-13 Swift-XRT
3.856710069179535e+17 3626996541023255.0 3626996541023255.0 3626996541023255.0 1.4312630354712508e-11 9.77147783532447e-13 9.77147783532447e-13 9.77147783532447e-13 Swift-XRT
3.9171600115299226e+17 2417997694015503.0 2417997694015503.0 2417997694015503.0 1.6028602403349435e-11 1.2843740873317837e-12 1.2843740873317837e-12 1.2843740873317837e-12 Swift-XRT
3.97760995388031e+17 3626996541023255.0 3626996541023255.0 3626996541023255.0 1.3119891067096774e-11 9.633292178210546e-13 9.633292178210546e-13 9.633292178210546e-13 Swift-XRT
4.0380598962306976e+17 2417997694015503.0 2417997694015503.0 2417997694015503.0 1.6310495268897978e-11 1.3340338436844852e-12 1.3340338436844852e-12 1.3340338436844852e-12 Swift-XRT
4.086419994235039e+17 2418012106418609.0 2418012106418609.0 2418012106418609.0 1.7094754012254752e-11 1.380223935640692e-12 1.380223935640692e-12 1.380223935640692e-12 Swift-XRT
4.146870080709457e+17 3626996541023255.0 3626996541023255.0 3626996541023255.0 1.4885247189128788e-11 1.0690096890297067e-12 1.0690096890297067e-12 1.0690096890297067e-12 Swift-XRT
4.2194100115299226e+17 3626996541023255.0 3626996541023255.0 3626996541023255.0 1.3924783520716096e-11 1.0549404201416999e-12 1.0549404201416999e-12 1.0549404201416999e-12 Swift-XRT
4.291949942350388e+17 3626996541023255.0 3626996541023255.0 3626996541023255.0 1.4290431909920851e-11 1.094737707935683e-12 1.094737707935683e-12 1.094737707935683e-12 Swift-XRT
4.364490017294884e+17 3627010953426361.0 3627010953426361.0 3627010953426361.0 1.3734905453293835e-11 1.1036148322326348e-12 1.1036148322326348e-12 1.1036148322326348e-12 Swift-XRT
4.449120080709457e+17 4835995388031006.0 4835995388031006.0 4835995388031006.0 1.3202592604775465e-11 9.72476627781846e-13 9.72476627781846e-13 9.72476627781846e-13 Swift-XRT
4.545839988470077e+17 4835995388031006.0 4835995388031006.0 4835995388031006.0 1.3070624650590875e-11 9.928383034194096e-13 9.928383034194096e-13 9.928383034194096e-13 Swift-XRT
4.642560040354729e+17 4836009800434113.0 4836009800434113.0 4836009800434113.0 1.2267113372971931e-11 9.843189609857663e-13 9.843189609857663e-13 9.843189609857663e-13 Swift-XRT
4.73928009223938e+17 4835995388031006.0 4835995388031006.0 4835995388031006.0 1.2600594021909598e-11 1.0105210376997482e-12 1.0105210376997482e-12 1.0105210376997482e-12 Swift-XRT
4.836e+17 4835995388031006.0 4835995388031006.0 4835995388031006.0 1.3991875177669956e-11 1.0752970288040859e-12 1.0752970288040859e-12 1.0752970288040859e-12 Swift-XRT
4.93271990776062e+17 4835995388031006.0 4835995388031006.0 4835995388031006.0 1.3639200521396068e-11 1.0741549074008155e-12 1.0741549074008155e-12 1.0741549074008155e-12 Swift-XRT
5.02943981552124e+17 4835995388031006.0 4835995388031006.0 4835995388031006.0 1.3107904288981553e-11 1.0671036172354208e-12 1.0671036172354208e-12 1.0671036172354208e-12 Swift-XRT
5.13825e+17 6045023059844971.0 6045023059844971.0 6045023059844971.0 1.3786511993237955e-11 9.995760750402328e-13 9.995760750402328e-13 9.995760750402328e-13 Swift-XRT
5.259150172948837e+17 6044994235038757.0 6044994235038757.0 6044994235038757.0 1.1967492853893384e-11 9.66250820264007e-13 9.66250820264007e-13 9.66250820264007e-13 Swift-XRT
5.39214004611969e+17 7253993082046509.0 7253993082046509.0 7253993082046509.0 1.1825352933408454e-11 9.315524593935057e-13 9.315524593935057e-13 9.315524593935057e-13 Swift-XRT
5.53721990776062e+17 7253993082046509.0 7253993082046509.0 7253993082046509.0 1.2886694907213091e-11 1.0441679608429464e-12 1.0441679608429464e-12 1.0441679608429464e-12 Swift-XRT
5.682300057649612e+17 7254021906852722.0 7254021906852722.0 7254021906852722.0 1.3920906182242415e-11 1.1379380683649983e-12 1.1379380683649983e-12 1.1379380683649983e-12 Swift-XRT
5.839470196008682e+17 8462991929054259.0 8462991929054259.0 8462991929054259.0 1.2940489444391304e-11 1.0353076030896676e-12 1.0353076030896676e-12 1.0353076030896676e-12 Swift-XRT
6.008730034589768e+17 8462991929054259.0 8462991929054259.0 8462991929054259.0 1.3586617779038971e-11 1.068879731029271e-12 1.068879731029271e-12 1.068879731029271e-12 Swift-XRT
6.214259838581085e+17 1.2089988470077514e+16 1.2089988470077514e+16 1.2089988470077514e+16 9.561047495453918e-12 7.602901531923427e-13 7.602901531923427e-13 7.602901531923427e-13 Swift-XRT
6.44396990776062e+17 1.0881018447875976e+16 1.0881018447875976e+16 1.0881018447875976e+16 1.0755346705764967e-11 8.70982444928216e-13 8.70982444928216e-13 8.70982444928216e-13 Swift-XRT
6.661589988470077e+17 1.0880989623069764e+16 1.0880989623069764e+16 1.0880989623069764e+16 1.1921164507207988e-11 9.449825847417365e-13 9.449825847417365e-13 9.449825847417365e-13 Swift-XRT
6.879210069179535e+17 1.0881018447875976e+16 1.0881018447875976e+16 1.0881018447875976e+16 1.2003516215499393e-11 9.652134189859164e-13 9.652134189859164e-13 9.652134189859164e-13 Swift-XRT
7.10892013835907e+17 1.2089988470077514e+16 1.2089988470077514e+16 1.2089988470077514e+16 1.1049898719497488e-11 8.890244697354223e-13 8.890244697354223e-13 8.890244697354223e-13 Swift-XRT
7.374899884700776e+17 1.4507986164093018e+16 1.4507986164093018e+16 1.4507986164093018e+16 1.0058639102262644e-11 7.895144959338046e-13 7.895144959338046e-13 7.895144959338046e-13 Swift-XRT
7.713419850111008e+17 1.934401037693024e+16 1.934401037693024e+16 1.934401037693024e+16 7.680203319104879e-12 6.175719823303283e-13 6.175719823303283e-13 6.175719823303283e-13 Swift-XRT
8.06403009223938e+17 1.5717013835906982e+16 1.5717013835906982e+16 1.5717013835906982e+16 9.882618328877908e-12 8.031717865028221e-13 8.031717865028221e-13 8.031717865028221e-13 Swift-XRT
8.402550057649613e+17 1.813498270511627e+16 1.813498270511627e+16 1.813498270511627e+16 9.012952900435504e-12 7.371685532837644e-13 7.371685532837644e-13 7.371685532837644e-13 Swift-XRT
8.777339988470077e+17 1.934401037693024e+16 1.934401037693024e+16 1.934401037693024e+16 9.167322438663039e-12 7.446180471462869e-13 7.446180471462869e-13 7.446180471462869e-13 Swift-XRT
9.17631018447876e+17 2.0553009223937988e+16 2.0553009223937988e+16 2.0553009223937988e+16 9.292160066250586e-12 7.58554017905747e-13 7.58554017905747e-13 7.58554017905747e-13 Swift-XRT
9.659910299777984e+17 2.7807002305984496e+16 2.7807002305984496e+16 2.7807002305984496e+16 7.686772880994184e-12 6.257738052810692e-13 6.257738052810692e-13 6.257738052810692e-13 Swift-XRT
1.0216050345897674e+18 2.7807002305984496e+16 2.7807002305984496e+16 2.7807002305984496e+16 8.730184086772522e-12 7.130839059920548e-13 7.130839059920548e-13 7.130839059920548e-13 Swift-XRT
1.0856820023059844e+18 3.626996541023254e+16 3.626996541023254e+16 3.626996541023254e+16 7.954095881749609e-12 6.475363490704782e-13 6.475363490704782e-13 6.475363490704782e-13 Swift-XRT
1.1727299769401551e+18 5.077800922393799e+16 5.077800922393799e+16 5.077800922393799e+16 7.1307230345103615e-12 5.826054641757765e-13 5.826054641757765e-13 5.826054641757765e-13 Swift-XRT
1.3057199654102326e+18 8.221197924613952e+16 8.221197924613952e+16 8.221197924613952e+16 6.425016729560809e-12 5.258458738312299e-13 5.258458738312299e-13 5.258458738312299e-13 Swift-XRT
1.554773958492279e+18 1.6684201383590698e+17 1.6684201383590698e+17 1.6684201383590698e+17 6.497631120377093e-12 5.346543432096746e-13 5.346543432096746e-13 5.346543432096746e-13 Swift-XRT
865194805194805.2 0.0 0.0 0.0 4.097042252140944e-11 9.659384715475577e-13 9.659384715475577e-13 9.659384715475577e-13 Swift-UVOT
1153038461538461.5 0.0 0.0 0.0 3.8664188146967176e-11 1.4232899136501583e-12 1.4232899136501583e-12 1.4232899136501583e-12 Swift-UVOT
682581967213114.8 0.0 0.0 0.0 5.1596316366795104e-11 1.3518498172022795e-12 1.3518498172022795e-12 1.3518498172022795e-12 Swift-UVOT
548262618873445.5 0.0 0.0 0.0 4.929497280928186e-11 1.4735804133649483e-12 1.4735804133649483e-12 1.4735804133649483e-12 Swift-UVOT
