2016/2016AJ....151..142A/VER-Table4.ecsv
# %ECSV 0.9
# ---
# datatype:
# - {name: Name---, datatype: string}
# - {name: sigma---, datatype: float64}
# - {name: CntON---, datatype: int}
# - {name: CntOFF---, datatype: int}
# - {name: alpha---, datatype: float64}
# - {name: EthTeV, datatype: float64}
# - {name: EdecTeV, datatype: float64}
# - {name: UL-Edec10-12/cm2/s/TeV, datatype: float64}
# - {name: UL-EthCrab, datatype: float64}
# - {name: UL/Phi1---, datatype: string}
# - {name: UL/Phi2---, datatype: float64}
# - {name: z1---, datatype: float64}
# - {name: z2---, datatype: float64}
# schema: astropy-2.0
Name--- sigma--- CntON--- CntOFF--- alpha--- EthTeV EdecTeV UL-Edec10-12/cm2/s/TeV UL-EthCrab UL/Phi1--- UL/Phi2--- z1--- z2---
"RBS 0042" 0.02 1239 6455 0.192 0.182 0.345 8.7 2.2 0.2 "" 0.1 ""
"RBS 0082" 0.16 1680 9062 0.185 0.166 0.264 16.9 1.8 45.0 "" "" ""
"1ES 0037+405" 1.5 7515 64132 0.115 0.166 0.322 29.3 6.3 --- "" "" ""
"1RXS J0045.3+2127" 2.04 224 1116 0.172 0.166 0.297 54.6 8.9 3.0 14.8 0.1 0.5
"RGB J0110+418" -0.02 801 4810 0.167 0.182 0.299 22.4 3.4 --- "" "" ""
"1ES 0120+340" 1.47 1174 5215 0.214 0.166 0.283 24.6 3.4 1.4 "" "" ""
"QSO 0133+476" 1.24 114 496 0.202 0.417 0.728 11.8 17.4 1.9e4 "" "" ""
"B2 0200+30" 1.38 495 2775 0.167 0.151 0.273 51.9 6.9 59.6 "" "" ""
"CGRaBS J0211+1051" 1.01 977 5659 0.167 0.2 0.318 20.8 3.6 3.4 "" "" ""
"RGB J0214+517" 0.33 1113 5877 0.187 0.182 0.336 15.9 3.7 --- "" "" ""
"RBS 0298" 1.76 606 3245 0.173 0.24 0.435 21.5 9.2 --- "" "" ""
"RBS 0319" -0.52 61 393 0.167 0.219 0.351 38.4 8.6 44.9 "" "" ""
"AO 0235+16" 0.63 704 4116 0.167 0.182 0.311 18.7 3.2 9.6 "" "" ""
"RGB J0250+172" -0.06 1274 5637 0.226 0.166 0.316 13.5 2.7 1.4 "" "" ""
"2FGL J0312.8+2013" -0.36 2124 9046 0.238 0.166 0.257 10.0 1.0 0.5 0.6 0.1 0.5
"RGB J0314+247" 1.07 691 3967 0.167 0.24 0.46 16.4 8.5 --- "" "" ""
"RGB J0314+063" 1.18 76 326 0.2 0.182 0.294 76.7 11.0 --- "" "" ""
"RGB J0321+236" 1.24 3065 17948 0.167 0.138 0.233 31.2 2.6 2.0 2.9 0.1 0.5
"B2 0321+33" -0.03 2190 8223 0.267 0.166 0.272 9.7 1.2 15.9 "" "" ""
"1FGL J0333.7+2919" 0.37 158 606 0.223 0.138 0.226 101.0 7.6 2.7 7.4 0.1 0.5
"1RXS J044127.8+150455" 1.83 2351 10636 0.212 0.182 0.338 17.5 4.1 --- "" "" ""
"2FGL J0423.3+5612" 0.67 283 1522 0.178 0.24 0.457 16.4 8.3 1.9 32.6 0.1 0.5
"1FGL J0423.8+4148" -0.22 240 1462 0.167 0.166 0.274 46.4 5.7 0.6 2.2 0.1 0.5
"1ES 0446+449" -1.49 1482 10866 0.142 0.219 0.363 4.7 1.2 --- "" "" ""
"RGB J0505+612" -1.5 2167 9896 0.227 0.219 0.377 4.1 1.2 0.6 5.7 0.1 0.5
"1FGL J0515.9+1528" -0.54 1149 6734 0.173 0.151 0.283 16.7 2.5 0.9 3.8 0.1 0.5
"2FGL J0540.4+5822" 0.43 226 1315 0.167 0.24 0.459 16.5 8.5 2.8 49.4 0.1 0.5
"RGB J0643+422" 0.46 240 1282 0.181 0.2 0.369 32.7 9.5 --- "" "" ""
"RGB J0656+426" 1.16 1960 9607 0.198 0.2 0.322 20.2 3.6 --- "" "" ""
"1ES 0735+178" -1.2 1259 6865 0.19 0.166 0.26 9.0 0.9 0.5 "" "" ""
"BZB J0809+3455" -0.24 252 1537 0.167 0.151 0.251 39.8 4.0 --- "" "" ""
"PKS 0829+046" -0.77 465 2465 0.196 0.24 0.379 10.1 2.7 0.6 "" "" ""
"Mrk 1218" 2.44 1589 8994 0.165 0.166 0.28 43.1 5.7 --- "" "" ""
"OJ 287" 0.97 2197 12966 0.166 0.182 0.296 17.4 2.6 3.1 "" "" ""
"B2 0912+29" 3.49 3466 19492 0.167 0.138 0.228 45.9 3.6 1.6 "" "" ""
"1ES 0927+500" -0.18 2378 11404 0.209 0.182 0.346 11.0 2.8 --- "" "" ""
"RBS 0831" -0.31 394 2403 0.167 0.166 0.297 29.5 4.8 --- "" "" ""
"RGB J1012+424" 0.18 270 1324 0.167 0.219 0.316 43.5 6.7 22.2 "" "" ""
"1ES 1028+511" 1.16 4610 27154 0.167 0.182 0.305 12.4 2.0 1.4 "" "" ""
"RGB J1037+571" -1.53 790 3798 0.221 0.2 0.331 5.7 1.1 2.5 "" 0.6 ""
"RGB J1053+494" -0.76 1397 8567 0.167 0.2 0.386 6.4 2.2 0.5 "" "" ""
"RBS 0921" 0.84 633 3534 0.173 0.24 0.354 20.1 4.2 --- "" "" ""
"RBS 0929" -0.62 923 4678 0.202 0.166 0.319 11.3 2.4 0.5 2.7 0.1 0.5
"1ES 1106+244" -1.65 200 1151 0.197 0.151 0.257 14.3 1.5 3.3 "" "" ""
"RX J1117.1+2014" 0.16 2545 12950 0.19 0.151 0.281 12.5 1.8 0.18 "" "" ""
"1ES 1118+424" 0.39 1685 9703 0.172 0.151 0.267 22.4 2.8 0.39 "" "" ""
"S4 1150+497" -0.53 749 4589 0.167 0.182 0.315 12.9 2.3 70.0 "" "" ""
"RGB J1231+287" 0.74 1258 6664 0.185 0.138 0.243 36.6 3.5 12.2 "" "" ""
"1ES 1239+069" -0.86 224 1429 0.167 0.24 0.369 8.7 2.1 --- "" "" ""
"PG 1246+586" 0.23 2123 12670 0.167 0.2 0.363 9.5 2.4 14.5 "" 0.73 ""
"1ES 1255+244" 2.24 5127 29732 0.167 0.166 0.315 12.4 2.5 --- "" "" ""
"BZB J1309+4305" 0.54 2359 14020 0.167 0.151 0.298 17.8 3.2 7.9 "" "" ""
"1FGL J1323.1+2942" 0.24 1781 14622 0.121 0.151 0.243 18.0 1.6 1.2 3.7 0.1 0.5
"RX J1326.2+2933" 1.36 1771 14150 0.127 0.166 0.256 17.8 1.7 --- "" "" ""
"RGB J1341+399" 0.0 381 2286 0.167 0.2 0.405 12.7 5.1 --- "" "" ""
"RGB J1351+112" 1.44 1715 8994 0.184 0.151 0.248 30.0 2.8 2.9 "" 0.62 ""
"RX J1353.4+5601" 0.65 569 3163 0.175 0.2 0.339 24.8 5.3 --- "" "" ""
"RBS 1350" 0.55 1387 8190 0.167 0.151 0.248 27.9 2.6 --- "" "" ""
"RBS 1366" 1.89 1789 9843 0.173 0.2 0.327 17.1 3.3 7.9 "" "" ""
"1ES 1421+582" 0.17 674 4016 0.167 0.219 0.378 13.2 3.8 --- "" "" ""
"RGB J1439+395" 0.8 404 2321 0.167 0.151 0.246 62.4 5.7 5.0 "" "" ""
"1RXS J144053.2+061013" -0.09 424 2556 0.167 0.2 0.343 13.8 3.1 16.7 "" "" ""
"RBS 1452" 0.03 1232 7474 0.165 0.151 0.254 25.9 2.7 0.5 "" "" ""
"RGB J1532+302" -0.56 812 3648 0.227 0.166 0.348 10.7 3.0 --- "" "" ""
"RGB J1533+189" -1.44 653 4460 0.167 0.151 0.293 8.5 1.5 --- "" "" ""
"1ES 1533+535" 0.54 191 973 0.188 0.182 0.324 41.7 8.9 --- "" "" ""
"RGB J1610+671B" -1.75 1318 6510 0.214 0.263 0.516 1.6 1.1 --- "" "" ""
"1ES 1627+402" -0.33 2191 13244 0.167 0.182 0.36 7.3 2.1 --- "" "" ""
"GB6 J1700+6830" -1.98 81 610 0.167 0.316 0.528 3.5 2.2 161 "" "" ""
"PKS 1717+177" 0.42 934 4343 0.212 0.182 0.29 19.3 2.6 3.1 "" 0.58 ""
"PKS 1725+045" -0.58 41 271 0.167 0.2 0.329 37.5 7.3 127 "" "" ""
"PKS 1749+096" -1.0 64 438 0.167 0.166 0.257 43.6 4.3 1.6 "" "" ""
"RGB J1838+480" 0.27 87 329 0.167 0.2 0.346 52.3 12.1 4.2 "" "" ""
"RGB J1903+556" 0.19 164 968 0.167 0.24 0.398 22.4 7.0 22.2 "" 0.58 ""
"1FGL J1926.8+6153" 0.62 231 1326 0.167 0.24 0.408 21.6 7.4 1.1 12.5 0.1 0.5
"PKS 2233-148" 0.06 32 190 0.167 0.501 0.829 7.8 15.0 1.4e3 "" 0.49 ""
"3C 454.3" -1.21 220 981 0.25 0.138 0.25 23.0 2.5 0.6 "" "" ""
"RGB J2322+346" -0.42 518 2926 0.181 0.182 0.296 19.2 2.8 1.4 "" "" ""
"1ES 2321+419" 2.05 992 3686 0.25 0.219 0.414 23.7 9.4 15.9 "" 0.5 ""
"B3 2322+396" -0.63 131 705 0.197 0.166 0.256 49.2 4.8 80 "" 1.05 ""
"1FGL J2329.2+3755" -0.13 847 5106 0.167 0.166 0.254 27.3 2.6 1.0 3.4 0.1 0.5
"1RXS J234332.5+343957" 0.8 341 1952 0.167 0.151 0.25 53.5 5.2 3.2 "" "" ""
